#Calcul du déplacement moyen
#Time	dqmoy	part_0
1	0.08352141336325311	0.08352141336325311
2	0.18951051092649335	0.18951051092649335
3	0.2922968618977462	0.2922968618977462
4	0.39149399204130475	0.39149399204130475
5	0.4880904921187992	0.4880904921187992
6	0.5857410340647924	0.5857410340647924
7	0.6891771626774943	0.6891771626774943
8	0.7964424380947668	0.7964424380947668
9	0.8995908317989394	0.8995908317989394
10	0.9975952204315142	0.9975952204315142
11	1.0907153308570963	1.0907153308570963
12	1.184487816237726	1.184487816237726
13	1.2811023155967607	1.2811023155967607
14	1.3794887021173148	1.3794887021173148
15	1.4739678272898076	1.4739678272898076
16	1.5637354150947447	1.5637354150947447
17	1.6501925946416103	1.6501925946416103
18	1.7329597429531338	1.7329597429531338
19	1.8145255652935879	1.8145255652935879
20	1.8979107977690175	1.8979107977690175
21	1.9815488728485748	1.9815488728485748
22	2.064693861556563	2.064693861556563
23	2.1484578794912617	2.1484578794912617
24	2.229871120641386	2.229871120641386
25	2.313714986243273	2.313714986243273
26	2.3978827721898623	2.3978827721898623
27	2.4810272882123865	2.4810272882123865
28	2.5655851806606425	2.5655851806606425
29	2.6464340011863143	2.6464340011863143
30	2.72570656180926	2.72570656180926
31	2.808500536460806	2.808500536460806
32	2.8930327190218534	2.8930327190218534
33	2.979485802283593	2.979485802283593
34	3.062648621300324	3.062648621300324
35	3.1435597565802595	3.1435597565802595
36	3.2252215278621215	3.2252215278621215
37	3.3060433009498524	3.3060433009498524
38	3.3845509134935163	3.3845509134935163
39	3.462338589046801	3.462338589046801
40	3.5383345091072345	3.5383345091072345
41	3.612368589552819	3.612368589552819
42	3.6858189898254645	3.6858189898254645
43	3.7580673825468445	3.7580673825468445
44	3.829075482303141	3.829075482303141
45	3.9000002525361843	3.9000002525361843
46	3.969469270379578	3.969469270379578
47	4.040910146342581	4.040910146342581
48	4.115477312435294	4.115477312435294
49	4.189813287600291	4.189813287600291
50	4.266319247256927	4.266319247256927
51	4.340872296923649	4.340872296923649
52	4.414180629763624	4.414180629763624
53	4.491697778193929	4.491697778193929
54	4.56667624194457	4.56667624194457
55	4.639799275772596	4.639799275772596
56	4.713230242230819	4.713230242230819
57	4.785793315901946	4.785793315901946
58	4.8616651715786094	4.8616651715786094
59	4.938986562623477	4.938986562623477
60	5.018253030056011	5.018253030056011
61	5.096574050111379	5.096574050111379
62	5.175109370089205	5.175109370089205
63	5.256305201847125	5.256305201847125
64	5.338391042993273	5.338391042993273
65	5.420912587722327	5.420912587722327
66	5.503953201538674	5.503953201538674
67	5.588955684890188	5.588955684890188
68	5.676624013248255	5.676624013248255
69	5.765948051843704	5.765948051843704
70	5.857709377993558	5.857709377993558
71	5.952289977921537	5.952289977921537
72	6.045601499873261	6.045601499873261
73	6.136709755988358	6.136709755988358
74	6.2276121258696095	6.2276121258696095
75	6.321643613176432	6.321643613176432
76	6.420285369101737	6.420285369101737
77	6.5195261261714545	6.5195261261714545
78	6.61677413069693	6.61677413069693
79	6.710978177841147	6.710978177841147
80	6.801856569337687	6.801856569337687
81	6.890815051182818	6.890815051182818
82	6.982623239002026	6.982623239002026
83	7.073218925973519	7.073218925973519
84	7.1583447367753905	7.1583447367753905
85	7.2404541758959855	7.2404541758959855
86	7.31947995132221	7.31947995132221
87	7.401474418389474	7.401474418389474
88	7.487147115412599	7.487147115412599
89	7.568301496620657	7.568301496620657
90	7.648595849594265	7.648595849594265
91	7.719150287263856	7.719150287263856
92	7.78974957721773	7.78974957721773
93	7.86251368508057	7.86251368508057
94	7.935342856658739	7.935342856658739
95	8.006830933966405	8.006830933966405
96	8.077220554870717	8.077220554870717
97	8.145939595621591	8.145939595621591
98	8.210997338430122	8.210997338430122
99	8.276337099153446	8.276337099153446
100	8.341706633559872	8.341706633559872
101	8.410720710335136	8.410720710335136
102	8.481405536999233	8.481405536999233
103	8.552725902982244	8.552725902982244
104	8.621529671528837	8.621529671528837
105	8.68751035488616	8.68751035488616
106	8.755088573649555	8.755088573649555
107	8.823210692673863	8.823210692673863
108	8.894108778152452	8.894108778152452
109	8.965544836209181	8.965544836209181
110	9.033648876937937	9.033648876937937
111	9.101339116034616	9.101339116034616
112	9.167617394119441	9.167617394119441
113	9.231622263422091	9.231622263422091
114	9.297748830023679	9.297748830023679
115	9.36859334203336	9.36859334203336
116	9.441225232148893	9.441225232148893
117	9.513479442309976	9.513479442309976
118	9.584242702358548	9.584242702358548
119	9.655958201306564	9.655958201306564
120	9.728419529598757	9.728419529598757
121	9.801771379649374	9.801771379649374
122	9.874633020805422	9.874633020805422
123	9.946615981982251	9.946615981982251
124	10.013670601501325	10.013670601501325
125	10.079850626397015	10.079850626397015
126	10.145837371425278	10.145837371425278
127	10.215506078614155	10.215506078614155
128	10.29030149487808	10.29030149487808
129	10.364456966520457	10.364456966520457
130	10.43461153051739	10.43461153051739
131	10.501740787503328	10.501740787503328
132	10.57274205865912	10.57274205865912
133	10.645873833794862	10.645873833794862
134	10.722391711243528	10.722391711243528
135	10.798399327715401	10.798399327715401
136	10.86494169332152	10.86494169332152
137	10.928685582461416	10.928685582461416
138	10.99504411062628	10.99504411062628
139	11.06090446043012	11.06090446043012
140	11.129306038465963	11.129306038465963
141	11.196348002320866	11.196348002320866
142	11.263575032544697	11.263575032544697
143	11.331034080726745	11.331034080726745
144	11.398143596136666	11.398143596136666
145	11.468528710575336	11.468528710575336
146	11.536162492433633	11.536162492433633
147	11.60703705892286	11.60703705892286
148	11.675613346702026	11.675613346702026
149	11.746750516477197	11.746750516477197
150	11.813720965275385	11.813720965275385
151	11.881554622724547	11.881554622724547
152	11.954001854420198	11.954001854420198
153	12.02738755741911	12.02738755741911
154	12.093941328033099	12.093941328033099
155	12.158629845187843	12.158629845187843
156	12.219540824294302	12.219540824294302
157	12.280139766545787	12.280139766545787
158	12.342639050376173	12.342639050376173
159	12.406579392761778	12.406579392761778
160	12.471545820677417	12.471545820677417
161	12.530353966839254	12.530353966839254
162	12.585013263307712	12.585013263307712
163	12.639641026283313	12.639641026283313
164	12.697848692144644	12.697848692144644
165	12.75685848278994	12.75685848278994
166	12.814495628712134	12.814495628712134
167	12.870662827824175	12.870662827824175
168	12.923592541940128	12.923592541940128
169	12.975838277135999	12.975838277135999
170	13.02815957090405	13.02815957090405
171	13.075220484272515	13.075220484272515
172	13.12101935902077	13.12101935902077
173	13.170686325449317	13.170686325449317
174	13.22252846066456	13.22252846066456
175	13.273346880175703	13.273346880175703
176	13.327596906783132	13.327596906783132
177	13.384400562694871	13.384400562694871
178	13.43768832959684	13.43768832959684
179	13.490798179678215	13.490798179678215
180	13.544679527245886	13.544679527245886
181	13.599526420349198	13.599526420349198
182	13.657877697520442	13.657877697520442
183	13.720618979634157	13.720618979634157
184	13.78487109272038	13.78487109272038
185	13.85162568847694	13.85162568847694
186	13.914919769328648	13.914919769328648
187	13.978347250589994	13.978347250589994
188	14.040894775010852	14.040894775010852
189	14.10135548489473	14.10135548489473
190	14.162242587631045	14.162242587631045
191	14.212719048189534	14.212719048189534
192	14.258040401668712	14.258040401668712
193	14.300842858673606	14.300842858673606
194	14.345698679176776	14.345698679176776
195	14.390506356940305	14.390506356940305
196	14.436587949729475	14.436587949729475
197	14.48456740019185	14.48456740019185
198	14.534502546846817	14.534502546846817
199	14.584800083809974	14.584800083809974
200	14.638296772805568	14.638296772805568
201	14.6931288410136	14.6931288410136
202	14.748873523844479	14.748873523844479
203	14.809119793981278	14.809119793981278
204	14.873540681663167	14.873540681663167
205	14.937874948313834	14.937874948313834
206	15.001909509621155	15.001909509621155
207	15.06645734110684	15.06645734110684
208	15.12983021997847	15.12983021997847
209	15.193622301555248	15.193622301555248
210	15.258956658089716	15.258956658089716
211	15.324581766268722	15.324581766268722
212	15.392083214326007	15.392083214326007
213	15.467089285681695	15.467089285681695
214	15.543972922220217	15.543972922220217
215	15.618748932898267	15.618748932898267
216	15.687661722500328	15.687661722500328
217	15.755216907782327	15.755216907782327
218	15.82112325902597	15.82112325902597
219	15.889329079066421	15.889329079066421
220	15.961863621664993	15.961863621664993
221	16.036389451593436	16.036389451593436
222	16.109839073772786	16.109839073772786
223	16.185883455991636	16.185883455991636
224	16.26083267526351	16.26083267526351
225	16.334243952580984	16.334243952580984
226	16.4067406987524	16.4067406987524
227	16.479914426706223	16.479914426706223
228	16.55226258172468	16.55226258172468
229	16.623224964662448	16.623224964662448
230	16.695932928939534	16.695932928939534
231	16.764116589288484	16.764116589288484
232	16.83517253370129	16.83517253370129
233	16.910640533441622	16.910640533441622
234	16.993477220123513	16.993477220123513
235	17.07923967723002	17.07923967723002
236	17.159386103077896	17.159386103077896
237	17.236759036181446	17.236759036181446
238	17.31106364691329	17.31106364691329
239	17.387226038713706	17.387226038713706
240	17.465184342592064	17.465184342592064
241	17.542109745721067	17.542109745721067
242	17.62198967344513	17.62198967344513
243	17.70287757895393	17.70287757895393
244	17.78274920468375	17.78274920468375
245	17.862393672931965	17.862393672931965
246	17.94271319689429	17.94271319689429
247	18.025628177770535	18.025628177770535
248	18.10955532172861	18.10955532172861
249	18.196613003565428	18.196613003565428
250	18.28345585075754	18.28345585075754
251	18.36656475342053	18.36656475342053
252	18.447450179274952	18.447450179274952
253	18.52683957539527	18.52683957539527
254	18.60743174760184	18.60743174760184
255	18.691014133851372	18.691014133851372
256	18.776167017803203	18.776167017803203
257	18.864668527325218	18.864668527325218
258	18.958857940058774	18.958857940058774
259	19.057453204463602	19.057453204463602
260	19.159703029450572	19.159703029450572
261	19.259526432514697	19.259526432514697
262	19.357252032752985	19.357252032752985
263	19.456138015551748	19.456138015551748
264	19.556182185258095	19.556182185258095
265	19.659293680169426	19.659293680169426
266	19.760693206157196	19.760693206157196
267	19.863530881876578	19.863530881876578
268	19.9648606854772	19.9648606854772
269	20.067844293464184	20.067844293464184
270	20.17110639496175	20.17110639496175
271	20.274550194523957	20.274550194523957
272	20.379966126356358	20.379966126356358
273	20.48224700713791	20.48224700713791
274	20.58034608914207	20.58034608914207
275	20.675112702437872	20.675112702437872
276	20.77169019584341	20.77169019584341
277	20.87118616775275	20.87118616775275
278	20.97283961932291	20.97283961932291
279	21.077431080499913	21.077431080499913
280	21.178761158161105	21.178761158161105
281	21.28011901078748	21.28011901078748
282	21.381412188836205	21.381412188836205
283	21.484291813272016	21.484291813272016
284	21.592934999920413	21.592934999920413
285	21.701161854519956	21.701161854519956
286	21.81108454770467	21.81108454770467
287	21.918281711904292	21.918281711904292
288	22.024811116430016	22.024811116430016
289	22.129152029781597	22.129152029781597
290	22.238182444616854	22.238182444616854
291	22.351036733176542	22.351036733176542
292	22.46276965278794	22.46276965278794
293	22.567770806731914	22.567770806731914
294	22.66763691697951	22.66763691697951
295	22.768988275190893	22.768988275190893
296	22.86804258392258	22.86804258392258
297	22.967911611061595	22.967911611061595
298	23.070820329401975	23.070820329401975
299	23.17522179267796	23.17522179267796
300	23.27858970487563	23.27858970487563
301	23.37794438367191	23.37794438367191
302	23.480670252704087	23.480670252704087
303	23.590994519640695	23.590994519640695
304	23.699526761026284	23.699526761026284
305	23.806518380176477	23.806518380176477
306	23.914744088207524	23.914744088207524
307	24.022803811780708	24.022803811780708
308	24.13469700575108	24.13469700575108
309	24.246401925049277	24.246401925049277
310	24.35737863812146	24.35737863812146
311	24.466787943942734	24.466787943942734
312	24.576604249227035	24.576604249227035
313	24.688416099223375	24.688416099223375
314	24.80338171855351	24.80338171855351
315	24.91984120954182	24.91984120954182
316	25.03854702657012	25.03854702657012
317	25.15550158762126	25.15550158762126
318	25.26974311755871	25.26974311755871
319	25.383039330674436	25.383039330674436
320	25.49696656845034	25.49696656845034
321	25.612833743397665	25.612833743397665
322	25.726714822879273	25.726714822879273
323	25.83822845460902	25.83822845460902
324	25.950154322826116	25.950154322826116
325	26.06258674714335	26.06258674714335
326	26.177800350729616	26.177800350729616
327	26.294686683405498	26.294686683405498
328	26.415196151336485	26.415196151336485
329	26.53762216869671	26.53762216869671
330	26.65875828497227	26.65875828497227
331	26.7806323050446	26.7806323050446
332	26.901123710491746	26.901123710491746
333	27.026031589391334	27.026031589391334
334	27.153078861806982	27.153078861806982
335	27.27595965934979	27.27595965934979
336	27.395588911004957	27.395588911004957
337	27.512193675232247	27.512193675232247
338	27.62501251072017	27.62501251072017
339	27.736202673376376	27.736202673376376
340	27.847282095651103	27.847282095651103
341	27.958633734729325	27.958633734729325
342	28.072001181457416	28.072001181457416
343	28.179521010191817	28.179521010191817
344	28.286435495908073	28.286435495908073
345	28.39056799818877	28.39056799818877
346	28.49946612541825	28.49946612541825
347	28.608150480350854	28.608150480350854
348	28.719052197391832	28.719052197391832
349	28.831605909983296	28.831605909983296
350	28.943552192512175	28.943552192512175
351	29.061293227479197	29.061293227479197
352	29.178831539081447	29.178831539081447
353	29.295613883701968	29.295613883701968
354	29.409523520645326	29.409523520645326
355	29.521453177463442	29.521453177463442
356	29.631807099621383	29.631807099621383
357	29.743532723483114	29.743532723483114
358	29.85214270973799	29.85214270973799
359	29.960214431771327	29.960214431771327
360	30.06787731505837	30.06787731505837
361	30.174730332360753	30.174730332360753
362	30.279642830985598	30.279642830985598
363	30.386688203924784	30.386688203924784
364	30.49872947079278	30.49872947079278
365	30.609355163605507	30.609355163605507
366	30.717555149695112	30.717555149695112
367	30.823819469827917	30.823819469827917
368	30.93133871653937	30.93133871653937
369	31.040174521415757	31.040174521415757
370	31.145516418704105	31.145516418704105
371	31.25416428272242	31.25416428272242
372	31.369407159568894	31.369407159568894
373	31.481731896673836	31.481731896673836
374	31.590348340797703	31.590348340797703
375	31.69731546109265	31.69731546109265
376	31.802911466130546	31.802911466130546
377	31.908183485542523	31.908183485542523
378	32.016762972817766	32.016762972817766
379	32.122502627412175	32.122502627412175
380	32.23002522426786	32.23002522426786
381	32.33958690624367	32.33958690624367
382	32.44692727571943	32.44692727571943
383	32.5559164486964	32.5559164486964
384	32.66332954303519	32.66332954303519
385	32.76906828267687	32.76906828267687
386	32.87616973555781	32.87616973555781
387	32.97858558718336	32.97858558718336
388	33.07580386140196	33.07580386140196
389	33.17226197945774	33.17226197945774
390	33.267156423072926	33.267156423072926
391	33.368708761113936	33.368708761113936
392	33.46755150380912	33.46755150380912
393	33.56123907941104	33.56123907941104
394	33.65659795909483	33.65659795909483
395	33.761179589825616	33.761179589825616
396	33.87621109998646	33.87621109998646
397	33.988982998588256	33.988982998588256
398	34.10434088314999	34.10434088314999
399	34.22217993379628	34.22217993379628
400	34.342717864893395	34.342717864893395
401	34.46258353507085	34.46258353507085
402	34.58246521857453	34.58246521857453
403	34.70957664636064	34.70957664636064
404	34.83538230333727	34.83538230333727
405	34.959279794670046	34.959279794670046
406	35.08009834200304	35.08009834200304
407	35.19982586804709	35.19982586804709
408	35.32437734499328	35.32437734499328
409	35.44739164281468	35.44739164281468
410	35.574513337528685	35.574513337528685
411	35.696944048526134	35.696944048526134
412	35.81365630034223	35.81365630034223
413	35.93027046486172	35.93027046486172
414	36.05095741216096	36.05095741216096
415	36.171639901851854	36.171639901851854
416	36.294678485003686	36.294678485003686
417	36.41856631318525	36.41856631318525
418	36.53969642571516	36.53969642571516
419	36.65248347457728	36.65248347457728
420	36.76627754034433	36.76627754034433
421	36.88186919516984	36.88186919516984
422	37.00030405235965	37.00030405235965
423	37.121061533315086	37.121061533315086
424	37.24463877032003	37.24463877032003
425	37.36543096551433	37.36543096551433
426	37.487239607053525	37.487239607053525
427	37.61113505695427	37.61113505695427
428	37.736800128141816	37.736800128141816
429	37.86153821650004	37.86153821650004
430	37.981583157856846	37.981583157856846
431	38.09481456223256	38.09481456223256
432	38.20758285394703	38.20758285394703
433	38.32193872358329	38.32193872358329
434	38.43617536071717	38.43617536071717
435	38.54811689778833	38.54811689778833
436	38.65638904573291	38.65638904573291
437	38.76018962736708	38.76018962736708
438	38.861947158590574	38.861947158590574
439	38.95726958175288	38.95726958175288
440	39.05709510651359	39.05709510651359
441	39.15655326938645	39.15655326938645
442	39.25629199109342	39.25629199109342
443	39.355205615200376	39.355205615200376
444	39.45536342220942	39.45536342220942
445	39.560377214773425	39.560377214773425
446	39.66742074372506	39.66742074372506
447	39.77440688916101	39.77440688916101
448	39.88399445641532	39.88399445641532
449	39.99766209643415	39.99766209643415
450	40.10741856577823	40.10741856577823
451	40.219480581990545	40.219480581990545
452	40.333052914080284	40.333052914080284
453	40.4542723241114	40.4542723241114
454	40.58099180327483	40.58099180327483
455	40.70162641466385	40.70162641466385
456	40.824436308403975	40.824436308403975
457	40.94609740291426	40.94609740291426
458	41.06910121633872	41.06910121633872
459	41.191359419710246	41.191359419710246
460	41.31767024242974	41.31767024242974
461	41.443492529314895	41.443492529314895
462	41.56754703476924	41.56754703476924
463	41.689218974593416	41.689218974593416
464	41.815378458490805	41.815378458490805
465	41.9421406769001	41.9421406769001
466	42.06764722442493	42.06764722442493
467	42.19259325485392	42.19259325485392
468	42.31208170749984	42.31208170749984
469	42.42576759983635	42.42576759983635
470	42.53965085489834	42.53965085489834
471	42.656094695419924	42.656094695419924
472	42.775443172312464	42.775443172312464
473	42.89227759729934	42.89227759729934
474	43.00727579928656	43.00727579928656
475	43.12348171532527	43.12348171532527
476	43.23703264899788	43.23703264899788
477	43.351868189926044	43.351868189926044
478	43.46820190401711	43.46820190401711
479	43.58188084577017	43.58188084577017
480	43.688064530080524	43.688064530080524
481	43.79248349428637	43.79248349428637
482	43.89625320743369	43.89625320743369
483	43.997122449761555	43.997122449761555
484	44.093189634652305	44.093189634652305
485	44.18754764150343	44.18754764150343
486	44.27809104397035	44.27809104397035
487	44.36852052600146	44.36852052600146
488	44.46562228407163	44.46562228407163
489	44.56316625639083	44.56316625639083
490	44.66314831115092	44.66314831115092
491	44.76632073610655	44.76632073610655
492	44.869675028195516	44.869675028195516
493	44.96486836882736	44.96486836882736
494	45.0575186395361	45.0575186395361
495	45.153790800080756	45.153790800080756
496	45.24729301294175	45.24729301294175
497	45.34685519185971	45.34685519185971
498	45.446616273544485	45.446616273544485
499	45.544428730962956	45.544428730962956
500	45.64060558111799	45.64060558111799
501	45.73276192274889	45.73276192274889
502	45.8326772154904	45.8326772154904
503	45.93676626633149	45.93676626633149
504	46.04120619192048	46.04120619192048
505	46.14492245366848	46.14492245366848
506	46.243911563245824	46.243911563245824
507	46.33895643286239	46.33895643286239
508	46.43280316751748	46.43280316751748
509	46.52866093047541	46.52866093047541
510	46.63016177528468	46.63016177528468
511	46.73703076965172	46.73703076965172
512	46.84048834823691	46.84048834823691
513	46.941950118111876	46.941950118111876
514	47.04845909447198	47.04845909447198
515	47.15829313105449	47.15829313105449
516	47.272185081174584	47.272185081174584
517	47.38930609542058	47.38930609542058
518	47.504668015055614	47.504668015055614
519	47.62201826230296	47.62201826230296
520	47.73791843611489	47.73791843611489
521	47.85699707250523	47.85699707250523
522	47.98098232292121	47.98098232292121
523	48.100343453133746	48.100343453133746
524	48.218759302614885	48.218759302614885
525	48.3319763216048	48.3319763216048
526	48.44211856318826	48.44211856318826
527	48.550849203797995	48.550849203797995
528	48.656442918926196	48.656442918926196
529	48.76449041685643	48.76449041685643
530	48.86611043398483	48.86611043398483
531	48.96756797118047	48.96756797118047
532	49.065636885643144	49.065636885643144
533	49.163042914306914	49.163042914306914
534	49.260739582587185	49.260739582587185
535	49.36091974496786	49.36091974496786
536	49.45848636625224	49.45848636625224
537	49.55842298676376	49.55842298676376
538	49.6556974945675	49.6556974945675
539	49.750915539052215	49.750915539052215
540	49.84509722708235	49.84509722708235
541	49.935389131501964	49.935389131501964
542	50.02194942863734	50.02194942863734
543	50.10316395440173	50.10316395440173
544	50.183350691941364	50.183350691941364
545	50.26520936443227	50.26520936443227
546	50.35437808810261	50.35437808810261
547	50.443940777770216	50.443940777770216
548	50.52917582544654	50.52917582544654
549	50.61240328234611	50.61240328234611
550	50.68917302459164	50.68917302459164
551	50.76832896863324	50.76832896863324
552	50.84370876817346	50.84370876817346
553	50.91927219206059	50.91927219206059
554	51.00008831707213	51.00008831707213
555	51.07773320885011	51.07773320885011
556	51.15564648246124	51.15564648246124
557	51.2336479213778	51.2336479213778
558	51.31358437626615	51.31358437626615
559	51.39947768847856	51.39947768847856
560	51.48713478670493	51.48713478670493
561	51.57759319774821	51.57759319774821
562	51.66690273162311	51.66690273162311
563	51.75564621689769	51.75564621689769
564	51.84871377238616	51.84871377238616
565	51.941587866909494	51.941587866909494
566	52.0366940289785	52.0366940289785
567	52.134466433745864	52.134466433745864
568	52.23068692851119	52.23068692851119
569	52.33374413148179	52.33374413148179
570	52.43776086361272	52.43776086361272
571	52.53892156610678	52.53892156610678
572	52.63231239828523	52.63231239828523
573	52.72319096186945	52.72319096186945
574	52.81616514435572	52.81616514435572
575	52.91088325752749	52.91088325752749
576	53.00188464390879	53.00188464390879
577	53.091693245927516	53.091693245927516
578	53.1851018176955	53.1851018176955
579	53.2861615290919	53.2861615290919
580	53.38286059113338	53.38286059113338
581	53.47130549865336	53.47130549865336
582	53.55555085742729	53.55555085742729
583	53.63488636371636	53.63488636371636
584	53.71512225604675	53.71512225604675
585	53.793226117394426	53.793226117394426
586	53.86766775246976	53.86766775246976
587	53.94062543491297	53.94062543491297
588	54.016152990846415	54.016152990846415
589	54.09108682613738	54.09108682613738
590	54.16340307608926	54.16340307608926
591	54.23759987857759	54.23759987857759
592	54.31701222951398	54.31701222951398
593	54.391055777428896	54.391055777428896
594	54.453412569951226	54.453412569951226
595	54.510416690388	54.510416690388
596	54.56727719941042	54.56727719941042
597	54.62906107516054	54.62906107516054
598	54.68593987964415	54.68593987964415
599	54.737416701115066	54.737416701115066
600	54.7827959909572	54.7827959909572
601	54.81996164163951	54.81996164163951
602	54.85968589689471	54.85968589689471
603	54.89635492770754	54.89635492770754
604	54.938475274045445	54.938475274045445
605	54.97642924297767	54.97642924297767
606	55.01156673964209	55.01156673964209
607	55.044507808453645	55.044507808453645
608	55.083110692836804	55.083110692836804
609	55.12077996241311	55.12077996241311
610	55.15507992522652	55.15507992522652
611	55.19052003979848	55.19052003979848
612	55.23003498266507	55.23003498266507
613	55.27061749236451	55.27061749236451
614	55.31467119876021	55.31467119876021
615	55.36133666866174	55.36133666866174
616	55.4104374101464	55.4104374101464
617	55.45913242880768	55.45913242880768
618	55.50537719515797	55.50537719515797
619	55.55089693272839	55.55089693272839
620	55.59700054248151	55.59700054248151
621	55.64406019259845	55.64406019259845
622	55.703276767228274	55.703276767228274
623	55.76794412522926	55.76794412522926
624	55.828268435064984	55.828268435064984
625	55.887234675792	55.887234675792
626	55.94705620154056	55.94705620154056
627	56.00944725440361	56.00944725440361
628	56.078533414263575	56.078533414263575
629	56.1577247621749	56.1577247621749
630	56.23070229854396	56.23070229854396
631	56.30149263084959	56.30149263084959
632	56.36707770229611	56.36707770229611
633	56.430662462462166	56.430662462462166
634	56.49662814738484	56.49662814738484
635	56.565734288144284	56.565734288144284
636	56.638989069773295	56.638989069773295
637	56.713951166328826	56.713951166328826
638	56.78942300256884	56.78942300256884
639	56.86485255349059	56.86485255349059
640	56.939772824445626	56.939772824445626
641	57.010031946456174	57.010031946456174
642	57.07952876876186	57.07952876876186
643	57.15445747024227	57.15445747024227
644	57.23309597586384	57.23309597586384
645	57.30863304779936	57.30863304779936
646	57.38812517726819	57.38812517726819
647	57.4681473279746	57.4681473279746
648	57.5477225280767	57.5477225280767
649	57.631607216357594	57.631607216357594
650	57.71578567465283	57.71578567465283
651	57.79464731583929	57.79464731583929
652	57.86883730435799	57.86883730435799
653	57.9480321957629	57.9480321957629
654	58.02931825773951	58.02931825773951
655	58.11436949518208	58.11436949518208
656	58.189635749131924	58.189635749131924
657	58.2611085440719	58.2611085440719
658	58.331576859312236	58.331576859312236
659	58.40682275953528	58.40682275953528
660	58.480992001234156	58.480992001234156
661	58.55828803403487	58.55828803403487
662	58.6341028401333	58.6341028401333
663	58.71375297567174	58.71375297567174
664	58.79180799690387	58.79180799690387
665	58.87611807755746	58.87611807755746
666	58.966893303424406	58.966893303424406
667	59.06293087158455	59.06293087158455
668	59.16179105084994	59.16179105084994
669	59.25343407731417	59.25343407731417
670	59.34221898516035	59.34221898516035
671	59.43558952321688	59.43558952321688
672	59.531920830411764	59.531920830411764
673	59.63056335847173	59.63056335847173
674	59.73181733489311	59.73181733489311
675	59.830065592701125	59.830065592701125
676	59.92572377655203	59.92572377655203
677	60.02493081342786	60.02493081342786
678	60.129057114288436	60.129057114288436
679	60.23502083686233	60.23502083686233
680	60.33948944495491	60.33948944495491
681	60.437709581098886	60.437709581098886
682	60.53204304974204	60.53204304974204
683	60.63014173370162	60.63014173370162
684	60.728735249874866	60.728735249874866
685	60.82736045782659	60.82736045782659
686	60.91919263223185	60.91919263223185
687	61.00562195711623	61.00562195711623
688	61.08628431822444	61.08628431822444
689	61.17382394269191	61.17382394269191
690	61.2694080273794	61.2694080273794
691	61.37123992433274	61.37123992433274
692	61.4754782062171	61.4754782062171
693	61.5823875428593	61.5823875428593
694	61.689527908170795	61.689527908170795
695	61.79684331607045	61.79684331607045
696	61.89805060447068	61.89805060447068
697	62.00247637680962	62.00247637680962
698	62.10487861456862	62.10487861456862
699	62.19746306935872	62.19746306935872
700	62.285609625571226	62.285609625571226
701	62.37908324228911	62.37908324228911
702	62.470248748879456	62.470248748879456
703	62.562889242641255	62.562889242641255
704	62.65627068399584	62.65627068399584
705	62.75394187869364	62.75394187869364
706	62.85048437660372	62.85048437660372
707	62.9414005504169	62.9414005504169
708	63.03011418469895	63.03011418469895
709	63.113035972950584	63.113035972950584
710	63.19852053923513	63.19852053923513
711	63.28342749552031	63.28342749552031
712	63.368423911636974	63.368423911636974
713	63.449342141892544	63.449342141892544
714	63.53896522218176	63.53896522218176
715	63.631156135854	63.631156135854
716	63.7245506090199	63.7245506090199
717	63.81814484591846	63.81814484591846
718	63.915573011932366	63.915573011932366
719	64.01752058889006	64.01752058889006
720	64.11322338441282	64.11322338441282
721	64.2085109787554	64.2085109787554
722	64.31132022337859	64.31132022337859
723	64.41679957766935	64.41679957766935
724	64.5208638574316	64.5208638574316
725	64.61892824691506	64.61892824691506
726	64.71492544751003	64.71492544751003
727	64.81023508383268	64.81023508383268
728	64.90229231078783	64.90229231078783
729	64.99323229499825	64.99323229499825
730	65.08813335087626	65.08813335087626
731	65.18757270632709	65.18757270632709
732	65.2894145935368	65.2894145935368
733	65.38856553107242	65.38856553107242
734	65.49188799260538	65.49188799260538
735	65.60083856565883	65.60083856565883
736	65.70999071113515	65.70999071113515
737	65.813691181806	65.813691181806
738	65.91953934435455	65.91953934435455
739	66.01926694384652	66.01926694384652
740	66.12175150583181	66.12175150583181
741	66.22848471590152	66.22848471590152
742	66.33256187160343	66.33256187160343
743	66.43946234596004	66.43946234596004
744	66.53087023367394	66.53087023367394
745	66.61402067107434	66.61402067107434
746	66.6966797490329	66.6966797490329
747	66.78050682555596	66.78050682555596
748	66.86940220716866	66.86940220716866
749	66.95442706983565	66.95442706983565
750	67.0420740605311	67.0420740605311
751	67.12244941197906	67.12244941197906
752	67.19872165097377	67.19872165097377
753	67.27877490051893	67.27877490051893
754	67.36200812910114	67.36200812910114
755	67.439829346765	67.439829346765
756	67.5131971163395	67.5131971163395
757	67.58758466060993	67.58758466060993
758	67.6646300968968	67.6646300968968
759	67.7426862602383	67.7426862602383
760	67.82175554537788	67.82175554537788
761	67.90418497745722	67.90418497745722
762	67.98925188934079	67.98925188934079
763	68.08035681966359	68.08035681966359
764	68.16980388441803	68.16980388441803
765	68.26010678358607	68.26010678358607
766	68.35841070430234	68.35841070430234
767	68.45786050380342	68.45786050380342
768	68.56229594299928	68.56229594299928
769	68.66392679207246	68.66392679207246
770	68.7684288436757	68.7684288436757
771	68.87233286296926	68.87233286296926
772	68.97420961704968	68.97420961704968
773	69.08527421628136	69.08527421628136
774	69.19559894725424	69.19559894725424
775	69.30625074309917	69.30625074309917
776	69.41701459717503	69.41701459717503
777	69.53287386129297	69.53287386129297
778	69.65355983432161	69.65355983432161
779	69.78278777580893	69.78278777580893
780	69.91205190673283	69.91205190673283
781	70.03327160905772	70.03327160905772
782	70.14748317820866	70.14748317820866
783	70.25202917720796	70.25202917720796
784	70.35390464735514	70.35390464735514
785	70.45997624403587	70.45997624403587
786	70.56808976212906	70.56808976212906
787	70.67860061947789	70.67860061947789
788	70.79054904604496	70.79054904604496
789	70.90039675091688	70.90039675091688
790	71.01294521997714	71.01294521997714
791	71.12446800843517	71.12446800843517
792	71.23990137554892	71.23990137554892
793	71.35353802195036	71.35353802195036
794	71.46814038168934	71.46814038168934
795	71.57719952179458	71.57719952179458
796	71.68392307428633	71.68392307428633
797	71.79468168117019	71.79468168117019
798	71.90883262232505	71.90883262232505
799	72.0230411853886	72.0230411853886
800	72.13061953022458	72.13061953022458
801	72.2411307605932	72.2411307605932
802	72.35684618735141	72.35684618735141
803	72.46875480532552	72.46875480532552
804	72.57410001884918	72.57410001884918
805	72.67943665329526	72.67943665329526
806	72.78296846077873	72.78296846077873
807	72.88040275117552	72.88040275117552
808	72.9753515820851	72.9753515820851
809	73.07073822550366	73.07073822550366
810	73.16626565990036	73.16626565990036
811	73.25577937407431	73.25577937407431
812	73.33995494205719	73.33995494205719
813	73.4198646189109	73.4198646189109
814	73.50281284299348	73.50281284299348
815	73.58910260997	73.58910260997
816	73.67987957740077	73.67987957740077
817	73.77251915077619	73.77251915077619
818	73.86703225330487	73.86703225330487
819	73.95849655920115	73.95849655920115
820	74.05398718699365	74.05398718699365
821	74.1574779150234	74.1574779150234
822	74.26649846467447	74.26649846467447
823	74.37051993674723	74.37051993674723
824	74.48419012093864	74.48419012093864
825	74.60476355413694	74.60476355413694
826	74.72599435765684	74.72599435765684
827	74.84354611211732	74.84354611211732
828	74.95613348925585	74.95613348925585
829	75.06686554356318	75.06686554356318
830	75.18024207660113	75.18024207660113
831	75.29017065098535	75.29017065098535
832	75.40334514262574	75.40334514262574
833	75.52058163484766	75.52058163484766
834	75.63660875990156	75.63660875990156
835	75.75892194218646	75.75892194218646
836	75.8896708331988	75.8896708331988
837	76.0248391187233	76.0248391187233
838	76.16683037128345	76.16683037128345
839	76.3115564483977	76.3115564483977
840	76.44946230818987	76.44946230818987
841	76.58581560299153	76.58581560299153
842	76.72056717018705	76.72056717018705
843	76.85471537391614	76.85471537391614
844	76.98596223211979	76.98596223211979
845	77.12176531558497	77.12176531558497
846	77.26402668292157	77.26402668292157
847	77.4133128985196	77.4133128985196
848	77.56240697162951	77.56240697162951
849	77.70954704023353	77.70954704023353
850	77.848964995311	77.848964995311
851	77.9850179620504	77.9850179620504
852	78.11112635048383	78.11112635048383
853	78.23361542608117	78.23361542608117
854	78.35482434295236	78.35482434295236
855	78.4752048314913	78.4752048314913
856	78.5919961408893	78.5919961408893
857	78.70033949880201	78.70033949880201
858	78.80911169961517	78.80911169961517
859	78.9186570795177	78.9186570795177
860	79.0265916274989	79.0265916274989
861	79.13871954040786	79.13871954040786
862	79.24465667890843	79.24465667890843
863	79.34026185458237	79.34026185458237
864	79.42764353302849	79.42764353302849
865	79.51861974224536	79.51861974224536
866	79.61944690775383	79.61944690775383
867	79.72131476516947	79.72131476516947
868	79.82869120757411	79.82869120757411
869	79.9362761170848	79.9362761170848
870	80.04363386680703	80.04363386680703
871	80.14995213577016	80.14995213577016
872	80.24858590153171	80.24858590153171
873	80.34693660831074	80.34693660831074
874	80.44959383246646	80.44959383246646
875	80.54990167168268	80.54990167168268
876	80.65475978615422	80.65475978615422
877	80.7686250641116	80.7686250641116
878	80.87905346756847	80.87905346756847
879	80.98292513253696	80.98292513253696
880	81.08607413740029	81.08607413740029
881	81.19176321735046	81.19176321735046
882	81.30024047187509	81.30024047187509
883	81.39895774407356	81.39895774407356
884	81.49190670651316	81.49190670651316
885	81.58555475499534	81.58555475499534
886	81.68331078581471	81.68331078581471
887	81.78784334352538	81.78784334352538
888	81.88231322708127	81.88231322708127
889	81.97351991099998	81.97351991099998
890	82.0660633970434	82.0660633970434
891	82.15248561351468	82.15248561351468
892	82.24122884844789	82.24122884844789
893	82.33226840724883	82.33226840724883
894	82.42200746669072	82.42200746669072
895	82.50943149228199	82.50943149228199
896	82.6030370527676	82.6030370527676
897	82.706334012983	82.706334012983
898	82.81802436098864	82.81802436098864
899	82.93486908852398	82.93486908852398
900	83.05962001485399	83.05962001485399
901	83.19489720265476	83.19489720265476
902	83.32293510284615	83.32293510284615
903	83.44977854770373	83.44977854770373
904	83.5714376149657	83.5714376149657
905	83.69410701996134	83.69410701996134
906	83.81836104650101	83.81836104650101
907	83.94806312256878	83.94806312256878
908	84.08055857280468	84.08055857280468
909	84.20982986350012	84.20982986350012
910	84.33774715331431	84.33774715331431
911	84.4687653172638	84.4687653172638
912	84.60494017764644	84.60494017764644
913	84.73951005134847	84.73951005134847
914	84.87020388878176	84.87020388878176
915	85.00262030271693	85.00262030271693
916	85.13618990301133	85.13618990301133
917	85.27460625575866	85.27460625575866
918	85.40684802911424	85.40684802911424
919	85.53473088105643	85.53473088105643
920	85.66356924975251	85.66356924975251
921	85.79066456733631	85.79066456733631
922	85.91597446831484	85.91597446831484
923	86.03948271617773	86.03948271617773
924	86.16495103947723	86.16495103947723
925	86.28964954809146	86.28964954809146
926	86.41095452409868	86.41095452409868
927	86.52948042624882	86.52948042624882
928	86.64332090811195	86.64332090811195
929	86.75433202411156	86.75433202411156
930	86.86260006307351	86.86260006307351
931	86.97237673116948	86.97237673116948
932	87.07857944072886	87.07857944072886
933	87.18956432757281	87.18956432757281
934	87.30348612530184	87.30348612530184
935	87.42220504660341	87.42220504660341
936	87.55163735406309	87.55163735406309
937	87.68592030279996	87.68592030279996
938	87.81707233626541	87.81707233626541
939	87.93666748267941	87.93666748267941
940	88.04925188789187	88.04925188789187
941	88.1626387751835	88.1626387751835
942	88.2780407295763	88.2780407295763
943	88.39047511529732	88.39047511529732
944	88.50701784384296	88.50701784384296
945	88.62317270573988	88.62317270573988
946	88.73357574717309	88.73357574717309
947	88.85395233435247	88.85395233435247
948	88.98190449809644	88.98190449809644
949	89.10256684739133	89.10256684739133
950	89.22501120035471	89.22501120035471
951	89.34477725168567	89.34477725168567
952	89.4665572671937	89.4665572671937
953	89.58254921255305	89.58254921255305
954	89.69710395260627	89.69710395260627
955	89.80878410617494	89.80878410617494
956	89.91456732162024	89.91456732162024
957	90.02156585976991	90.02156585976991
958	90.1361918198457	90.1361918198457
959	90.24742521792245	90.24742521792245
960	90.35968387937086	90.35968387937086
961	90.47925764210538	90.47925764210538
962	90.59188337567058	90.59188337567058
963	90.7115691020739	90.7115691020739
964	90.83088649617686	90.83088649617686
965	90.94487480775861	90.94487480775861
966	91.0555418426266	91.0555418426266
967	91.17099635513699	91.17099635513699
968	91.289934822576	91.289934822576
969	91.40836481657338	91.40836481657338
970	91.52806867932104	91.52806867932104
971	91.6341856380603	91.6341856380603
972	91.75201199004827	91.75201199004827
973	91.88499607635579	91.88499607635579
974	92.02228004333918	92.02228004333918
975	92.15487846406087	92.15487846406087
976	92.28964036988114	92.28964036988114
977	92.41776154673813	92.41776154673813
978	92.54130604687698	92.54130604687698
979	92.6691342664866	92.6691342664866
980	92.79875516457085	92.79875516457085
981	92.93375249624825	92.93375249624825
982	93.07661268034964	93.07661268034964
983	93.22407560211163	93.22407560211163
984	93.37220459666526	93.37220459666526
985	93.50818423201488	93.50818423201488
986	93.64641145086833	93.64641145086833
987	93.78052913594323	93.78052913594323
988	93.91184402115198	93.91184402115198
989	94.03915817055822	94.03915817055822
990	94.16655070571001	94.16655070571001
991	94.30188707770994	94.30188707770994
992	94.43909740038191	94.43909740038191
993	94.57916906368959	94.57916906368959
994	94.72484917661757	94.72484917661757
995	94.87708708111518	94.87708708111518
996	95.02823757522603	95.02823757522603
997	95.18204872198422	95.18204872198422
998	95.32406320530421	95.32406320530421
999	95.46453757730781	95.46453757730781
1000	95.60674936542229	95.60674936542229
1001	95.7443692400561	95.7443692400561
1002	95.87653164906791	95.87653164906791
1003	95.99888106029856	95.99888106029856
1004	96.12207692808866	96.12207692808866
1005	96.24544628712283	96.24544628712283
1006	96.3686515895216	96.3686515895216
1007	96.48695645533614	96.48695645533614
1008	96.6056106105433	96.6056106105433
1009	96.72856569881577	96.72856569881577
1010	96.84281249674635	96.84281249674635
1011	96.95721597624474	96.95721597624474
1012	97.07249107873214	97.07249107873214
1013	97.18838100155715	97.18838100155715
1014	97.29865596078459	97.29865596078459
1015	97.41233844773652	97.41233844773652
1016	97.52979899145346	97.52979899145346
1017	97.65841823612178	97.65841823612178
1018	97.7975111614399	97.7975111614399
1019	97.93632284665901	97.93632284665901
1020	98.07800030763639	98.07800030763639
1021	98.24000278910643	98.24000278910643
1022	98.39719527232717	98.39719527232717
1023	98.55782144490479	98.55782144490479
1024	98.70874742096085	98.70874742096085
1025	98.85511706786896	98.85511706786896
1026	98.99624332109491	98.99624332109491
1027	99.12914994803161	99.12914994803161
1028	99.25711247686861	99.25711247686861
1029	99.3758090689562	99.3758090689562
1030	99.49463077898432	99.49463077898432
1031	99.61940601255083	99.61940601255083
1032	99.75054081026862	99.75054081026862
1033	99.88127913125281	99.88127913125281
1034	100.01932663755585	100.01932663755585
1035	100.15323769809154	100.15323769809154
1036	100.29053907212989	100.29053907212989
1037	100.42432357963075	100.42432357963075
1038	100.55949449417702	100.55949449417702
1039	100.70001876270197	100.70001876270197
1040	100.8419052267605	100.8419052267605
1041	100.99209507602627	100.99209507602627
1042	101.15025847174671	101.15025847174671
1043	101.31550255037995	101.31550255037995
1044	101.48973012684873	101.48973012684873
1045	101.66085920988603	101.66085920988603
1046	101.82354604590115	101.82354604590115
1047	101.99594716146564	101.99594716146564
1048	102.18290401815231	102.18290401815231
1049	102.37358014720033	102.37358014720033
1050	102.56822482425102	102.56822482425102
1051	102.75523678864121	102.75523678864121
1052	102.9378922751666	102.9378922751666
1053	103.11888778113963	103.11888778113963
1054	103.29033459077928	103.29033459077928
1055	103.46167053587013	103.46167053587013
1056	103.61584625615423	103.61584625615423
1057	103.7757143794309	103.7757143794309
1058	103.926639273191	103.926639273191
1059	104.07391833093043	104.07391833093043
1060	104.22166585949358	104.22166585949358
1061	104.38128016812037	104.38128016812037
1062	104.54477294811826	104.54477294811826
1063	104.71362486346263	104.71362486346263
1064	104.89002874474703	104.89002874474703
1065	105.06340443245293	105.06340443245293
1066	105.22220008057533	105.22220008057533
1067	105.38101485281605	105.38101485281605
1068	105.5486443380167	105.5486443380167
1069	105.71500688132963	105.71500688132963
1070	105.86838539826967	105.86838539826967
1071	106.01954201711666	106.01954201711666
1072	106.16916708435713	106.16916708435713
1073	106.31867773276014	106.31867773276014
1074	106.45914753191013	106.45914753191013
1075	106.5965452383305	106.5965452383305
1076	106.72808938358381	106.72808938358381
1077	106.86926568624138	106.86926568624138
1078	107.0192301363548	107.0192301363548
1079	107.19042052986339	107.19042052986339
1080	107.36694675686273	107.36694675686273
1081	107.54708589314738	107.54708589314738
1082	107.72101661625065	107.72101661625065
1083	107.89209881898	107.89209881898
1084	108.07405502577745	108.07405502577745
1085	108.26058368768417	108.26058368768417
1086	108.45399446363524	108.45399446363524
1087	108.65439172843887	108.65439172843887
1088	108.85467214993463	108.85467214993463
1089	109.0574655527511	109.0574655527511
1090	109.25849027415731	109.25849027415731
1091	109.45829809299924	109.45829809299924
1092	109.65547822959945	109.65547822959945
1093	109.84260926448425	109.84260926448425
1094	110.03282445245395	110.03282445245395
1095	110.2253365350484	110.2253365350484
1096	110.41234211204748	110.41234211204748
1097	110.59092202360031	110.59092202360031
1098	110.7706512453814	110.7706512453814
1099	110.95819555396739	110.95819555396739
1100	111.14947052227657	111.14947052227657
1101	111.3381046299816	111.3381046299816
1102	111.52141420201872	111.52141420201872
1103	111.6972508797755	111.6972508797755
1104	111.88416324416687	111.88416324416687
1105	112.06929299577477	112.06929299577477
1106	112.25703407738156	112.25703407738156
1107	112.4451786716928	112.4451786716928
1108	112.63135704106307	112.63135704106307
1109	112.82070937906037	112.82070937906037
1110	113.02047054981173	113.02047054981173
1111	113.22668123398394	113.22668123398394
1112	113.44598177405575	113.44598177405575
1113	113.67463052115528	113.67463052115528
1114	113.90973919733159	113.90973919733159
1115	114.14362067661223	114.14362067661223
1116	114.37784189932178	114.37784189932178
1117	114.61412350699389	114.61412350699389
1118	114.86099282080562	114.86099282080562
1119	115.11145503428541	115.11145503428541
1120	115.35851272832646	115.35851272832646
1121	115.5962422263443	115.5962422263443
1122	115.83597576005293	115.83597576005293
1123	116.07945787116539	116.07945787116539
1124	116.32054171680366	116.32054171680366
1125	116.55904407367107	116.55904407367107
1126	116.7887744871438	116.7887744871438
1127	117.02280895898684	117.02280895898684
1128	117.2498871157182	117.2498871157182
1129	117.47830259857915	117.47830259857915
1130	117.71289663847499	117.71289663847499
1131	117.94805819897705	117.94805819897705
1132	118.1862571999023	118.1862571999023
1133	118.42246715689697	118.42246715689697
1134	118.6514859812365	118.6514859812365
1135	118.87318937091268	118.87318937091268
1136	119.0992262516332	119.0992262516332
1137	119.33314876690463	119.33314876690463
1138	119.56591815461618	119.56591815461618
1139	119.79015523030367	119.79015523030367
1140	120.0068462777507	120.0068462777507
1141	120.21164674929285	120.21164674929285
1142	120.40914297023518	120.40914297023518
1143	120.59891909843867	120.59891909843867
1144	120.78208645384666	120.78208645384666
1145	120.97257381336661	120.97257381336661
1146	121.15681905456017	121.15681905456017
1147	121.33110929366492	121.33110929366492
1148	121.50216327714345	121.50216327714345
1149	121.66998728408112	121.66998728408112
1150	121.8338622085852	121.8338622085852
1151	121.98839513770257	121.98839513770257
1152	122.14431079125455	122.14431079125455
1153	122.31194946987517	122.31194946987517
1154	122.48895775416524	122.48895775416524
1155	122.66515810914943	122.66515810914943
1156	122.83951020114984	122.83951020114984
1157	123.01987120401247	123.01987120401247
1158	123.20031458287889	123.20031458287889
1159	123.3768044809352	123.3768044809352
1160	123.55242883059739	123.55242883059739
1161	123.72369759806786	123.72369759806786
1162	123.90039769643121	123.90039769643121
1163	124.0829295526319	124.0829295526319
1164	124.26795270982619	124.26795270982619
1165	124.45733569246933	124.45733569246933
1166	124.64046558708881	124.64046558708881
1167	124.82895756266434	124.82895756266434
1168	125.01775113105651	125.01775113105651
1169	125.22214921005337	125.22214921005337
1170	125.42613858866184	125.42613858866184
1171	125.62056293785493	125.62056293785493
1172	125.81811358817929	125.81811358817929
1173	126.01535746520227	126.01535746520227
1174	126.21597632089374	126.21597632089374
1175	126.41838834933716	126.41838834933716
1176	126.62464093948063	126.62464093948063
1177	126.82646085304692	126.82646085304692
1178	127.03250426660138	127.03250426660138
1179	127.23930510421641	127.23930510421641
1180	127.4607703204504	127.4607703204504
1181	127.68996945249893	127.68996945249893
1182	127.90977372643414	127.90977372643414
1183	128.13046574403575	128.13046574403575
1184	128.36631198023753	128.36631198023753
1185	128.60270534937843	128.60270534937843
1186	128.85023370714546	128.85023370714546
1187	129.09906305245946	129.09906305245946
1188	129.34957158825856	129.34957158825856
1189	129.60336286950073	129.60336286950073
1190	129.84391421411397	129.84391421411397
1191	130.0933802376054	130.0933802376054
1192	130.35566997235586	130.35566997235586
1193	130.6276603467759	130.6276603467759
1194	130.9103154031184	130.9103154031184
1195	131.19568591695506	131.19568591695506
1196	131.46981419190814	131.46981419190814
1197	131.72988118363668	131.72988118363668
1198	131.98541845888738	131.98541845888738
1199	132.2545173124924	132.2545173124924
1200	132.53130038953915	132.53130038953915
1201	132.8050222152716	132.8050222152716
1202	133.0736197590519	133.0736197590519
1203	133.3281159413733	133.3281159413733
1204	133.5831176792459	133.5831176792459
1205	133.84319842862774	133.84319842862774
1206	134.10560858639593	134.10560858639593
1207	134.36735877422703	134.36735877422703
1208	134.61691690404461	134.61691690404461
1209	134.8694255039759	134.8694255039759
1210	135.12471995960067	135.12471995960067
1211	135.3812420730837	135.3812420730837
1212	135.63267815378052	135.63267815378052
1213	135.88821121781675	135.88821121781675
1214	136.1524744513088	136.1524744513088
1215	136.41082365874476	136.41082365874476
1216	136.6608200697708	136.6608200697708
1217	136.90439722495967	136.90439722495967
1218	137.15440438126268	137.15440438126268
1219	137.40772619021794	137.40772619021794
1220	137.66966275670535	137.66966275670535
1221	137.94169321547125	137.94169321547125
1222	138.21634865025916	138.21634865025916
1223	138.49546274615477	138.49546274615477
1224	138.78139600002007	138.78139600002007
1225	139.07079987435023	139.07079987435023
1226	139.36229014542005	139.36229014542005
1227	139.65107659456638	139.65107659456638
1228	139.93200769606239	139.93200769606239
1229	140.21528061740275	140.21528061740275
1230	140.4995058688185	140.4995058688185
1231	140.77991541459014	140.77991541459014
1232	141.06498832130242	141.06498832130242
1233	141.3442538547466	141.3442538547466
1234	141.61926796436012	141.61926796436012
1235	141.8893808145074	141.8893808145074
1236	142.1561227435211	142.1561227435211
1237	142.42175976659314	142.42175976659314
1238	142.6909093305686	142.6909093305686
1239	142.95736123165776	142.95736123165776
1240	143.23735512557863	143.23735512557863
1241	143.5248583078016	143.5248583078016
1242	143.80227605376732	143.80227605376732
1243	144.06971471736142	144.06971471736142
1244	144.3422455601881	144.3422455601881
1245	144.62861132412402	144.62861132412402
1246	144.91276056301268	144.91276056301268
1247	145.1808705427094	145.1808705427094
1248	145.46063049596648	145.46063049596648
1249	145.7391683523163	145.7391683523163
1250	146.0236412777768	146.0236412777768
1251	146.3063464345746	146.3063464345746
1252	146.58361322036592	146.58361322036592
1253	146.85587237409828	146.85587237409828
1254	147.12373575114745	147.12373575114745
1255	147.38477338710854	147.38477338710854
1256	147.64239361330377	147.64239361330377
1257	147.9009642142745	147.9009642142745
1258	148.16184341639695	148.16184341639695
1259	148.42030526383664	148.42030526383664
1260	148.68015219539393	148.68015219539393
1261	148.9395370452999	148.9395370452999
1262	149.20004654920447	149.20004654920447
1263	149.46138163769723	149.46138163769723
1264	149.733859223799	149.733859223799
1265	150.0006039812851	150.0006039812851
1266	150.2706446613725	150.2706446613725
1267	150.5469405670002	150.5469405670002
1268	150.82850906966556	150.82850906966556
1269	151.10646131714967	151.10646131714967
1270	151.380620519081	151.380620519081
1271	151.6615566178281	151.6615566178281
1272	151.94586984834555	151.94586984834555
1273	152.23746722195747	152.23746722195747
1274	152.53431338809307	152.53431338809307
1275	152.83983562406624	152.83983562406624
1276	153.14224192870753	153.14224192870753
1277	153.44907755930797	153.44907755930797
1278	153.75133267329082	153.75133267329082
1279	154.04889891247393	154.04889891247393
1280	154.354250133126	154.354250133126
1281	154.66906967232	154.66906967232
1282	154.98097456387546	154.98097456387546
1283	155.2955455790807	155.2955455790807
1284	155.6002265274913	155.6002265274913
1285	155.898954453059	155.898954453059
1286	156.1977973375668	156.1977973375668
1287	156.50109843332172	156.50109843332172
1288	156.8023539839151	156.8023539839151
1289	157.09526833430886	157.09526833430886
1290	157.39369857619437	157.39369857619437
1291	157.69296830417483	157.69296830417483
1292	157.98824377411432	157.98824377411432
1293	158.30781826463777	158.30781826463777
1294	158.63524051276266	158.63524051276266
1295	158.9662525560082	158.9662525560082
1296	159.30220061825463	159.30220061825463
1297	159.63132972514512	159.63132972514512
1298	159.96764853249744	159.96764853249744
1299	160.3139456222812	160.3139456222812
1300	160.66262270653408	160.66262270653408
1301	161.00669902294956	161.00669902294956
1302	161.34949240540078	161.34949240540078
1303	161.6823719230199	161.6823719230199
1304	162.0150865286456	162.0150865286456
1305	162.35450675267822	162.35450675267822
1306	162.70270225436784	162.70270225436784
1307	163.03709171518273	163.03709171518273
1308	163.36172796139485	163.36172796139485
1309	163.68240932069045	163.68240932069045
1310	163.99290222714404	163.99290222714404
1311	164.30666324379501	164.30666324379501
1312	164.62142560460154	164.62142560460154
1313	164.93665880534198	164.93665880534198
1314	165.23600032696473	165.23600032696473
1315	165.53303241259653	165.53303241259653
1316	165.81944710331243	165.81944710331243
1317	166.10827077057775	166.10827077057775
1318	166.3939104757692	166.3939104757692
1319	166.6856001123234	166.6856001123234
1320	166.98668033221873	166.98668033221873
1321	167.29142363245325	167.29142363245325
1322	167.59167298714846	167.59167298714846
1323	167.8917806358459	167.8917806358459
1324	168.18897348822426	168.18897348822426
1325	168.49268896800564	168.49268896800564
1326	168.81345481791382	168.81345481791382
1327	169.13008219550184	169.13008219550184
1328	169.44526790589384	169.44526790589384
1329	169.7614019343838	169.7614019343838
1330	170.0700973970199	170.0700973970199
1331	170.37959793525715	170.37959793525715
1332	170.70203432868175	170.70203432868175
1333	171.03195638714962	171.03195638714962
1334	171.35938912019466	171.35938912019466
1335	171.68867680322703	171.68867680322703
1336	172.0076066182426	172.0076066182426
1337	172.33216466428846	172.33216466428846
1338	172.66297384203082	172.66297384203082
1339	172.99201426488366	172.99201426488366
1340	173.32151429370745	173.32151429370745
1341	173.65686244792272	173.65686244792272
1342	173.9958284366003	173.9958284366003
1343	174.332398999095	174.332398999095
1344	174.66128098892355	174.66128098892355
1345	174.97917313965317	174.97917313965317
1346	175.2796364121034	175.2796364121034
1347	175.5733378042346	175.5733378042346
1348	175.8542969807695	175.8542969807695
1349	176.1337267714425	176.1337267714425
1350	176.41464078300768	176.41464078300768
1351	176.6879655180751	176.6879655180751
1352	176.95715363375308	176.95715363375308
1353	177.23263936508909	177.23263936508909
1354	177.51447940732672	177.51447940732672
1355	177.7984375672606	177.7984375672606
1356	178.07537541873864	178.07537541873864
1357	178.35237965085327	178.35237965085327
1358	178.6317410105255	178.6317410105255
1359	178.9090345546061	178.9090345546061
1360	179.19329716498441	179.19329716498441
1361	179.46945077877652	179.46945077877652
1362	179.75049954609509	179.75049954609509
1363	180.0337486155261	180.0337486155261
1364	180.31071123637065	180.31071123637065
1365	180.58568011290606	180.58568011290606
1366	180.86281216852746	180.86281216852746
1367	181.14765352704882	181.14765352704882
1368	181.42868827677256	181.42868827677256
1369	181.70079651718456	181.70079651718456
1370	181.97626254966158	181.97626254966158
1371	182.2498404123483	182.2498404123483
1372	182.5143667584024	182.5143667584024
1373	182.770560933042	182.770560933042
1374	183.0309841793049	183.0309841793049
1375	183.28370752266062	183.28370752266062
1376	183.51701674256068	183.51701674256068
1377	183.73292150592445	183.73292150592445
1378	183.9477838269799	183.9477838269799
1379	184.1578044038794	184.1578044038794
1380	184.37869713652037	184.37869713652037
1381	184.5992824513634	184.5992824513634
1382	184.83251272626396	184.83251272626396
1383	185.0674088973911	185.0674088973911
1384	185.31034216382707	185.31034216382707
1385	185.56019138585833	185.56019138585833
1386	185.81981601582638	185.81981601582638
1387	186.0696200696351	186.0696200696351
1388	186.32169685365554	186.32169685365554
1389	186.58150490990496	186.58150490990496
1390	186.84055974668465	186.84055974668465
1391	187.10744665179226	187.10744665179226
1392	187.3927299379415	187.3927299379415
1393	187.67892634417396	187.67892634417396
1394	187.97364924125938	187.97364924125938
1395	188.27735704338485	188.27735704338485
1396	188.59020851603768	188.59020851603768
1397	188.90404064673382	188.90404064673382
1398	189.22737386589282	189.22737386589282
1399	189.54947384523086	189.54947384523086
1400	189.87133980758782	189.87133980758782
1401	190.1852789825006	190.1852789825006
1402	190.49827350502738	190.49827350502738
1403	190.8125068302921	190.8125068302921
1404	191.13157542959686	191.13157542959686
1405	191.44278658477188	191.44278658477188
1406	191.7577106822631	191.7577106822631
1407	192.0755325097095	192.0755325097095
1408	192.39302494769527	192.39302494769527
1409	192.70527294412474	192.70527294412474
1410	193.01484089897824	193.01484089897824
1411	193.33903408744237	193.33903408744237
1412	193.6607506295279	193.6607506295279
1413	193.99490787567925	193.99490787567925
1414	194.3257290569909	194.3257290569909
1415	194.65571454621642	194.65571454621642
1416	194.98366173769247	194.98366173769247
1417	195.3246761639762	195.3246761639762
1418	195.65281199219314	195.65281199219314
1419	195.96503102716397	195.96503102716397
1420	196.2704387195911	196.2704387195911
1421	196.5779792449224	196.5779792449224
1422	196.87616231683404	196.87616231683404
1423	197.17810060409315	197.17810060409315
1424	197.49483044989054	197.49483044989054
1425	197.81492789907816	197.81492789907816
1426	198.14673185653535	198.14673185653535
1427	198.480226286211	198.480226286211
1428	198.81311908412704	198.81311908412704
1429	199.13283139935353	199.13283139935353
1430	199.43579689181337	199.43579689181337
1431	199.74200552355578	199.74200552355578
1432	200.03795684019863	200.03795684019863
1433	200.35147980228345	200.35147980228345
1434	200.66131443710145	200.66131443710145
1435	200.96085151331434	200.96085151331434
1436	201.2544557846223	201.2544557846223
1437	201.55561628051674	201.55561628051674
1438	201.84659231207672	201.84659231207672
1439	202.14584624465954	202.14584624465954
1440	202.4399723780676	202.4399723780676
1441	202.72462755898147	202.72462755898147
1442	203.0053423167841	203.0053423167841
1443	203.28781522514797	203.28781522514797
1444	203.59421395991643	203.59421395991643
1445	203.91068886191903	203.91068886191903
1446	204.23659442213267	204.23659442213267
1447	204.56634110926552	204.56634110926552
1448	204.89671367231236	204.89671367231236
1449	205.21283928997335	205.21283928997335
1450	205.53420329585117	205.53420329585117
1451	205.85931193206432	205.85931193206432
1452	206.1944995063287	206.1944995063287
1453	206.5277787852774	206.5277787852774
1454	206.86376006014814	206.86376006014814
1455	207.20711173381451	207.20711173381451
1456	207.55628096327484	207.55628096327484
1457	207.91813757519063	207.91813757519063
1458	208.26552925448814	208.26552925448814
1459	208.59864824435644	208.59864824435644
1460	208.93263070027155	208.93263070027155
1461	209.26540735737052	209.26540735737052
1462	209.60156399829575	209.60156399829575
1463	209.94255329015692	209.94255329015692
1464	210.27439570220392	210.27439570220392
1465	210.61067067063476	210.61067067063476
1466	210.95713376218896	210.95713376218896
1467	211.3006548340749	211.3006548340749
1468	211.65034915409242	211.65034915409242
1469	211.99576665830776	211.99576665830776
1470	212.33814965275576	212.33814965275576
1471	212.6764279559751	212.6764279559751
1472	213.00473398896716	213.00473398896716
1473	213.34064039934262	213.34064039934262
1474	213.664457804532	213.664457804532
1475	213.99181948122322	213.99181948122322
1476	214.32846497165156	214.32846497165156
1477	214.6601730443112	214.6601730443112
1478	214.99959222070365	214.99959222070365
1479	215.34417410546308	215.34417410546308
1480	215.6930577527499	215.6930577527499
1481	216.04726946872017	216.04726946872017
1482	216.3912719233657	216.3912719233657
1483	216.72513913361354	216.72513913361354
1484	217.0737402628279	217.0737402628279
1485	217.4296995667866	217.4296995667866
1486	217.78725058127293	217.78725058127293
1487	218.12760000260838	218.12760000260838
1488	218.46892420567198	218.46892420567198
1489	218.82093389831599	218.82093389831599
1490	219.15693296882012	219.15693296882012
1491	219.49543993012472	219.49543993012472
1492	219.84784586302575	219.84784586302575
1493	220.21523869743015	220.21523869743015
1494	220.57742917521423	220.57742917521423
1495	220.93291999819698	220.93291999819698
1496	221.2696725481686	221.2696725481686
1497	221.60476011439727	221.60476011439727
1498	221.93905632485232	221.93905632485232
1499	222.26468820542854	222.26468820542854
1500	222.59620841146426	222.59620841146426
1501	222.94128094600978	222.94128094600978
1502	223.29687360236375	223.29687360236375
1503	223.6532376484902	223.6532376484902
1504	224.01791707073554	224.01791707073554
1505	224.38093310250417	224.38093310250417
1506	224.73761985831322	224.73761985831322
1507	225.11578504578344	225.11578504578344
1508	225.50657993892932	225.50657993892932
1509	225.8866141369493	225.8866141369493
1510	226.262619863958	226.262619863958
1511	226.64267851784888	226.64267851784888
1512	227.03966025721036	227.03966025721036
1513	227.4403634773314	227.4403634773314
1514	227.8508114527561	227.8508114527561
1515	228.25010112551	228.25010112551
1516	228.63285445833014	228.63285445833014
1517	229.01231590255213	229.01231590255213
1518	229.38100467982667	229.38100467982667
1519	229.73627983441057	229.73627983441057
1520	230.0818997364282	230.0818997364282
1521	230.41910496367606	230.41910496367606
1522	230.76411171826595	230.76411171826595
1523	231.0780874891061	231.0780874891061
1524	231.3834072744822	231.3834072744822
1525	231.67808517097316	231.67808517097316
1526	231.97175890702675	231.97175890702675
1527	232.2721672570376	232.2721672570376
1528	232.56788515283594	232.56788515283594
1529	232.85294790489368	232.85294790489368
1530	233.1255136665522	233.1255136665522
1531	233.40596854813086	233.40596854813086
1532	233.6765249364343	233.6765249364343
1533	233.94554174287376	233.94554174287376
1534	234.19277905036935	234.19277905036935
1535	234.46018525123066	234.46018525123066
1536	234.72592555772246	234.72592555772246
1537	234.99417711347408	234.99417711347408
1538	235.27661847043885	235.27661847043885
1539	235.5720869610776	235.5720869610776
1540	235.86892017261496	235.86892017261496
1541	236.15859661012644	236.15859661012644
1542	236.42903236627785	236.42903236627785
1543	236.69407568922662	236.69407568922662
1544	236.9387606695161	236.9387606695161
1545	237.16580303281168	237.16580303281168
1546	237.3736995155338	237.3736995155338
1547	237.57622598733226	237.57622598733226
1548	237.7697736355584	237.7697736355584
1549	237.95899956302816	237.95899956302816
1550	238.147983527909	238.147983527909
1551	238.35110478634488	238.35110478634488
1552	238.5445051837691	238.5445051837691
1553	238.7314684911727	238.7314684911727
1554	238.94566796654837	238.94566796654837
1555	239.17568460279085	239.17568460279085
1556	239.38433491399957	239.38433491399957
1557	239.60224268657785	239.60224268657785
1558	239.82858973545697	239.82858973545697
1559	240.0736346125931	240.0736346125931
1560	240.32064932031346	240.32064932031346
1561	240.5536889626742	240.5536889626742
1562	240.78359438591963	240.78359438591963
1563	241.02339709754114	241.02339709754114
1564	241.27208903858119	241.27208903858119
1565	241.50245081748315	241.50245081748315
1566	241.72749595429204	241.72749595429204
1567	241.93074983053722	241.93074983053722
1568	242.12539608977067	242.12539608977067
1569	242.32121105389226	242.32121105389226
1570	242.51905729536236	242.51905729536236
1571	242.7124383253522	242.7124383253522
1572	242.87779689028991	242.87779689028991
1573	243.04991926995746	243.04991926995746
1574	243.22591700031379	243.22591700031379
1575	243.39735985240117	243.39735985240117
1576	243.5737829469374	243.5737829469374
1577	243.75721228620918	243.75721228620918
1578	243.9439435689076	243.9439435689076
1579	244.12758975123964	244.12758975123964
1580	244.31237454952108	244.31237454952108
1581	244.4924344933081	244.4924344933081
1582	244.67366698377907	244.67366698377907
1583	244.8564560846196	244.8564560846196
1584	245.04375043906373	245.04375043906373
1585	245.22622481061856	245.22622481061856
1586	245.41579788540628	245.41579788540628
1587	245.6086727829096	245.6086727829096
1588	245.7972803160531	245.7972803160531
1589	246.02029973817125	246.02029973817125
1590	246.25720592557298	246.25720592557298
1591	246.49530244544476	246.49530244544476
1592	246.72635612659144	246.72635612659144
1593	246.93870073057977	246.93870073057977
1594	247.15089634787742	247.15089634787742
1595	247.37490060858408	247.37490060858408
1596	247.59262939507465	247.59262939507465
1597	247.80948529156484	247.80948529156484
1598	248.0452638336441	248.0452638336441
1599	248.26141720931193	248.26141720931193
1600	248.50072281269837	248.50072281269837
1601	248.76077771067406	248.76077771067406
1602	249.01409524176017	249.01409524176017
1603	249.26392756930395	249.26392756930395
1604	249.5100607696142	249.5100607696142
1605	249.76159301527204	249.76159301527204
1606	250.0281706930064	250.0281706930064
1607	250.31000048151392	250.31000048151392
1608	250.58867588245573	250.58867588245573
1609	250.86993557942324	250.86993557942324
1610	251.13635557901873	251.13635557901873
1611	251.40112773159922	251.40112773159922
1612	251.6634022234141	251.6634022234141
1613	251.90779486337235	251.90779486337235
1614	252.1568186270841	252.1568186270841
1615	252.39101635083637	252.39101635083637
1616	252.64053694840024	252.64053694840024
1617	252.91012013715599	252.91012013715599
1618	253.1833804895739	253.1833804895739
1619	253.45277878151694	253.45277878151694
1620	253.71209964254268	253.71209964254268
1621	253.9573455992416	253.9573455992416
1622	254.20545235264004	254.20545235264004
1623	254.44290449460374	254.44290449460374
1624	254.68003632695292	254.68003632695292
1625	254.9173992392418	254.9173992392418
1626	255.16579355259708	255.16579355259708
1627	255.41455083030053	255.41455083030053
1628	255.680299099519	255.680299099519
1629	255.94390458185615	255.94390458185615
1630	256.21149683476546	256.21149683476546
1631	256.4837655811302	256.4837655811302
1632	256.7396800156231	256.7396800156231
1633	256.99905613923147	256.99905613923147
1634	257.2651011722654	257.2651011722654
1635	257.5203206636614	257.5203206636614
1636	257.7835203615735	257.7835203615735
1637	258.049687924789	258.049687924789
1638	258.3001189548494	258.3001189548494
1639	258.55411815749295	258.55411815749295
1640	258.8109322324969	258.8109322324969
1641	259.0611493944689	259.0611493944689
1642	259.2994079414975	259.2994079414975
1643	259.5244926785493	259.5244926785493
1644	259.7357310407965	259.7357310407965
1645	259.9719122004903	259.9719122004903
1646	260.2080121142195	260.2080121142195
1647	260.4447576729259	260.4447576729259
1648	260.6659466087125	260.6659466087125
1649	260.8751290582441	260.8751290582441
1650	261.0959319733285	261.0959319733285
1651	261.3189402187761	261.3189402187761
1652	261.548838830737	261.548838830737
1653	261.77463260393597	261.77463260393597
1654	261.9947306542534	261.9947306542534
1655	262.216654046622	262.216654046622
1656	262.40050199233644	262.40050199233644
1657	262.5745018264086	262.5745018264086
1658	262.7321541147452	262.7321541147452
1659	262.9015241384799	262.9015241384799
1660	263.0703191801321	263.0703191801321
1661	263.24092554033564	263.24092554033564
1662	263.42443524516375	263.42443524516375
1663	263.59411538555634	263.59411538555634
1664	263.78644354626084	263.78644354626084
1665	263.9954066281175	263.9954066281175
1666	264.2265180423941	264.2265180423941
1667	264.4703173349227	264.4703173349227
1668	264.7209971334169	264.7209971334169
1669	264.9646820096642	264.9646820096642
1670	265.2130182429968	265.2130182429968
1671	265.4704120324619	265.4704120324619
1672	265.7645288286583	265.7645288286583
1673	266.09285572340247	266.09285572340247
1674	266.405542187834	266.405542187834
1675	266.7086381944133	266.7086381944133
1676	266.99674637561947	266.99674637561947
1677	267.27491447427127	267.27491447427127
1678	267.52527358660683	267.52527358660683
1679	267.75478313331854	267.75478313331854
1680	267.98111052353784	267.98111052353784
1681	268.24424179888314	268.24424179888314
1682	268.5169378538527	268.5169378538527
1683	268.80849736385346	268.80849736385346
1684	269.1135556040378	269.1135556040378
1685	269.4488257722529	269.4488257722529
1686	269.79007022900964	269.79007022900964
1687	270.13409934919764	270.13409934919764
1688	270.4753587607765	270.4753587607765
1689	270.79860683638367	270.79860683638367
1690	271.1070901940987	271.1070901940987
1691	271.42239533736796	271.42239533736796
1692	271.6943895768335	271.6943895768335
1693	271.9723164642255	271.9723164642255
1694	272.2673155207445	272.2673155207445
1695	272.5436060689684	272.5436060689684
1696	272.80515425112736	272.80515425112736
1697	273.076422151205	273.076422151205
1698	273.33451552169953	273.33451552169953
1699	273.5785743630094	273.5785743630094
1700	273.8009374068955	273.8009374068955
1701	274.01071020732286	274.01071020732286
1702	274.22037324859525	274.22037324859525
1703	274.4636029349947	274.4636029349947
1704	274.7125758655584	274.7125758655584
1705	274.9693990384624	274.9693990384624
1706	275.2535236874479	275.2535236874479
1707	275.55876525068925	275.55876525068925
1708	275.85667155125077	275.85667155125077
1709	276.1308007187605	276.1308007187605
1710	276.4022516151848	276.4022516151848
1711	276.66708448841916	276.66708448841916
1712	276.9532283851081	276.9532283851081
1713	277.229410860085	277.229410860085
1714	277.4895942714215	277.4895942714215
1715	277.7567665355208	277.7567665355208
1716	277.99849033844555	277.99849033844555
1717	278.2203178461146	278.2203178461146
1718	278.3998859455377	278.3998859455377
1719	278.58471282516865	278.58471282516865
1720	278.79154829730743	278.79154829730743
1721	279.00741331407863	279.00741331407863
1722	279.2452613942696	279.2452613942696
1723	279.48805482991503	279.48805482991503
1724	279.72366978369956	279.72366978369956
1725	279.982889063884	279.982889063884
1726	280.2325753425181	280.2325753425181
1727	280.4674600380174	280.4674600380174
1728	280.6948608505026	280.6948608505026
1729	280.91951508740857	280.91951508740857
1730	281.1359565908625	281.1359565908625
1731	281.38079934963093	281.38079934963093
1732	281.6382476426446	281.6382476426446
1733	281.9147780429083	281.9147780429083
1734	282.19114276489375	282.19114276489375
1735	282.475865887293	282.475865887293
1736	282.7782821350739	282.7782821350739
1737	283.10371714212573	283.10371714212573
1738	283.45101681128125	283.45101681128125
1739	283.79442101288896	283.79442101288896
1740	284.1167960859784	284.1167960859784
1741	284.47384352014456	284.47384352014456
1742	284.8308296682537	284.8308296682537
1743	285.21627909354515	285.21627909354515
1744	285.5959013556603	285.5959013556603
1745	285.98877895639987	285.98877895639987
1746	286.39318211344465	286.39318211344465
1747	286.7829295182308	286.7829295182308
1748	287.19633515828093	287.19633515828093
1749	287.60990378817235	287.60990378817235
1750	288.06933644812904	288.06933644812904
1751	288.5260154329069	288.5260154329069
1752	289.0081059236471	289.0081059236471
1753	289.5199340141608	289.5199340141608
1754	290.0169118473108	290.0169118473108
1755	290.4932905314666	290.4932905314666
1756	290.951495208477	290.951495208477
1757	291.3903580756726	291.3903580756726
1758	291.81659868230827	291.81659868230827
1759	292.2207478405328	292.2207478405328
1760	292.61703873711417	292.61703873711417
1761	292.995767662039	292.995767662039
1762	293.3694115584687	293.3694115584687
1763	293.7076411806826	293.7076411806826
1764	294.0580013217408	294.0580013217408
1765	294.4050550225973	294.4050550225973
1766	294.7391289764063	294.7391289764063
1767	295.08710354336426	295.08710354336426
1768	295.4342620286531	295.4342620286531
1769	295.78605107096547	295.78605107096547
1770	296.13952432900624	296.13952432900624
1771	296.45558633734584	296.45558633734584
1772	296.7476789696815	296.7476789696815
1773	297.0389576900514	297.0389576900514
1774	297.32801981214686	297.32801981214686
1775	297.6219710153213	297.6219710153213
1776	297.9168407351799	297.9168407351799
1777	298.1604802989402	298.1604802989402
1778	298.390938832499	298.390938832499
1779	298.6246009560104	298.6246009560104
1780	298.8809723199918	298.8809723199918
1781	299.13191779892423	299.13191779892423
1782	299.3962810119343	299.3962810119343
1783	299.6682929891487	299.6682929891487
1784	299.91462818622307	299.91462818622307
1785	300.10198220072505	300.10198220072505
1786	300.2871740445859	300.2871740445859
1787	300.4832374474656	300.4832374474656
1788	300.68597994964637	300.68597994964637
1789	300.89452086675067	300.89452086675067
1790	301.13507609296653	301.13507609296653
1791	301.3850365069668	301.3850365069668
1792	301.6130156276256	301.6130156276256
1793	301.8414373896402	301.8414373896402
1794	302.0575814003448	302.0575814003448
1795	302.2862269202358	302.2862269202358
1796	302.49102496416276	302.49102496416276
1797	302.7135381368409	302.7135381368409
1798	302.89156997155203	302.89156997155203
1799	303.0353021689368	303.0353021689368
1800	303.1546061428996	303.1546061428996
1801	303.28944750134497	303.28944750134497
1802	303.42323765398464	303.42323765398464
1803	303.53005548590687	303.53005548590687
1804	303.6286336297026	303.6286336297026
1805	303.7267163997252	303.7267163997252
1806	303.85893943186346	303.85893943186346
1807	303.9628930966436	303.9628930966436
1808	304.0775465903529	304.0775465903529
1809	304.18516365636424	304.18516365636424
1810	304.2979477845308	304.2979477845308
1811	304.411446895175	304.411446895175
1812	304.5222700620818	304.5222700620818
1813	304.66104053687525	304.66104053687525
1814	304.81147830522605	304.81147830522605
1815	304.9413705255153	304.9413705255153
1816	305.04573472850905	305.04573472850905
1817	305.11898618017415	305.11898618017415
1818	305.18595046736783	305.18595046736783
1819	305.24875331521815	305.24875331521815
1820	305.28190023406796	305.28190023406796
1821	305.312790066203	305.312790066203
1822	305.3438224135466	305.3438224135466
1823	305.3854423419649	305.3854423419649
1824	305.4547574497867	305.4547574497867
1825	305.5297407504285	305.5297407504285
1826	305.6178254908443	305.6178254908443
1827	305.71162150238285	305.71162150238285
1828	305.7987672892632	305.7987672892632
1829	305.9138579484186	305.9138579484186
1830	306.0265223563793	306.0265223563793
1831	306.1540108447721	306.1540108447721
1832	306.27236195993544	306.27236195993544
1833	306.3787601538216	306.3787601538216
1834	306.53343200273656	306.53343200273656
1835	306.69225317569686	306.69225317569686
1836	306.81904953893167	306.81904953893167
1837	306.9190855807249	306.9190855807249
1838	306.98101079203946	306.98101079203946
1839	307.04301264355297	307.04301264355297
1840	307.0969234380654	307.0969234380654
1841	307.1585160333311	307.1585160333311
1842	307.216138656792	307.216138656792
1843	307.26714284853995	307.26714284853995
1844	307.33941607663564	307.33941607663564
1845	307.4176708553227	307.4176708553227
1846	307.49561086481566	307.49561086481566
1847	307.56370064776155	307.56370064776155
1848	307.61812640578404	307.61812640578404
1849	307.62936971688424	307.62936971688424
1850	307.60765054357614	307.60765054357614
1851	307.6187580109315	307.6187580109315
1852	307.6668196037798	307.6668196037798
1853	307.727340170227	307.727340170227
1854	307.81487565078703	307.81487565078703
1855	307.8926209679944	307.8926209679944
1856	307.98071832410113	307.98071832410113
1857	308.0466711868591	308.0466711868591
1858	308.12652999610543	308.12652999610543
1859	308.18047093326436	308.18047093326436
1860	308.19743528623883	308.19743528623883
1861	308.2008591526011	308.2008591526011
1862	308.22758019023235	308.22758019023235
1863	308.2940405837548	308.2940405837548
1864	308.3717415191527	308.3717415191527
1865	308.48600390444875	308.48600390444875
1866	308.62057964198385	308.62057964198385
1867	308.7363255398209	308.7363255398209
1868	308.8561604895582	308.8561604895582
1869	308.96705536468437	308.96705536468437
1870	309.03534348973085	309.03534348973085
1871	309.107515966977	309.107515966977
1872	309.1754342307494	309.1754342307494
1873	309.2112563224601	309.2112563224601
1874	309.265595600561	309.265595600561
1875	309.3304489409191	309.3304489409191
1876	309.3848254098805	309.3848254098805
1877	309.3712475572789	309.3712475572789
1878	309.33597946701445	309.33597946701445
1879	309.2770445008355	309.2770445008355
1880	309.25987595562685	309.25987595562685
1881	309.20076376081585	309.20076376081585
1882	309.124375435262	309.124375435262
1883	309.0569590568755	309.0569590568755
1884	309.00999010280896	309.00999010280896
1885	308.9463366972243	308.9463366972243
1886	308.8730566507811	308.8730566507811
1887	308.8220579913962	308.8220579913962
1888	308.75152346914484	308.75152346914484
1889	308.63055394529823	308.63055394529823
1890	308.467047438446	308.467047438446
1891	308.3160516575839	308.3160516575839
1892	308.1522294773721	308.1522294773721
1893	307.98183701166016	307.98183701166016
1894	307.8448649343781	307.8448649343781
1895	307.7389350474598	307.7389350474598
1896	307.65948232293914	307.65948232293914
1897	307.5554155542161	307.5554155542161
1898	307.4564883219001	307.4564883219001
1899	307.34213312161046	307.34213312161046
1900	307.2233419096555	307.2233419096555
1901	307.15421789477114	307.15421789477114
1902	307.12712895940166	307.12712895940166
1903	307.1093346276305	307.1093346276305
1904	307.0904578384633	307.0904578384633
1905	307.0752164835982	307.0752164835982
1906	307.0604385975557	307.0604385975557
1907	307.10141460551387	307.10141460551387
1908	307.1547442216347	307.1547442216347
1909	307.1906758870555	307.1906758870555
1910	307.2526429800407	307.2526429800407
1911	307.2858765839637	307.2858765839637
1912	307.2854702513486	307.2854702513486
1913	307.24892693415353	307.24892693415353
1914	307.25255202223644	307.25255202223644
1915	307.3186663579156	307.3186663579156
1916	307.38605574939396	307.38605574939396
1917	307.4371155614644	307.4371155614644
1918	307.47853817963113	307.47853817963113
1919	307.5224824053532	307.5224824053532
1920	307.61915426054975	307.61915426054975
1921	307.7134664643573	307.7134664643573
1922	307.8009792341007	307.8009792341007
1923	307.84117221452954	307.84117221452954
1924	307.8004757565681	307.8004757565681
1925	307.77943621695965	307.77943621695965
1926	307.7892755306058	307.7892755306058
1927	307.8392572112785	307.8392572112785
1928	307.8840744456226	307.8840744456226
1929	307.9176270974421	307.9176270974421
1930	308.0024084366463	308.0024084366463
1931	308.1011690826557	308.1011690826557
1932	308.2726966909239	308.2726966909239
1933	308.4736784500521	308.4736784500521
1934	308.6651247963416	308.6651247963416
1935	308.82702709377486	308.82702709377486
1936	308.9859394625558	308.9859394625558
1937	309.10826265569085	309.10826265569085
1938	309.23311228680313	309.23311228680313
1939	309.41271981277026	309.41271981277026
1940	309.561084828861	309.561084828861
1941	309.7660100013492	309.7660100013492
1942	309.9850768960473	309.9850768960473
1943	310.20229763488095	310.20229763488095
1944	310.42017331573413	310.42017331573413
1945	310.6496598340586	310.6496598340586
1946	310.8953756270388	310.8953756270388
1947	311.1356346099838	311.1356346099838
1948	311.3951596477303	311.3951596477303
1949	311.64624891761025	311.64624891761025
1950	311.88905394527114	311.88905394527114
1951	312.16342361280385	312.16342361280385
1952	312.4343599109268	312.4343599109268
1953	312.6996820935152	312.6996820935152
1954	313.0128275638731	313.0128275638731
1955	313.2830263824467	313.2830263824467
1956	313.6049277397991	313.6049277397991
1957	313.9269801251985	313.9269801251985
1958	314.2535668869457	314.2535668869457
1959	314.5334286410446	314.5334286410446
1960	314.8410867861756	314.8410867861756
1961	315.18698035818926	315.18698035818926
1962	315.51240803594135	315.51240803594135
1963	315.8489188312757	315.8489188312757
1964	316.137786878483	316.137786878483
1965	316.43762093399516	316.43762093399516
1966	316.76416877759647	316.76416877759647
1967	317.0463142733017	317.0463142733017
1968	317.2715619758914	317.2715619758914
1969	317.5413135158719	317.5413135158719
1970	317.8171950868688	317.8171950868688
1971	318.01926647114703	318.01926647114703
1972	318.2078749999347	318.2078749999347
1973	318.336304666591	318.336304666591
1974	318.4991921239431	318.4991921239431
1975	318.6627552093701	318.6627552093701
1976	318.8065892978119	318.8065892978119
1977	318.99215423183574	318.99215423183574
1978	319.14494151952766	319.14494151952766
1979	319.30469566986216	319.30469566986216
1980	319.5368511936791	319.5368511936791
1981	319.74433707124933	319.74433707124933
1982	319.9813881389503	319.9813881389503
1983	320.25999345746254	320.25999345746254
1984	320.48713875491376	320.48713875491376
1985	320.7204373262129	320.7204373262129
1986	320.97878081116374	320.97878081116374
1987	321.2314348750275	321.2314348750275
1988	321.4606416452911	321.4606416452911
1989	321.6973063357111	321.6973063357111
1990	321.977934919986	321.977934919986
1991	322.2531131497934	322.2531131497934
1992	322.5313383014402	322.5313383014402
1993	322.78694626990165	322.78694626990165
1994	323.1109722405474	323.1109722405474
1995	323.4193299651426	323.4193299651426
1996	323.7353872088007	323.7353872088007
1997	324.0372387449113	324.0372387449113
1998	324.31930376866086	324.31930376866086
1999	324.6165453529323	324.6165453529323
2000	324.9016083231503	324.9016083231503
2001	325.1843176564282	325.1843176564282
2002	325.5177155921864	325.5177155921864
2003	325.81650783339165	325.81650783339165
2004	326.1515703579907	326.1515703579907
2005	326.4536862050104	326.4536862050104
2006	326.72788639044035	326.72788639044035
2007	327.05680733301745	327.05680733301745
2008	327.41078167000506	327.41078167000506
2009	327.7366823537221	327.7366823537221
2010	328.02242950235836	328.02242950235836
2011	328.32175491451625	328.32175491451625
2012	328.5896614390439	328.5896614390439
2013	328.9308753325822	328.9308753325822
2014	329.25138611993947	329.25138611993947
2015	329.51437815216553	329.51437815216553
2016	329.73333096227947	329.73333096227947
2017	329.94762583906163	329.94762583906163
2018	330.20326580633514	330.20326580633514
2019	330.3336966573774	330.3336966573774
2020	330.45339494074045	330.45339494074045
2021	330.5727039575644	330.5727039575644
2022	330.69205501670024	330.69205501670024
2023	330.79588322470147	330.79588322470147
2024	330.9523680301274	330.9523680301274
2025	331.139451825372	331.139451825372
2026	331.32609951434847	331.32609951434847
2027	331.44401111673193	331.44401111673193
2028	331.59290697283757	331.59290697283757
2029	331.74126382015817	331.74126382015817
2030	331.9075994306711	331.9075994306711
2031	331.9389593930819	331.9389593930819
2032	331.84566542869	331.84566542869
2033	331.66671825457445	331.66671825457445
2034	331.4949028690774	331.4949028690774
2035	331.4257275503433	331.4257275503433
2036	331.3309517818063	331.3309517818063
2037	331.2449013557415	331.2449013557415
2038	331.1919003366969	331.1919003366969
2039	331.183556445475	331.183556445475
2040	331.0830971087983	331.0830971087983
2041	330.9883827548461	330.9883827548461
2042	330.8744137747768	330.8744137747768
2043	330.67683150670655	330.67683150670655
2044	330.4897002812456	330.4897002812456
2045	330.3351295217818	330.3351295217818
2046	330.26470182286863	330.26470182286863
2047	330.164606407428	330.164606407428
2048	329.92444190669477	329.92444190669477
2049	329.64415624785624	329.64415624785624
2050	329.4774823875111	329.4774823875111
2051	329.37446695441236	329.37446695441236
2052	329.2736910749565	329.2736910749565
2053	329.1500518703085	329.1500518703085
2054	328.9648923808793	328.9648923808793
2055	328.73971433202274	328.73971433202274
2056	328.546465770176	328.546465770176
2057	328.37384152931634	328.37384152931634
2058	328.2199022060136	328.2199022060136
2059	328.05074799398704	328.05074799398704
2060	327.94282879167855	327.94282879167855
2061	327.7943229696368	327.7943229696368
2062	327.5288697324879	327.5288697324879
2063	327.3216124930932	327.3216124930932
2064	327.17834763798976	327.17834763798976
2065	326.97921641952195	326.97921641952195
2066	326.81071828542684	326.81071828542684
2067	326.57111606919136	326.57111606919136
2068	326.36423819127947	326.36423819127947
2069	326.159423450472	326.159423450472
2070	325.9698679638813	325.9698679638813
2071	325.7392052613891	325.7392052613891
2072	325.46164809860596	325.46164809860596
2073	325.1984921890038	325.1984921890038
2074	324.89072009365907	324.89072009365907
2075	324.6035264465317	324.6035264465317
2076	324.32733606969936	324.32733606969936
2077	324.16018504607996	324.16018504607996
2078	323.9477035264686	323.9477035264686
2079	323.7774294993737	323.7774294993737
2080	323.687852199136	323.687852199136
2081	323.49824126009884	323.49824126009884
2082	323.3408032146122	323.3408032146122
2083	323.26015252933047	323.26015252933047
2084	323.2237939658065	323.2237939658065
2085	323.22391594067653	323.22391594067653
2086	323.2587280444362	323.2587280444362
2087	323.284215974639	323.284215974639
2088	323.32819865780624	323.32819865780624
2089	323.37611874894185	323.37611874894185
2090	323.44462349848607	323.44462349848607
2091	323.55038340170637	323.55038340170637
2092	323.6403766415789	323.6403766415789
2093	323.71692997380944	323.71692997380944
2094	323.80200959450934	323.80200959450934
2095	323.8209453914171	323.8209453914171
2096	323.8531803030757	323.8531803030757
2097	323.8332678236351	323.8332678236351
2098	323.900293374401	323.900293374401
2099	323.9676921815523	323.9676921815523
2100	324.1085495687477	324.1085495687477
2101	324.0993584236979	324.0993584236979
2102	323.9926238691442	323.9926238691442
2103	323.7802398131175	323.7802398131175
2104	323.4890176972836	323.4890176972836
2105	323.3140540940015	323.3140540940015
2106	323.0441877423808	323.0441877423808
2107	322.76967272851647	322.76967272851647
2108	322.4383662306526	322.4383662306526
2109	322.0367304841932	322.0367304841932
2110	321.6658592052758	321.6658592052758
2111	321.0702864352445	321.0702864352445
2112	320.519529922115	320.519529922115
2113	319.8433130590928	319.8433130590928
2114	319.20207850856764	319.20207850856764
2115	318.705140153071	318.705140153071
2116	318.3389852042797	318.3389852042797
2117	317.94605724400805	317.94605724400805
2118	317.5897472571056	317.5897472571056
2119	317.1669878332326	317.1669878332326
2120	316.8749077171512	316.8749077171512
2121	316.7563451393076	316.7563451393076
2122	316.5985033410705	316.5985033410705
2123	316.26114088035615	316.26114088035615
2124	315.85891665042925	315.85891665042925
2125	315.4500867768598	315.4500867768598
2126	315.1557582616486	315.1557582616486
2127	314.9615258831496	314.9615258831496
2128	314.8841943143261	314.8841943143261
2129	314.86184712489774	314.86184712489774
2130	314.8267556621527	314.8267556621527
2131	314.87893521348576	314.87893521348576
2132	314.96799223048293	314.96799223048293
2133	314.94533234382453	314.94533234382453
2134	314.6461695117515	314.6461695117515
2135	314.2488981584266	314.2488981584266
2136	313.78794407068085	313.78794407068085
2137	313.20354169258	313.20354169258
2138	312.62256973046374	312.62256973046374
2139	312.0191086410015	312.0191086410015
2140	311.24917786877825	311.24917786877825
2141	310.41872855059916	310.41872855059916
2142	309.5473302114148	309.5473302114148
2143	308.7498376616652	308.7498376616652
2144	308.0064762968692	308.0064762968692
2145	307.15884081380364	307.15884081380364
2146	306.4016721997662	306.4016721997662
2147	305.49544544885623	305.49544544885623
2148	304.6808328670973	304.6808328670973
2149	303.8138507435652	303.8138507435652
2150	303.1678220112595	303.1678220112595
2151	302.44128260238676	302.44128260238676
2152	301.7594263148597	301.7594263148597
2153	300.971081836081	300.971081836081
2154	300.1748958746915	300.1748958746915
2155	299.34480469973636	299.34480469973636
2156	298.58379944230626	298.58379944230626
2157	297.98718193882416	297.98718193882416
2158	297.15386812634654	297.15386812634654
2159	296.33503991539334	296.33503991539334
2160	295.60818099121667	295.60818099121667
2161	294.88493971149813	294.88493971149813
2162	294.1189819030834	294.1189819030834
2163	293.5092079660385	293.5092079660385
2164	293.15508658649054	293.15508658649054
2165	292.8216517738136	292.8216517738136
2166	292.51002200387404	292.51002200387404
2167	292.07472259344553	292.07472259344553
2168	291.74364779663955	291.74364779663955
2169	291.2413978610473	291.2413978610473
2170	290.4533469550769	290.4533469550769
2171	289.8311199892026	289.8311199892026
2172	289.3893926240499	289.3893926240499
2173	289.00918062084054	289.00918062084054
2174	288.8027320771701	288.8027320771701
2175	288.8265910175026	288.8265910175026
2176	288.8783814190879	288.8783814190879
2177	288.69541924261085	288.69541924261085
2178	288.5561943894623	288.5561943894623
2179	288.44970754756326	288.44970754756326
2180	288.38192772290546	288.38192772290546
2181	288.20055591001824	288.20055591001824
2182	287.81727953129143	287.81727953129143
2183	287.0638891677071	287.0638891677071
2184	286.2571603605729	286.2571603605729
2185	285.49669944340815	285.49669944340815
2186	284.2105990659394	284.2105990659394
2187	282.6831002160446	282.6831002160446
2188	280.90132753078416	280.90132753078416
2189	279.2578331496647	279.2578331496647
2190	277.67514964030136	277.67514964030136
2191	276.2000079848913	276.2000079848913
2192	274.6293292910794	274.6293292910794
2193	273.16662301481983	273.16662301481983
2194	271.85065606904107	271.85065606904107
2195	270.4348498479271	270.4348498479271
2196	269.23854390208203	269.23854390208203
2197	268.2511294026508	268.2511294026508
2198	267.4191747359452	267.4191747359452
2199	266.64485552867893	266.64485552867893
2200	265.9876587585025	265.9876587585025
2201	265.4359181750598	265.4359181750598
2202	265.3518836611371	265.3518836611371
2203	265.3665510441467	265.3665510441467
2204	265.1385594087231	265.1385594087231
2205	264.958679528339	264.958679528339
2206	264.7227918639954	264.7227918639954
2207	264.2629949174904	264.2629949174904
2208	263.87381108462165	263.87381108462165
2209	263.28343964581813	263.28343964581813
2210	262.52184245562347	262.52184245562347
2211	260.94014939739793	260.94014939739793
2212	259.43451558375466	259.43451558375466
2213	257.32281812306803	257.32281812306803
2214	254.98751888501104	254.98751888501104
2215	252.85843590247248	252.85843590247248
2216	250.47501744819695	250.47501744819695
2217	248.6246935728651	248.6246935728651
2218	247.24112622102075	247.24112622102075
2219	246.13037595128048	246.13037595128048
2220	244.87693165388757	244.87693165388757
2221	244.0032563872588	244.0032563872588
2222	243.77133142242428	243.77133142242428
2223	244.35608304372482	244.35608304372482
2224	245.10206689852797	245.10206689852797
2225	245.6285810952581	245.6285810952581
2226	246.2927108915321	246.2927108915321
2227	246.20102211670104	246.20102211670104
2228	245.8016138521146	245.8016138521146
2229	245.65997291332246	245.65997291332246
2230	246.43117024811934	246.43117024811934
2231	248.6551126447617	248.6551126447617
2232	250.94460853689122	250.94460853689122
2233	252.85785435465405	252.85785435465405
2234	255.41974329413267	255.41974329413267
2235	256.151009375277	256.151009375277
2236	256.62792035386894	256.62792035386894
2237	256.6072942383239	256.6072942383239
2238	256.1696583058158	256.1696583058158
