#Calcul du déplacement moyen
#Time	dqmoy	part_0
1	0.0794684941183599	0.0794684941183599
2	0.1832371889140967	0.1832371889140967
3	0.29024333351956827	0.29024333351956827
4	0.3900421248079654	0.3900421248079654
5	0.49218374050811003	0.49218374050811003
6	0.5936239355237967	0.5936239355237967
7	0.7070032149744384	0.7070032149744384
8	0.8209182557599634	0.8209182557599634
9	0.9319793723439644	0.9319793723439644
10	1.032487814364241	1.032487814364241
11	1.1308900788541767	1.1308900788541767
12	1.2284262185837367	1.2284262185837367
13	1.3375235448829015	1.3375235448829015
14	1.4441491260056372	1.4441491260056372
15	1.5541383252407184	1.5541383252407184
16	1.66238163608795	1.66238163608795
17	1.7696669055756975	1.7696669055756975
18	1.8768718162398557	1.8768718162398557
19	1.9850239025996792	1.9850239025996792
20	2.094692600467548	2.094692600467548
21	2.2050979984983448	2.2050979984983448
22	2.3159183411988913	2.3159183411988913
23	2.4237310444803484	2.4237310444803484
24	2.5339172397940217	2.5339172397940217
25	2.6494254985809187	2.6494254985809187
26	2.768382478361415	2.768382478361415
27	2.888794597233411	2.888794597233411
28	3.0052407634818556	3.0052407634818556
29	3.1129710399209953	3.1129710399209953
30	3.218334647505028	3.218334647505028
31	3.3226470808543564	3.3226470808543564
32	3.4289704833969603	3.4289704833969603
33	3.5313703171281325	3.5313703171281325
34	3.629387683954988	3.629387683954988
35	3.7170196142436547	3.7170196142436547
36	3.800516123113639	3.800516123113639
37	3.8831048738067446	3.8831048738067446
38	3.9706310713462125	3.9706310713462125
39	4.058336315391106	4.058336315391106
40	4.145503357264646	4.145503357264646
41	4.226565228884788	4.226565228884788
42	4.305904187250369	4.305904187250369
43	4.385222713309048	4.385222713309048
44	4.464704183650636	4.464704183650636
45	4.545771683535575	4.545771683535575
46	4.631397831856158	4.631397831856158
47	4.711979842291703	4.711979842291703
48	4.792894029418777	4.792894029418777
49	4.871548762867628	4.871548762867628
50	4.953647898121048	4.953647898121048
51	5.029993620478695	5.029993620478695
52	5.106553099475944	5.106553099475944
53	5.174705500201343	5.174705500201343
54	5.246114560558987	5.246114560558987
55	5.317617042072295	5.317617042072295
56	5.3899939969953365	5.3899939969953365
57	5.458388436655069	5.458388436655069
58	5.528867388789411	5.528867388789411
59	5.596078356861008	5.596078356861008
60	5.663926743061056	5.663926743061056
61	5.731423882659873	5.731423882659873
62	5.805851865695374	5.805851865695374
63	5.8837266610559755	5.8837266610559755
64	5.964697727186108	5.964697727186108
65	6.04383673848978	6.04383673848978
66	6.124492977939114	6.124492977939114
67	6.207717327976371	6.207717327976371
68	6.292641396329301	6.292641396329301
69	6.382455186926555	6.382455186926555
70	6.474170513808257	6.474170513808257
71	6.561045251399237	6.561045251399237
72	6.642342177508609	6.642342177508609
73	6.722191827252169	6.722191827252169
74	6.802009249097001	6.802009249097001
75	6.8831045304554275	6.8831045304554275
76	6.968782268591135	6.968782268591135
77	7.058250795860368	7.058250795860368
78	7.147126548875812	7.147126548875812
79	7.236003683451885	7.236003683451885
80	7.324330390434714	7.324330390434714
81	7.410879118983994	7.410879118983994
82	7.492171331150242	7.492171331150242
83	7.573565675956752	7.573565675956752
84	7.652403776387185	7.652403776387185
85	7.732332593609044	7.732332593609044
86	7.8069138545772905	7.8069138545772905
87	7.884447317744865	7.884447317744865
88	7.962862165793608	7.962862165793608
89	8.043571857994886	8.043571857994886
90	8.126192248876524	8.126192248876524
91	8.208083800177377	8.208083800177377
92	8.287240362289895	8.287240362289895
93	8.364635171226018	8.364635171226018
94	8.437003582324865	8.437003582324865
95	8.508881366832643	8.508881366832643
96	8.576624157480222	8.576624157480222
97	8.644745355211178	8.644745355211178
98	8.708608258336206	8.708608258336206
99	8.77514588138062	8.77514588138062
100	8.838085058574306	8.838085058574306
101	8.902121838238994	8.902121838238994
102	8.96595859925994	8.96595859925994
103	9.02982477919711	9.02982477919711
104	9.090785522954308	9.090785522954308
105	9.152547851166219	9.152547851166219
106	9.209864765683761	9.209864765683761
107	9.268605586387972	9.268605586387972
108	9.332287823098977	9.332287823098977
109	9.402560664758198	9.402560664758198
110	9.470059620998097	9.470059620998097
111	9.535489243267154	9.535489243267154
112	9.599542172127029	9.599542172127029
113	9.665229104386082	9.665229104386082
114	9.73423075585022	9.73423075585022
115	9.80489304763124	9.80489304763124
116	9.874295956986174	9.874295956986174
117	9.939359219027292	9.939359219027292
118	9.998082258465871	9.998082258465871
119	10.052489210037479	10.052489210037479
120	10.112443851611044	10.112443851611044
121	10.177088849419945	10.177088849419945
122	10.2424539569755	10.2424539569755
123	10.306632302390083	10.306632302390083
124	10.373251504505948	10.373251504505948
125	10.44156971836094	10.44156971836094
126	10.510200346432804	10.510200346432804
127	10.584170287540147	10.584170287540147
128	10.661831815054073	10.661831815054073
129	10.734109088897675	10.734109088897675
130	10.80533439096568	10.80533439096568
131	10.871058330263342	10.871058330263342
132	10.935818161498606	10.935818161498606
133	11.004133752064401	11.004133752064401
134	11.072642886933622	11.072642886933622
135	11.140982514627796	11.140982514627796
136	11.205825868482854	11.205825868482854
137	11.266693785288862	11.266693785288862
138	11.33261901527091	11.33261901527091
139	11.403069760018493	11.403069760018493
140	11.476458184650944	11.476458184650944
141	11.548923981789601	11.548923981789601
142	11.61735924655178	11.61735924655178
143	11.67786289048738	11.67786289048738
144	11.740739482349204	11.740739482349204
145	11.808455694156393	11.808455694156393
146	11.880847542500396	11.880847542500396
147	11.95363451975275	11.95363451975275
148	12.024070108958538	12.024070108958538
149	12.093037154390577	12.093037154390577
150	12.16766419664251	12.16766419664251
151	12.246306501204014	12.246306501204014
152	12.32303786763742	12.32303786763742
153	12.408159048336938	12.408159048336938
154	12.496839213075997	12.496839213075997
155	12.579746233052047	12.579746233052047
156	12.661378375651996	12.661378375651996
157	12.744761930187188	12.744761930187188
158	12.833322709950458	12.833322709950458
159	12.92511681082241	12.92511681082241
160	13.01647440861456	13.01647440861456
161	13.106764917470786	13.106764917470786
162	13.199202177346852	13.199202177346852
163	13.291155560240314	13.291155560240314
164	13.384723378695073	13.384723378695073
165	13.482883033247926	13.482883033247926
166	13.582018311679109	13.582018311679109
167	13.681151086737376	13.681151086737376
168	13.779674906904184	13.779674906904184
169	13.881415086448081	13.881415086448081
170	13.983918570277169	13.983918570277169
171	14.087289124571846	14.087289124571846
172	14.187964496282685	14.187964496282685
173	14.279805082248625	14.279805082248625
174	14.364740936787943	14.364740936787943
175	14.445175044280985	14.445175044280985
176	14.525931567039432	14.525931567039432
177	14.610751590176749	14.610751590176749
178	14.698511431795046	14.698511431795046
179	14.784436468327344	14.784436468327344
180	14.866417319568072	14.866417319568072
181	14.94951285933293	14.94951285933293
182	15.033243329296013	15.033243329296013
183	15.121529588294075	15.121529588294075
184	15.207704975268527	15.207704975268527
185	15.285782801902306	15.285782801902306
186	15.355993639078722	15.355993639078722
187	15.423038053268467	15.423038053268467
188	15.488669787602038	15.488669787602038
189	15.55444089250568	15.55444089250568
190	15.617805380144425	15.617805380144425
191	15.676062553746828	15.676062553746828
192	15.729596945212517	15.729596945212517
193	15.780401500320142	15.780401500320142
194	15.828706305058539	15.828706305058539
195	15.88200488615923	15.88200488615923
196	15.92965437822788	15.92965437822788
197	15.977140248796083	15.977140248796083
198	16.02257094770463	16.02257094770463
199	16.063846569671462	16.063846569671462
200	16.104846691856	16.104846691856
201	16.147252598328283	16.147252598328283
202	16.192498223680502	16.192498223680502
203	16.239687128836245	16.239687128836245
204	16.289934626655356	16.289934626655356
205	16.338366658709916	16.338366658709916
206	16.391569074142808	16.391569074142808
207	16.443449307317728	16.443449307317728
208	16.498146899875458	16.498146899875458
209	16.550595063385387	16.550595063385387
210	16.60098730008007	16.60098730008007
211	16.648917229068605	16.648917229068605
212	16.696670976753396	16.696670976753396
213	16.74160014943544	16.74160014943544
214	16.788069588020775	16.788069588020775
215	16.83107830157747	16.83107830157747
216	16.87183197472442	16.87183197472442
217	16.90595610658292	16.90595610658292
218	16.93685362267874	16.93685362267874
219	16.96738522625085	16.96738522625085
220	17.00136858115992	17.00136858115992
221	17.039916362124323	17.039916362124323
222	17.078340204121194	17.078340204121194
223	17.11310061042544	17.11310061042544
224	17.150000517505944	17.150000517505944
225	17.193284765466657	17.193284765466657
226	17.242799671243603	17.242799671243603
227	17.298266568456413	17.298266568456413
228	17.356307434057847	17.356307434057847
229	17.41156871212608	17.41156871212608
230	17.461729603365924	17.461729603365924
231	17.508988875630358	17.508988875630358
232	17.559591717071427	17.559591717071427
233	17.61285348329021	17.61285348329021
234	17.66342385550664	17.66342385550664
235	17.711829495954746	17.711829495954746
236	17.757443585582156	17.757443585582156
237	17.800434578195933	17.800434578195933
238	17.847827979878527	17.847827979878527
239	17.894942622789063	17.894942622789063
240	17.94292707891305	17.94292707891305
241	17.9869103710712	17.9869103710712
242	18.031220390292788	18.031220390292788
243	18.073431515263522	18.073431515263522
244	18.117189193363757	18.117189193363757
245	18.16383414020482	18.16383414020482
246	18.210120331279803	18.210120331279803
247	18.256331189673567	18.256331189673567
248	18.301889809861358	18.301889809861358
249	18.341938606968462	18.341938606968462
250	18.384533170166215	18.384533170166215
251	18.43279287031646	18.43279287031646
252	18.480708486677027	18.480708486677027
253	18.524741369579587	18.524741369579587
254	18.565279449934685	18.565279449934685
255	18.604022510031275	18.604022510031275
256	18.64391549573444	18.64391549573444
257	18.691319503916873	18.691319503916873
258	18.738200363150565	18.738200363150565
259	18.78436226372735	18.78436226372735
260	18.82060195418194	18.82060195418194
261	18.85500131576151	18.85500131576151
262	18.887343279154237	18.887343279154237
263	18.923399298400447	18.923399298400447
264	18.963217671390275	18.963217671390275
265	19.005605921129458	19.005605921129458
266	19.043234856814486	19.043234856814486
267	19.082622753983948	19.082622753983948
268	19.123400205884444	19.123400205884444
269	19.168296584921077	19.168296584921077
270	19.21352868202341	19.21352868202341
271	19.26101260192548	19.26101260192548
272	19.305403985326585	19.305403985326585
273	19.34884442353021	19.34884442353021
274	19.388836955179247	19.388836955179247
275	19.42818324331376	19.42818324331376
276	19.46432260798841	19.46432260798841
277	19.501098452449952	19.501098452449952
278	19.533181407748526	19.533181407748526
279	19.568706973099566	19.568706973099566
280	19.605330157928428	19.605330157928428
281	19.643175565263395	19.643175565263395
282	19.67784208797609	19.67784208797609
283	19.711638863993265	19.711638863993265
284	19.745061730818342	19.745061730818342
285	19.777177867345813	19.777177867345813
286	19.806292791322683	19.806292791322683
287	19.837279294612106	19.837279294612106
288	19.865713920781335	19.865713920781335
289	19.894981745797587	19.894981745797587
290	19.926057129838107	19.926057129838107
291	19.9604059951498	19.9604059951498
292	19.99629430676207	19.99629430676207
293	20.031179885336346	20.031179885336346
294	20.066348600962208	20.066348600962208
295	20.10747318900647	20.10747318900647
296	20.149232159356398	20.149232159356398
297	20.188341500645183	20.188341500645183
298	20.225788070151065	20.225788070151065
299	20.25866645738919	20.25866645738919
300	20.287869939709655	20.287869939709655
301	20.31567350944817	20.31567350944817
302	20.342364905256574	20.342364905256574
303	20.37475826300389	20.37475826300389
304	20.41328632197272	20.41328632197272
305	20.448557851655142	20.448557851655142
306	20.47861406238438	20.47861406238438
307	20.5086061290146	20.5086061290146
308	20.543587235921866	20.543587235921866
309	20.580856993112437	20.580856993112437
310	20.617019598407417	20.617019598407417
311	20.649042051048255	20.649042051048255
312	20.67665717123904	20.67665717123904
313	20.702965499200882	20.702965499200882
314	20.730112075730553	20.730112075730553
315	20.758755071596056	20.758755071596056
316	20.791358736532626	20.791358736532626
317	20.82286492726064	20.82286492726064
318	20.85251019732691	20.85251019732691
319	20.878967149116264	20.878967149116264
320	20.911297714287123	20.911297714287123
321	20.9476072557381	20.9476072557381
322	20.982379517617677	20.982379517617677
323	21.01470419805578	21.01470419805578
324	21.04736454283698	21.04736454283698
325	21.078623169436696	21.078623169436696
326	21.110953616648302	21.110953616648302
327	21.148970434340583	21.148970434340583
328	21.18832077681986	21.18832077681986
329	21.223063084809713	21.223063084809713
330	21.254445823492464	21.254445823492464
331	21.2841654964705	21.2841654964705
332	21.317376415573392	21.317376415573392
333	21.353166969611173	21.353166969611173
334	21.393775520508527	21.393775520508527
335	21.435014838720406	21.435014838720406
336	21.473060063352783	21.473060063352783
337	21.505728118507086	21.505728118507086
338	21.529786027037574	21.529786027037574
339	21.553333080249253	21.553333080249253
340	21.58116399821806	21.58116399821806
341	21.602934627025945	21.602934627025945
342	21.620215204310348	21.620215204310348
343	21.632866965255154	21.632866965255154
344	21.643800328745673	21.643800328745673
345	21.656575449293936	21.656575449293936
346	21.67313925800912	21.67313925800912
347	21.689484252074276	21.689484252074276
348	21.70317233476041	21.70317233476041
349	21.713845817795356	21.713845817795356
350	21.715325524133625	21.715325524133625
351	21.71668666413514	21.71668666413514
352	21.725900356521088	21.725900356521088
353	21.73337190772925	21.73337190772925
354	21.740668396417085	21.740668396417085
355	21.746086075529224	21.746086075529224
356	21.746545005499392	21.746545005499392
357	21.749837384392745	21.749837384392745
358	21.760965674688165	21.760965674688165
359	21.7751103806921	21.7751103806921
360	21.780676027980196	21.780676027980196
361	21.785655715269307	21.785655715269307
362	21.787115273416244	21.787115273416244
363	21.79083904405238	21.79083904405238
364	21.799272950429945	21.799272950429945
365	21.814196521977994	21.814196521977994
366	21.823024904974453	21.823024904974453
367	21.828587385093172	21.828587385093172
368	21.829405304397174	21.829405304397174
369	21.831877385988843	21.831877385988843
370	21.834824887856957	21.834824887856957
371	21.841540510099364	21.841540510099364
372	21.850407997568425	21.850407997568425
373	21.858302068927625	21.858302068927625
374	21.86130246585183	21.86130246585183
375	21.863331382681892	21.863331382681892
376	21.86764416995175	21.86764416995175
377	21.878351215813538	21.878351215813538
378	21.89486538843594	21.89486538843594
379	21.909102299068433	21.909102299068433
380	21.92182341479999	21.92182341479999
381	21.93980150934564	21.93980150934564
382	21.957420430634766	21.957420430634766
383	21.973732294699158	21.973732294699158
384	21.99794422017696	21.99794422017696
385	22.024762443209287	22.024762443209287
386	22.046517807526673	22.046517807526673
387	22.065269172036093	22.065269172036093
388	22.088064051847763	22.088064051847763
389	22.111755662389207	22.111755662389207
390	22.13718350695973	22.13718350695973
391	22.159263065194878	22.159263065194878
392	22.180049255019405	22.180049255019405
393	22.19863297043359	22.19863297043359
394	22.213739118442334	22.213739118442334
395	22.221151514201566	22.221151514201566
396	22.22856421190966	22.22856421190966
397	22.232979327323314	22.232979327323314
398	22.234138715463576	22.234138715463576
399	22.23227815049175	22.23227815049175
400	22.235641627429704	22.235641627429704
401	22.236402484284763	22.236402484284763
402	22.245534648098058	22.245534648098058
403	22.260043794717426	22.260043794717426
404	22.27611659334288	22.27611659334288
405	22.288688631842582	22.288688631842582
406	22.301419172010036	22.301419172010036
407	22.311676222879836	22.311676222879836
408	22.326574458295767	22.326574458295767
409	22.338376005942166	22.338376005942166
410	22.352657715910556	22.352657715910556
411	22.361450610408397	22.361450610408397
412	22.36661491921711	22.36661491921711
413	22.36734434667579	22.36734434667579
414	22.368150261188582	22.368150261188582
415	22.36810963342216	22.36810963342216
416	22.373512803057235	22.373512803057235
417	22.379316324825147	22.379316324825147
418	22.387129102890068	22.387129102890068
419	22.398016993577688	22.398016993577688
420	22.408568407741413	22.408568407741413
421	22.415283052223636	22.415283052223636
422	22.422039727972226	22.422039727972226
423	22.429472040553897	22.429472040553897
424	22.431819243734985	22.431819243734985
425	22.430580345934832	22.430580345934832
426	22.428181114814983	22.428181114814983
427	22.42785558621672	22.42785558621672
428	22.43400838415182	22.43400838415182
429	22.44185257714299	22.44185257714299
430	22.44986204410562	22.44986204410562
431	22.460281971929568	22.460281971929568
432	22.472483658539176	22.472483658539176
433	22.487216443806457	22.487216443806457
434	22.505274552331105	22.505274552331105
435	22.52730680125933	22.52730680125933
436	22.544229883819206	22.544229883819206
437	22.55943875368635	22.55943875368635
438	22.571762907459814	22.571762907459814
439	22.590154016571795	22.590154016571795
440	22.611644334120356	22.611644334120356
441	22.637459702163927	22.637459702163927
442	22.664637025004406	22.664637025004406
443	22.694597781924404	22.694597781924404
444	22.728740707952596	22.728740707952596
445	22.766582240470466	22.766582240470466
446	22.80736750742889	22.80736750742889
447	22.853202520104684	22.853202520104684
448	22.898050574580534	22.898050574580534
449	22.942459987882486	22.942459987882486
450	22.98820069113541	22.98820069113541
451	23.03331987045287	23.03331987045287
452	23.082356457402714	23.082356457402714
453	23.136450704928684	23.136450704928684
454	23.190452464534037	23.190452464534037
455	23.24454138519226	23.24454138519226
456	23.300344386514702	23.300344386514702
457	23.354292994657744	23.354292994657744
458	23.40598672253114	23.40598672253114
459	23.462029786732753	23.462029786732753
460	23.517084507836042	23.517084507836042
461	23.568803354961176	23.568803354961176
462	23.619594091425903	23.619594091425903
463	23.672221969714638	23.672221969714638
464	23.727091586186013	23.727091586186013
465	23.785020237935317	23.785020237935317
466	23.843370068900384	23.843370068900384
467	23.900864077985176	23.900864077985176
468	23.960240479358298	23.960240479358298
469	24.020763906896534	24.020763906896534
470	24.088129105015902	24.088129105015902
471	24.157228197935616	24.157228197935616
472	24.226564141840356	24.226564141840356
473	24.2961550421255	24.2961550421255
474	24.36597925703155	24.36597925703155
475	24.438029164380996	24.438029164380996
476	24.510482293940186	24.510482293940186
477	24.585855321103914	24.585855321103914
478	24.65998678834068	24.65998678834068
479	24.732511628605963	24.732511628605963
480	24.803611900190432	24.803611900190432
481	24.876946057745982	24.876946057745982
482	24.954968513747232	24.954968513747232
483	25.03231835127555	25.03231835127555
484	25.119714816180313	25.119714816180313
485	25.20995886687006	25.20995886687006
486	25.300565588602787	25.300565588602787
487	25.38327870139358	25.38327870139358
488	25.463224678615916	25.463224678615916
489	25.539784125804648	25.539784125804648
490	25.615170557602532	25.615170557602532
491	25.692939329107084	25.692939329107084
492	25.766324053077618	25.766324053077618
493	25.83418229525012	25.83418229525012
494	25.89891304666454	25.89891304666454
495	25.966207178458156	25.966207178458156
496	26.033906767982053	26.033906767982053
497	26.098360294333894	26.098360294333894
498	26.15617136473076	26.15617136473076
499	26.209462074648304	26.209462074648304
500	26.25904818038385	26.25904818038385
501	26.308131902287858	26.308131902287858
502	26.358586977578064	26.358586977578064
503	26.4084998791402	26.4084998791402
504	26.457649423722025	26.457649423722025
505	26.4956764447124	26.4956764447124
506	26.52838159492098	26.52838159492098
507	26.563708806892038	26.563708806892038
508	26.599946363790934	26.599946363790934
509	26.63283968431704	26.63283968431704
510	26.6675977871788	26.6675977871788
511	26.69523045243982	26.69523045243982
512	26.72099756108034	26.72099756108034
513	26.747782891783714	26.747782891783714
514	26.774574763811085	26.774574763811085
515	26.80112887742687	26.80112887742687
516	26.827462522293246	26.827462522293246
517	26.848957880854506	26.848957880854506
518	26.87076698172895	26.87076698172895
519	26.88558925308366	26.88558925308366
520	26.891561330145706	26.891561330145706
521	26.895268706339955	26.895268706339955
522	26.90134476293096	26.90134476293096
523	26.913923883241637	26.913923883241637
524	26.923007856741716	26.923007856741716
525	26.930710379058908	26.930710379058908
526	26.945470487079714	26.945470487079714
527	26.965607477134796	26.965607477134796
528	26.99260430002802	26.99260430002802
529	27.02343867325751	27.02343867325751
530	27.05721759825626	27.05721759825626
531	27.094004092258004	27.094004092258004
532	27.128963662759894	27.128963662759894
533	27.17181324055771	27.17181324055771
534	27.214229303964835	27.214229303964835
535	27.257387056150808	27.257387056150808
536	27.302981711528947	27.302981711528947
537	27.35246501326334	27.35246501326334
538	27.402199934384477	27.402199934384477
539	27.456471524972542	27.456471524972542
540	27.515159508354163	27.515159508354163
541	27.578088818965654	27.578088818965654
542	27.645429043382688	27.645429043382688
543	27.711566842932243	27.711566842932243
544	27.77118088103553	27.77118088103553
545	27.82345573561711	27.82345573561711
546	27.87394224913377	27.87394224913377
547	27.92779856492401	27.92779856492401
548	27.97867075353402	27.97867075353402
549	28.024562754889622	28.024562754889622
550	28.067098789432386	28.067098789432386
551	28.108582068064138	28.108582068064138
552	28.153801246828472	28.153801246828472
553	28.207846805790428	28.207846805790428
554	28.26876951423934	28.26876951423934
555	28.329399685432165	28.329399685432165
556	28.379183446384886	28.379183446384886
557	28.432314835655305	28.432314835655305
558	28.476679801506833	28.476679801506833
559	28.524110792547226	28.524110792547226
560	28.57005447808236	28.57005447808236
561	28.613976491529826	28.613976491529826
562	28.655105991903813	28.655105991903813
563	28.691903714944193	28.691903714944193
564	28.725404631257483	28.725404631257483
565	28.75730444877289	28.75730444877289
566	28.79117077506497	28.79117077506497
567	28.815827548270995	28.815827548270995
568	28.835690446308078	28.835690446308078
569	28.85022460041644	28.85022460041644
570	28.859121672165294	28.859121672165294
571	28.873799655747195	28.873799655747195
572	28.88849184615897	28.88849184615897
573	28.903418310189842	28.903418310189842
574	28.9121370035367	28.9121370035367
575	28.918330907358953	28.918330907358953
576	28.921871915240814	28.921871915240814
577	28.926047493408596	28.926047493408596
578	28.92935151452467	28.92935151452467
579	28.936194888374864	28.936194888374864
580	28.936963011525528	28.936963011525528
581	28.933685856557773	28.933685856557773
582	28.925179175005383	28.925179175005383
583	28.919808871904145	28.919808871904145
584	28.92080249563641	28.92080249563641
585	28.920939817125124	28.920939817125124
586	28.915943561552368	28.915943561552368
587	28.910450391284257	28.910450391284257
588	28.901820188892145	28.901820188892145
589	28.899255615025936	28.899255615025936
590	28.90041366966381	28.90041366966381
591	28.905000149109462	28.905000149109462
592	28.907877154717198	28.907877154717198
593	28.906035106895015	28.906035106895015
594	28.904684205500065	28.904684205500065
595	28.90115168830726	28.90115168830726
596	28.909194169882507	28.909194169882507
597	28.919499424329324	28.919499424329324
598	28.925731103832703	28.925731103832703
599	28.929332575788443	28.929332575788443
600	28.923926159471737	28.923926159471737
601	28.91696524852268	28.91696524852268
602	28.91308711827089	28.91308711827089
603	28.913163748308904	28.913163748308904
604	28.91162398704227	28.91162398704227
605	28.90554192760272	28.90554192760272
606	28.899890552716208	28.899890552716208
607	28.89291037843639	28.89291037843639
608	28.89379070624784	28.89379070624784
609	28.894651716641388	28.894651716641388
610	28.89708098990183	28.89708098990183
611	28.9002758496757	28.9002758496757
612	28.90012147657929	28.90012147657929
613	28.905224519951965	28.905224519951965
614	28.909286647293	28.909286647293
615	28.922492677937896	28.922492677937896
616	28.939724458032416	28.939724458032416
617	28.955732732831265	28.955732732831265
618	28.971681187538756	28.971681187538756
619	28.986048231282744	28.986048231282744
620	28.999109865477422	28.999109865477422
621	29.017046142636488	29.017046142636488
622	29.039934425869674	29.039934425869674
623	29.063239233533686	29.063239233533686
624	29.079554445253187	29.079554445253187
625	29.09928770861317	29.09928770861317
626	29.121711729036903	29.121711729036903
627	29.151425145162957	29.151425145162957
628	29.184580337726572	29.184580337726572
629	29.21611631770611	29.21611631770611
630	29.242062352878083	29.242062352878083
631	29.264838677318856	29.264838677318856
632	29.283339440200898	29.283339440200898
633	29.298527466194898	29.298527466194898
634	29.31720332820992	29.31720332820992
635	29.33718011433818	29.33718011433818
636	29.35152840830417	29.35152840830417
637	29.36881805340817	29.36881805340817
638	29.390323856683686	29.390323856683686
639	29.414370584908983	29.414370584908983
640	29.444504336596037	29.444504336596037
641	29.482752550948483	29.482752550948483
642	29.51894572166219	29.51894572166219
643	29.556381969406566	29.556381969406566
644	29.58471527566045	29.58471527566045
645	29.603763789586075	29.603763789586075
646	29.61709102312225	29.61709102312225
647	29.631406772129456	29.631406772129456
648	29.64798794316217	29.64798794316217
649	29.661483171353368	29.661483171353368
650	29.67149632375483	29.67149632375483
651	29.680202074335956	29.680202074335956
652	29.686602163693397	29.686602163693397
653	29.69621227604849	29.69621227604849
654	29.707156603487583	29.707156603487583
655	29.713524311723518	29.713524311723518
656	29.709871751667695	29.709871751667695
657	29.70014581881844	29.70014581881844
658	29.68673624707222	29.68673624707222
659	29.678599000700878	29.678599000700878
660	29.67484633844215	29.67484633844215
661	29.669901905957772	29.669901905957772
662	29.671157654704928	29.671157654704928
663	29.669215936158274	29.669215936158274
664	29.67135700990223	29.67135700990223
665	29.678289553166607	29.678289553166607
666	29.692862504639642	29.692862504639642
667	29.705458336498467	29.705458336498467
668	29.707977714679696	29.707977714679696
669	29.701844551884612	29.701844551884612
670	29.698068901171794	29.698068901171794
671	29.69567442705565	29.69567442705565
672	29.69077606500042	29.69077606500042
673	29.68394924351862	29.68394924351862
674	29.67748468583571	29.67748468583571
675	29.670083901258025	29.670083901258025
676	29.66838225586083	29.66838225586083
677	29.668712352777227	29.668712352777227
678	29.670082391725053	29.670082391725053
679	29.671891199516903	29.671891199516903
680	29.671760333270363	29.671760333270363
681	29.668756028882164	29.668756028882164
682	29.667271723902488	29.667271723902488
683	29.668617521776746	29.668617521776746
684	29.675672656575532	29.675672656575532
685	29.68628992040528	29.68628992040528
686	29.700263433956277	29.700263433956277
687	29.71052262840478	29.71052262840478
688	29.718852926627804	29.718852926627804
689	29.73017420217595	29.73017420217595
690	29.741146703586654	29.741146703586654
691	29.754122403896325	29.754122403896325
692	29.770189373392803	29.770189373392803
693	29.7839621982214	29.7839621982214
694	29.79861947247251	29.79861947247251
695	29.811852147930246	29.811852147930246
696	29.825575130688286	29.825575130688286
697	29.838714558046355	29.838714558046355
698	29.846589167169466	29.846589167169466
699	29.85204081015337	29.85204081015337
700	29.862164966649246	29.862164966649246
701	29.87615434518964	29.87615434518964
702	29.89502271802209	29.89502271802209
703	29.916674576090678	29.916674576090678
704	29.93776830731928	29.93776830731928
705	29.96372455517688	29.96372455517688
706	29.990162116346873	29.990162116346873
707	30.01717052310906	30.01717052310906
708	30.038155744193745	30.038155744193745
709	30.062741069280726	30.062741069280726
710	30.090635630030825	30.090635630030825
711	30.122503255665062	30.122503255665062
712	30.14670500094168	30.14670500094168
713	30.161563577720464	30.161563577720464
714	30.172726212042505	30.172726212042505
715	30.187987005603063	30.187987005603063
716	30.204934213602037	30.204934213602037
717	30.223896574375615	30.223896574375615
718	30.231168598969532	30.231168598969532
719	30.236204346825588	30.236204346825588
720	30.241176558158312	30.241176558158312
721	30.245922596028457	30.245922596028457
722	30.2618714545646	30.2618714545646
723	30.280164604150688	30.280164604150688
724	30.288038062091637	30.288038062091637
725	30.292590508729397	30.292590508729397
726	30.308527063437708	30.308527063437708
727	30.325467740420265	30.325467740420265
728	30.345059510849957	30.345059510849957
729	30.362092182740227	30.362092182740227
730	30.377449251054244	30.377449251054244
731	30.393974325547045	30.393974325547045
732	30.417501235662268	30.417501235662268
733	30.443713264064556	30.443713264064556
734	30.475595742277413	30.475595742277413
735	30.50960058354908	30.50960058354908
736	30.54698411082022	30.54698411082022
737	30.584384539877803	30.584384539877803
738	30.620486600111406	30.620486600111406
739	30.65172084892981	30.65172084892981
740	30.678482254072957	30.678482254072957
741	30.70686000295039	30.70686000295039
742	30.73314681372179	30.73314681372179
743	30.750475166374226	30.750475166374226
744	30.764548893174876	30.764548893174876
745	30.77631462498146	30.77631462498146
746	30.78708399683692	30.78708399683692
747	30.800230624368	30.800230624368
748	30.814232327698782	30.814232327698782
749	30.83144402375905	30.83144402375905
750	30.849540520843462	30.849540520843462
751	30.87388171492232	30.87388171492232
752	30.89955982558223	30.89955982558223
753	30.92799452819454	30.92799452819454
754	30.95417792628639	30.95417792628639
755	30.975080299895836	30.975080299895836
756	30.991235958465243	30.991235958465243
757	30.99952478603029	30.99952478603029
758	31.003294657296095	31.003294657296095
759	31.01089585341895	31.01089585341895
760	31.025756994946402	31.025756994946402
761	31.04460938911168	31.04460938911168
762	31.063834598195463	31.063834598195463
763	31.086280900224594	31.086280900224594
764	31.114741066852183	31.114741066852183
765	31.138856661749998	31.138856661749998
766	31.160589666444857	31.160589666444857
767	31.191106480344168	31.191106480344168
768	31.218126444944318	31.218126444944318
769	31.24125711162222	31.24125711162222
770	31.26824339277706	31.26824339277706
771	31.28867409921063	31.28867409921063
772	31.315936190176462	31.315936190176462
773	31.35460848366344	31.35460848366344
774	31.39490780505504	31.39490780505504
775	31.430656519354763	31.430656519354763
776	31.46305817805157	31.46305817805157
777	31.497410700250068	31.497410700250068
778	31.531113869350232	31.531113869350232
779	31.566823209732956	31.566823209732956
780	31.59489225334944	31.59489225334944
781	31.62364280002051	31.62364280002051
782	31.644405413242886	31.644405413242886
783	31.65206532648908	31.65206532648908
784	31.662223794957953	31.662223794957953
785	31.672002282979438	31.672002282979438
786	31.690355391186067	31.690355391186067
787	31.704545623437475	31.704545623437475
788	31.716601724895263	31.716601724895263
789	31.722450118895033	31.722450118895033
790	31.739319913016256	31.739319913016256
791	31.762955469030366	31.762955469030366
792	31.79906975074811	31.79906975074811
793	31.834579361068307	31.834579361068307
794	31.865555410529293	31.865555410529293
795	31.890844742696252	31.890844742696252
796	31.92025565945758	31.92025565945758
797	31.950696571289477	31.950696571289477
798	31.98512020199362	31.98512020199362
799	32.01374388996917	32.01374388996917
800	32.04008060386194	32.04008060386194
801	32.0610019787177	32.0610019787177
802	32.08563783356699	32.08563783356699
803	32.115262440720606	32.115262440720606
804	32.15126217567486	32.15126217567486
805	32.191005891551384	32.191005891551384
806	32.22721683759484	32.22721683759484
807	32.26314824500753	32.26314824500753
808	32.29965884098147	32.29965884098147
809	32.34063916773447	32.34063916773447
810	32.37898936970001	32.37898936970001
811	32.41433566057735	32.41433566057735
812	32.446794883556095	32.446794883556095
813	32.47235528277662	32.47235528277662
814	32.498268275816464	32.498268275816464
815	32.52954329313005	32.52954329313005
816	32.56633351680337	32.56633351680337
817	32.607761990439265	32.607761990439265
818	32.65120158026701	32.65120158026701
819	32.70409801059597	32.70409801059597
820	32.75421418476161	32.75421418476161
821	32.80549173338529	32.80549173338529
822	32.850707563264834	32.850707563264834
823	32.8951595424747	32.8951595424747
824	32.93318521455246	32.93318521455246
825	32.96778831308875	32.96778831308875
826	32.99929616904992	32.99929616904992
827	33.02559946732917	33.02559946732917
828	33.05325602331245	33.05325602331245
829	33.09210484143518	33.09210484143518
830	33.13765256379048	33.13765256379048
831	33.17900070753012	33.17900070753012
832	33.21395681373231	33.21395681373231
833	33.244263771625775	33.244263771625775
834	33.273823547489556	33.273823547489556
835	33.3145289911335	33.3145289911335
836	33.353620228809596	33.353620228809596
837	33.38800883346475	33.38800883346475
838	33.4237835729042	33.4237835729042
839	33.45950321792913	33.45950321792913
840	33.498379871579345	33.498379871579345
841	33.53739761993265	33.53739761993265
842	33.58165385303418	33.58165385303418
843	33.63238363859897	33.63238363859897
844	33.68147646847012	33.68147646847012
845	33.73680743028226	33.73680743028226
846	33.79594274917788	33.79594274917788
847	33.86428373716527	33.86428373716527
848	33.92908349128001	33.92908349128001
849	33.99167166703395	33.99167166703395
850	34.0558686317639	34.0558686317639
851	34.12370936885601	34.12370936885601
852	34.20074707058682	34.20074707058682
853	34.2855604341014	34.2855604341014
854	34.37156407066796	34.37156407066796
855	34.4554184572918	34.4554184572918
856	34.53322583144805	34.53322583144805
857	34.61742219203844	34.61742219203844
858	34.702253895839874	34.702253895839874
859	34.79267427363351	34.79267427363351
860	34.89215882366129	34.89215882366129
861	34.991087130686694	34.991087130686694
862	35.08591221945305	35.08591221945305
863	35.1796031695885	35.1796031695885
864	35.27184609505552	35.27184609505552
865	35.37032546648778	35.37032546648778
866	35.474145125019355	35.474145125019355
867	35.57915138669902	35.57915138669902
868	35.689098469374144	35.689098469374144
869	35.79851859190703	35.79851859190703
870	35.90562161720908	35.90562161720908
871	36.017449610775415	36.017449610775415
872	36.12965216939291	36.12965216939291
873	36.24288319262402	36.24288319262402
874	36.34835685636976	36.34835685636976
875	36.44049727541133	36.44049727541133
876	36.53162548557091	36.53162548557091
877	36.6242398303293	36.6242398303293
878	36.71327536283316	36.71327536283316
879	36.804393953795646	36.804393953795646
880	36.891852972274684	36.891852972274684
881	36.96700320154848	36.96700320154848
882	37.03435609893366	37.03435609893366
883	37.09920342189895	37.09920342189895
884	37.16421640318947	37.16421640318947
885	37.23253488274362	37.23253488274362
886	37.304781192292275	37.304781192292275
887	37.379417592821675	37.379417592821675
888	37.45241090582165	37.45241090582165
889	37.5170442318185	37.5170442318185
890	37.581436441739534	37.581436441739534
891	37.642490968833044	37.642490968833044
892	37.69863469901195	37.69863469901195
893	37.75458213824597	37.75458213824597
894	37.81031113523754	37.81031113523754
895	37.85619697270952	37.85619697270952
896	37.897796083157075	37.897796083157075
897	37.93545264939068	37.93545264939068
898	37.97482232956048	37.97482232956048
899	38.01613411133985	38.01613411133985
900	38.05289110208947	38.05289110208947
901	38.089560574105775	38.089560574105775
902	38.12739072334544	38.12739072334544
903	38.15670591185912	38.15670591185912
904	38.19320864977279	38.19320864977279
905	38.239811363681866	38.239811363681866
906	38.29091481428849	38.29091481428849
907	38.32992570593535	38.32992570593535
908	38.369840895773336	38.369840895773336
909	38.41058355345556	38.41058355345556
910	38.458315382342704	38.458315382342704
911	38.50593403114793	38.50593403114793
912	38.55801956041681	38.55801956041681
913	38.60900405551375	38.60900405551375
914	38.65797971088132	38.65797971088132
915	38.70228477747527	38.70228477747527
916	38.7598518802446	38.7598518802446
917	38.81901979199427	38.81901979199427
918	38.880952357350246	38.880952357350246
919	38.94113988581881	38.94113988581881
920	38.998239733662906	38.998239733662906
921	39.05397603791012	39.05397603791012
922	39.1089107725832	39.1089107725832
923	39.16167438070903	39.16167438070903
924	39.21859939826305	39.21859939826305
925	39.27769177531751	39.27769177531751
926	39.33593774079298	39.33593774079298
927	39.391613100168485	39.391613100168485
928	39.45194191977405	39.45194191977405
929	39.52042991187724	39.52042991187724
930	39.59048367780804	39.59048367780804
931	39.6603192800377	39.6603192800377
932	39.72690445567807	39.72690445567807
933	39.78770120692889	39.78770120692889
934	39.844084647148605	39.844084647148605
935	39.892514020435556	39.892514020435556
936	39.93913655691727	39.93913655691727
937	39.98963045367786	39.98963045367786
938	40.03452649899596	40.03452649899596
939	40.083385640738	40.083385640738
940	40.138947480439626	40.138947480439626
941	40.205344287912986	40.205344287912986
942	40.28045979798643	40.28045979798643
943	40.358822126879865	40.358822126879865
944	40.42391734910988	40.42391734910988
945	40.47773959120951	40.47773959120951
946	40.531658341169994	40.531658341169994
947	40.57976680122083	40.57976680122083
948	40.623736460272184	40.623736460272184
949	40.67475104947377	40.67475104947377
950	40.72248598397335	40.72248598397335
951	40.76681616316743	40.76681616316743
952	40.812639697773534	40.812639697773534
953	40.864700746684136	40.864700746684136
954	40.92908607831793	40.92908607831793
955	40.99997996879381	40.99997996879381
956	41.06929932682681	41.06929932682681
957	41.12897437273143	41.12897437273143
958	41.19037724731248	41.19037724731248
959	41.25579474075101	41.25579474075101
960	41.32526632337991	41.32526632337991
961	41.39607440241001	41.39607440241001
962	41.469396108065496	41.469396108065496
963	41.540517459081286	41.540517459081286
964	41.608943663639934	41.608943663639934
965	41.67097426602724	41.67097426602724
966	41.74020480722139	41.74020480722139
967	41.82655867392149	41.82655867392149
968	41.92193956876253	41.92193956876253
969	42.01849881205102	42.01849881205102
970	42.103532487520326	42.103532487520326
971	42.18655558121932	42.18655558121932
972	42.26836516188899	42.26836516188899
973	42.36302626170581	42.36302626170581
974	42.46132718207954	42.46132718207954
975	42.56079669857089	42.56079669857089
976	42.65423720122685	42.65423720122685
977	42.74566638279716	42.74566638279716
978	42.83797459805844	42.83797459805844
979	42.9389518284827	42.9389518284827
980	43.03513545511923	43.03513545511923
981	43.12364952156689	43.12364952156689
982	43.205686151917206	43.205686151917206
983	43.28448009130506	43.28448009130506
984	43.375386462047175	43.375386462047175
985	43.46358129395368	43.46358129395368
986	43.55429322973178	43.55429322973178
987	43.641990539130816	43.641990539130816
988	43.72956787004786	43.72956787004786
989	43.81170489929697	43.81170489929697
990	43.891921262792515	43.891921262792515
991	43.97485185567196	43.97485185567196
992	44.05838571016235	44.05838571016235
993	44.139084668076	44.139084668076
994	44.230805773410594	44.230805773410594
995	44.32962370360217	44.32962370360217
996	44.43072014033209	44.43072014033209
997	44.52862801460647	44.52862801460647
998	44.625771985087816	44.625771985087816
999	44.72768752532613	44.72768752532613
1000	44.8306429631712	44.8306429631712
1001	44.92976649297703	44.92976649297703
1002	45.028339308224254	45.028339308224254
1003	45.127941022274086	45.127941022274086
1004	45.22297818949099	45.22297818949099
1005	45.32283427559332	45.32283427559332
1006	45.43242237112008	45.43242237112008
1007	45.54004685028836	45.54004685028836
1008	45.65097506998062	45.65097506998062
1009	45.759241064836885	45.759241064836885
1010	45.865417064547444	45.865417064547444
1011	45.975070851259424	45.975070851259424
1012	46.07664436863537	46.07664436863537
1013	46.17715212757732	46.17715212757732
1014	46.277846260998935	46.277846260998935
1015	46.376792135306644	46.376792135306644
1016	46.48079997634366	46.48079997634366
1017	46.591559460667405	46.591559460667405
1018	46.709635602711096	46.709635602711096
1019	46.8202466047538	46.8202466047538
1020	46.92934974178454	46.92934974178454
1021	47.03276264373499	47.03276264373499
1022	47.13662565636358	47.13662565636358
1023	47.24015189297111	47.24015189297111
1024	47.344453009987056	47.344453009987056
1025	47.4419940458168	47.4419940458168
1026	47.53603181140282	47.53603181140282
1027	47.61566292359213	47.61566292359213
1028	47.701341896664076	47.701341896664076
1029	47.7923320808529	47.7923320808529
1030	47.89164362657779	47.89164362657779
1031	47.98945784364839	47.98945784364839
1032	48.078981478415926	48.078981478415926
1033	48.156993549846206	48.156993549846206
1034	48.23125970791787	48.23125970791787
1035	48.30591912006069	48.30591912006069
1036	48.38377233529382	48.38377233529382
1037	48.460756023406034	48.460756023406034
1038	48.53232215079774	48.53232215079774
1039	48.59299347134379	48.59299347134379
1040	48.649524597170725	48.649524597170725
1041	48.700126906482474	48.700126906482474
1042	48.75297701424514	48.75297701424514
1043	48.8089012867546	48.8089012867546
1044	48.86462613964744	48.86462613964744
1045	48.9182799116092	48.9182799116092
1046	48.95927120453858	48.95927120453858
1047	48.99666094914479	48.99666094914479
1048	49.03529073723435	49.03529073723435
1049	49.07346877253873	49.07346877253873
1050	49.10485108897196	49.10485108897196
1051	49.125879715947036	49.125879715947036
1052	49.14758647241737	49.14758647241737
1053	49.176236895411286	49.176236895411286
1054	49.210659589971236	49.210659589971236
1055	49.250274275016196	49.250274275016196
1056	49.28665415701416	49.28665415701416
1057	49.31818186586717	49.31818186586717
1058	49.34785313549684	49.34785313549684
1059	49.37809158976147	49.37809158976147
1060	49.41195523871017	49.41195523871017
1061	49.44608857707367	49.44608857707367
1062	49.49306487623584	49.49306487623584
1063	49.552352239070736	49.552352239070736
1064	49.615486552707495	49.615486552707495
1065	49.68499132252667	49.68499132252667
1066	49.76076543732867	49.76076543732867
1067	49.83942321352032	49.83942321352032
1068	49.91782191573485	49.91782191573485
1069	49.99399521446644	49.99399521446644
1070	50.08077421038762	50.08077421038762
1071	50.170331042587634	50.170331042587634
1072	50.255577928687174	50.255577928687174
1073	50.345284638567755	50.345284638567755
1074	50.43444828424403	50.43444828424403
1075	50.53522810989392	50.53522810989392
1076	50.62980101525962	50.62980101525962
1077	50.72444319259472	50.72444319259472
1078	50.813680259422355	50.813680259422355
1079	50.90176246302906	50.90176246302906
1080	50.98699954471955	50.98699954471955
1081	51.070870015953986	51.070870015953986
1082	51.15467809871496	51.15467809871496
1083	51.24396820391302	51.24396820391302
1084	51.3355917675045	51.3355917675045
1085	51.43770288458369	51.43770288458369
1086	51.542159117315705	51.542159117315705
1087	51.65234944228307	51.65234944228307
1088	51.75547052093381	51.75547052093381
1089	51.86403952680233	51.86403952680233
1090	51.97067429882122	51.97067429882122
1091	52.07831780923598	52.07831780923598
1092	52.19025350492909	52.19025350492909
1093	52.305300244569125	52.305300244569125
1094	52.424545949813904	52.424545949813904
1095	52.54086533628134	52.54086533628134
1096	52.655541610508145	52.655541610508145
1097	52.76647295163373	52.76647295163373
1098	52.884225078839854	52.884225078839854
1099	52.998379645545874	52.998379645545874
1100	53.109244053504	53.109244053504
1101	53.20966985440764	53.20966985440764
1102	53.30321711803374	53.30321711803374
1103	53.40058995992019	53.40058995992019
1104	53.499186124968006	53.499186124968006
1105	53.59300435868819	53.59300435868819
1106	53.69359044312955	53.69359044312955
1107	53.797003506742854	53.797003506742854
1108	53.90276699521833	53.90276699521833
1109	54.01091236062554	54.01091236062554
1110	54.13041152111465	54.13041152111465
1111	54.24816445851464	54.24816445851464
1112	54.35859551794291	54.35859551794291
1113	54.46997376701337	54.46997376701337
1114	54.572527178077415	54.572527178077415
1115	54.66709139345642	54.66709139345642
1116	54.756584608284314	54.756584608284314
1117	54.84996594406933	54.84996594406933
1118	54.95435578378137	54.95435578378137
1119	55.05608339937487	55.05608339937487
1120	55.15059270634494	55.15059270634494
1121	55.24603998645931	55.24603998645931
1122	55.33862632134969	55.33862632134969
1123	55.43063959616135	55.43063959616135
1124	55.52058348406736	55.52058348406736
1125	55.60616456072012	55.60616456072012
1126	55.6894311401767	55.6894311401767
1127	55.76671359632812	55.76671359632812
1128	55.83817531677603	55.83817531677603
1129	55.910738008311185	55.910738008311185
1130	55.98441720153832	55.98441720153832
1131	56.06050602687736	56.06050602687736
1132	56.13727988043051	56.13727988043051
1133	56.21712591845518	56.21712591845518
1134	56.28957524602748	56.28957524602748
1135	56.35101918133307	56.35101918133307
1136	56.40863909521734	56.40863909521734
1137	56.461878171497276	56.461878171497276
1138	56.5155224847925	56.5155224847925
1139	56.57210982392603	56.57210982392603
1140	56.62291431438131	56.62291431438131
1141	56.679805660678895	56.679805660678895
1142	56.73496850403784	56.73496850403784
1143	56.784684811736334	56.784684811736334
1144	56.8375028965448	56.8375028965448
1145	56.88826779626497	56.88826779626497
1146	56.92357283353874	56.92357283353874
1147	56.94984669250364	56.94984669250364
1148	56.9814243473142	56.9814243473142
1149	57.00973234086561	57.00973234086561
1150	57.03493163061948	57.03493163061948
1151	57.061586645145944	57.061586645145944
1152	57.08082977671439	57.08082977671439
1153	57.095666033309826	57.095666033309826
1154	57.11323780420578	57.11323780420578
1155	57.137688299184155	57.137688299184155
1156	57.16064621147497	57.16064621147497
1157	57.180564093621314	57.180564093621314
1158	57.193536149736104	57.193536149736104
1159	57.21089603491128	57.21089603491128
1160	57.225559387028625	57.225559387028625
1161	57.24302371045258	57.24302371045258
1162	57.25514475585199	57.25514475585199
1163	57.263864893047966	57.263864893047966
1164	57.27020566493248	57.27020566493248
1165	57.286355317758876	57.286355317758876
1166	57.309521531650674	57.309521531650674
1167	57.34004841909709	57.34004841909709
1168	57.363472971796796	57.363472971796796
1169	57.38424400703387	57.38424400703387
1170	57.40412835332821	57.40412835332821
1171	57.418591205697254	57.418591205697254
1172	57.43342101156489	57.43342101156489
1173	57.45715447130903	57.45715447130903
1174	57.47638967598557	57.47638967598557
1175	57.495701290487716	57.495701290487716
1176	57.520280345982485	57.520280345982485
1177	57.534045920846694	57.534045920846694
1178	57.544627909249485	57.544627909249485
1179	57.559269173422344	57.559269173422344
1180	57.56541418690216	57.56541418690216
1181	57.575549583283674	57.575549583283674
1182	57.58180755279655	57.58180755279655
1183	57.58476608795818	57.58476608795818
1184	57.58831218647562	57.58831218647562
1185	57.59134649488222	57.59134649488222
1186	57.597104506036985	57.597104506036985
1187	57.617318784163686	57.617318784163686
1188	57.63136251618593	57.63136251618593
1189	57.632366560083256	57.632366560083256
1190	57.62235954160616	57.62235954160616
1191	57.61139314413401	57.61139314413401
1192	57.60988599938708	57.60988599938708
1193	57.6018374708827	57.6018374708827
1194	57.59623296895637	57.59623296895637
1195	57.59331484067028	57.59331484067028
1196	57.59378231002839	57.59378231002839
1197	57.587367249572196	57.587367249572196
1198	57.57538932583924	57.57538932583924
1199	57.570541586823424	57.570541586823424
1200	57.560412913657956	57.560412913657956
1201	57.54718520336981	57.54718520336981
1202	57.53127722383811	57.53127722383811
1203	57.50601421580158	57.50601421580158
1204	57.482211454680694	57.482211454680694
1205	57.45848170771717	57.45848170771717
1206	57.44440506981971	57.44440506981971
1207	57.43956005600509	57.43956005600509
1208	57.42770507824001	57.42770507824001
1209	57.41293948308228	57.41293948308228
1210	57.39595241007706	57.39595241007706
1211	57.388433324977655	57.388433324977655
1212	57.38907061508944	57.38907061508944
1213	57.392613851578226	57.392613851578226
1214	57.392259865493344	57.392259865493344
1215	57.392736309578446	57.392736309578446
1216	57.395935482361224	57.395935482361224
1217	57.40743634756996	57.40743634756996
1218	57.4371730710471	57.4371730710471
1219	57.468953547500284	57.468953547500284
1220	57.510713612153005	57.510713612153005
1221	57.54818558427732	57.54818558427732
1222	57.584586566266104	57.584586566266104
1223	57.62844386092211	57.62844386092211
1224	57.6746859380564	57.6746859380564
1225	57.730752234264415	57.730752234264415
1226	57.78291215318687	57.78291215318687
1227	57.83482928699064	57.83482928699064
1228	57.888674731471	57.888674731471
1229	57.94089650959711	57.94089650959711
1230	57.99827460181229	57.99827460181229
1231	58.06457051380082	58.06457051380082
1232	58.149783548730156	58.149783548730156
1233	58.23620170455333	58.23620170455333
1234	58.33240857368591	58.33240857368591
1235	58.425269449713554	58.425269449713554
1236	58.52289840607474	58.52289840607474
1237	58.62812252644638	58.62812252644638
1238	58.71948411197648	58.71948411197648
1239	58.7976249068457	58.7976249068457
1240	58.86547998430291	58.86547998430291
1241	58.94397448372572	58.94397448372572
1242	59.02574765916231	59.02574765916231
1243	59.108219692196606	59.108219692196606
1244	59.18926625876152	59.18926625876152
1245	59.26696822124244	59.26696822124244
1246	59.33792645570299	59.33792645570299
1247	59.396457927667086	59.396457927667086
1248	59.46280325793968	59.46280325793968
1249	59.53879097796672	59.53879097796672
1250	59.61151583515478	59.61151583515478
1251	59.68211743263261	59.68211743263261
1252	59.756610868391164	59.756610868391164
1253	59.83200738819403	59.83200738819403
1254	59.902058665764294	59.902058665764294
1255	59.971804188495604	59.971804188495604
1256	60.03842095286896	60.03842095286896
1257	60.10946976047086	60.10946976047086
1258	60.17527487748575	60.17527487748575
1259	60.2250484719049	60.2250484719049
1260	60.2736783436452	60.2736783436452
1261	60.32660529573997	60.32660529573997
1262	60.38793051676642	60.38793051676642
1263	60.442104770636455	60.442104770636455
1264	60.48767948938697	60.48767948938697
1265	60.52109577399647	60.52109577399647
1266	60.56615078497093	60.56615078497093
1267	60.615472042017856	60.615472042017856
1268	60.6601137993166	60.6601137993166
1269	60.703245908267824	60.703245908267824
1270	60.73659053562612	60.73659053562612
1271	60.76502815288416	60.76502815288416
1272	60.80245193016296	60.80245193016296
1273	60.853973280695676	60.853973280695676
1274	60.918037361269995	60.918037361269995
1275	60.98233322376447	60.98233322376447
1276	61.04602045363812	61.04602045363812
1277	61.09987682772541	61.09987682772541
1278	61.149858207310295	61.149858207310295
1279	61.18680122832606	61.18680122832606
1280	61.21887730817642	61.21887730817642
1281	61.245999933765674	61.245999933765674
1282	61.27470969935254	61.27470969935254
1283	61.2970750103022	61.2970750103022
1284	61.32079097636203	61.32079097636203
1285	61.35819058408003	61.35819058408003
1286	61.40265987179306	61.40265987179306
1287	61.45179630959631	61.45179630959631
1288	61.50796877609081	61.50796877609081
1289	61.554892660826695	61.554892660826695
1290	61.59744822853109	61.59744822853109
1291	61.63868797088703	61.63868797088703
1292	61.67596956155569	61.67596956155569
1293	61.71543698380117	61.71543698380117
1294	61.74704582202794	61.74704582202794
1295	61.76184253492423	61.76184253492423
1296	61.77032932538857	61.77032932538857
1297	61.787915099883385	61.787915099883385
1298	61.806863984463625	61.806863984463625
1299	61.82384816255353	61.82384816255353
1300	61.839246431840536	61.839246431840536
1301	61.846318064554076	61.846318064554076
1302	61.8389618076051	61.8389618076051
1303	61.83573442590051	61.83573442590051
1304	61.82404044866002	61.82404044866002
1305	61.796508182782475	61.796508182782475
1306	61.754692057971276	61.754692057971276
1307	61.697224206889956	61.697224206889956
1308	61.63093897875211	61.63093897875211
1309	61.57831641816275	61.57831641816275
1310	61.534351401773755	61.534351401773755
1311	61.497008435759795	61.497008435759795
1312	61.45487000008485	61.45487000008485
1313	61.41828389628462	61.41828389628462
1314	61.36856417523862	61.36856417523862
1315	61.32393288516492	61.32393288516492
1316	61.2830284480968	61.2830284480968
1317	61.24232006394293	61.24232006394293
1318	61.188804325073264	61.188804325073264
1319	61.137815602509306	61.137815602509306
1320	61.09000040580798	61.09000040580798
1321	61.028477983100665	61.028477983100665
1322	60.9852456896256	60.9852456896256
1323	60.9329755489582	60.9329755489582
1324	60.87592628815224	60.87592628815224
1325	60.817387971239555	60.817387971239555
1326	60.76291333881063	60.76291333881063
1327	60.70257646911372	60.70257646911372
1328	60.657812639011595	60.657812639011595
1329	60.59115407633405	60.59115407633405
1330	60.51342355123306	60.51342355123306
1331	60.43469364099154	60.43469364099154
1332	60.36054356506126	60.36054356506126
1333	60.272211078743815	60.272211078743815
1334	60.180683676020415	60.180683676020415
1335	60.068246785484625	60.068246785484625
1336	59.960838061453615	59.960838061453615
1337	59.85212643095129	59.85212643095129
1338	59.742823153609486	59.742823153609486
1339	59.637821344561075	59.637821344561075
1340	59.54110532933017	59.54110532933017
1341	59.45333369151664	59.45333369151664
1342	59.38125344903622	59.38125344903622
1343	59.31132860673952	59.31132860673952
1344	59.25262547087121	59.25262547087121
1345	59.20621033135513	59.20621033135513
1346	59.159242877037805	59.159242877037805
1347	59.11398007038156	59.11398007038156
1348	59.06848262675875	59.06848262675875
1349	59.026849569873065	59.026849569873065
1350	58.98035333165983	58.98035333165983
1351	58.92266713554549	58.92266713554549
1352	58.88206006987015	58.88206006987015
1353	58.83574504156638	58.83574504156638
1354	58.78567323170206	58.78567323170206
1355	58.73687660134469	58.73687660134469
1356	58.69744344460652	58.69744344460652
1357	58.657715962645746	58.657715962645746
1358	58.61550608959408	58.61550608959408
1359	58.578725486828745	58.578725486828745
1360	58.54653913522224	58.54653913522224
1361	58.505630243615464	58.505630243615464
1362	58.46645036414692	58.46645036414692
1363	58.434553846953875	58.434553846953875
1364	58.3995976135783	58.3995976135783
1365	58.35610603064791	58.35610603064791
1366	58.30878503836143	58.30878503836143
1367	58.25130162802319	58.25130162802319
1368	58.20761504607442	58.20761504607442
1369	58.16033346985086	58.16033346985086
1370	58.1120187553601	58.1120187553601
1371	58.06477879124222	58.06477879124222
1372	58.02077809783666	58.02077809783666
1373	57.9704501357586	57.9704501357586
1374	57.91463967042334	57.91463967042334
1375	57.87061239319638	57.87061239319638
1376	57.8295537782428	57.8295537782428
1377	57.792131969904496	57.792131969904496
1378	57.73833728932663	57.73833728932663
1379	57.683675612788775	57.683675612788775
1380	57.645826002557534	57.645826002557534
1381	57.61023507461375	57.61023507461375
1382	57.58260558843961	57.58260558843961
1383	57.530974659499925	57.530974659499925
1384	57.468300564458005	57.468300564458005
1385	57.41607671759614	57.41607671759614
1386	57.364463831551234	57.364463831551234
1387	57.309392460307876	57.309392460307876
1388	57.28062401242205	57.28062401242205
1389	57.26407882008099	57.26407882008099
1390	57.231160949235445	57.231160949235445
1391	57.18461171144662	57.18461171144662
1392	57.11834450681545	57.11834450681545
1393	57.06619761601894	57.06619761601894
1394	57.03403299782693	57.03403299782693
1395	57.0109494741684	57.0109494741684
1396	56.971444579472966	56.971444579472966
1397	56.93416620154931	56.93416620154931
1398	56.88070441824675	56.88070441824675
1399	56.824997833611214	56.824997833611214
1400	56.766837950772064	56.766837950772064
1401	56.71088149403003	56.71088149403003
1402	56.622800759613725	56.622800759613725
1403	56.51437212276075	56.51437212276075
1404	56.40232178646306	56.40232178646306
1405	56.29194504834156	56.29194504834156
1406	56.178472601185874	56.178472601185874
1407	56.06053512897082	56.06053512897082
1408	55.924142493935896	55.924142493935896
1409	55.7871270597771	55.7871270597771
1410	55.65757697976071	55.65757697976071
1411	55.53539633302397	55.53539633302397
1412	55.40718860511868	55.40718860511868
1413	55.26768890773978	55.26768890773978
1414	55.1245420690429	55.1245420690429
1415	54.96544391949472	54.96544391949472
1416	54.80639193827782	54.80639193827782
1417	54.65454961270528	54.65454961270528
1418	54.49230349127798	54.49230349127798
1419	54.333581696614374	54.333581696614374
1420	54.187588859973886	54.187588859973886
1421	54.024730928838686	54.024730928838686
1422	53.83965400218936	53.83965400218936
1423	53.64650121901989	53.64650121901989
1424	53.46216282917226	53.46216282917226
1425	53.28292470069841	53.28292470069841
1426	53.121623405992764	53.121623405992764
1427	52.93101420843714	52.93101420843714
1428	52.748573758879274	52.748573758879274
1429	52.55938187425062	52.55938187425062
1430	52.380767258507724	52.380767258507724
1431	52.20801557861978	52.20801557861978
1432	52.04011118318156	52.04011118318156
1433	51.88228650148657	51.88228650148657
1434	51.710504165738435	51.710504165738435
1435	51.534341644594086	51.534341644594086
1436	51.36250378043941	51.36250378043941
1437	51.19136974132776	51.19136974132776
1438	51.021430539672096	51.021430539672096
1439	50.85174844868755	50.85174844868755
1440	50.66685118613125	50.66685118613125
1441	50.48290722046183	50.48290722046183
1442	50.308024051188596	50.308024051188596
1443	50.13419008201041	50.13419008201041
1444	49.93807983226333	49.93807983226333
1445	49.754638968514826	49.754638968514826
1446	49.567601976885705	49.567601976885705
1447	49.387113851355366	49.387113851355366
1448	49.21581961262758	49.21581961262758
1449	49.04822600263712	49.04822600263712
1450	48.8669693842909	48.8669693842909
1451	48.67627811416192	48.67627811416192
1452	48.49401503787932	48.49401503787932
1453	48.31309317609977	48.31309317609977
1454	48.13991171427758	48.13991171427758
1455	47.97983051729807	47.97983051729807
1456	47.81589165007813	47.81589165007813
1457	47.65152376751333	47.65152376751333
1458	47.487733658165745	47.487733658165745
1459	47.31901507000692	47.31901507000692
1460	47.16165277465651	47.16165277465651
1461	47.00182164946845	47.00182164946845
1462	46.858005680042574	46.858005680042574
1463	46.70998902211308	46.70998902211308
1464	46.568932888826446	46.568932888826446
1465	46.41834885180184	46.41834885180184
1466	46.28731815007367	46.28731815007367
1467	46.16480890958343	46.16480890958343
1468	46.05118000064441	46.05118000064441
1469	45.91900068900084	45.91900068900084
1470	45.77249600601105	45.77249600601105
1471	45.62213553356175	45.62213553356175
1472	45.48739664978945	45.48739664978945
1473	45.362898901918385	45.362898901918385
1474	45.238782502858854	45.238782502858854
1475	45.104463449969316	45.104463449969316
1476	44.96279759434397	44.96279759434397
1477	44.82156111982576	44.82156111982576
1478	44.679793573190075	44.679793573190075
1479	44.54114103917955	44.54114103917955
1480	44.39643726680353	44.39643726680353
1481	44.249384475582275	44.249384475582275
1482	44.112805790299234	44.112805790299234
1483	43.99074604039611	43.99074604039611
1484	43.88480661153976	43.88480661153976
1485	43.787177066783514	43.787177066783514
1486	43.67792417724902	43.67792417724902
1487	43.56982905953595	43.56982905953595
1488	43.453150039662304	43.453150039662304
1489	43.35235012265829	43.35235012265829
1490	43.25478169716021	43.25478169716021
1491	43.17249788572441	43.17249788572441
1492	43.1009147890903	43.1009147890903
1493	43.02617703168485	43.02617703168485
1494	42.9461951938801	42.9461951938801
1495	42.88500364224568	42.88500364224568
1496	42.82607378100364	42.82607378100364
1497	42.77617414924157	42.77617414924157
1498	42.72172927811806	42.72172927811806
1499	42.674075550957944	42.674075550957944
1500	42.62173964414204	42.62173964414204
1501	42.5735463987555	42.5735463987555
1502	42.50207670833751	42.50207670833751
1503	42.41096389682971	42.41096389682971
1504	42.323402244452545	42.323402244452545
1505	42.24929795718599	42.24929795718599
1506	42.18397300160789	42.18397300160789
1507	42.13692567769409	42.13692567769409
1508	42.094757878204355	42.094757878204355
1509	42.04334050056461	42.04334050056461
1510	41.984257179327756	41.984257179327756
1511	41.93720828772566	41.93720828772566
1512	41.884420352817614	41.884420352817614
1513	41.83564306140816	41.83564306140816
1514	41.77317823719156	41.77317823719156
1515	41.69977342030656	41.69977342030656
1516	41.62481780350941	41.62481780350941
1517	41.53934847984304	41.53934847984304
1518	41.4518371904149	41.4518371904149
1519	41.37682532761719	41.37682532761719
1520	41.320227128783415	41.320227128783415
1521	41.280317184387215	41.280317184387215
1522	41.24721505063719	41.24721505063719
1523	41.218525188150934	41.218525188150934
1524	41.179011766825596	41.179011766825596
1525	41.149265282424835	41.149265282424835
1526	41.10676527737973	41.10676527737973
1527	41.07511840077618	41.07511840077618
1528	41.04158352027519	41.04158352027519
1529	41.00955553148705	41.00955553148705
1530	40.95958970899112	40.95958970899112
1531	40.90840853542251	40.90840853542251
1532	40.849563679682596	40.849563679682596
1533	40.79510541730868	40.79510541730868
1534	40.74975818804637	40.74975818804637
1535	40.727807267897695	40.727807267897695
1536	40.72159381344631	40.72159381344631
1537	40.723852371273516	40.723852371273516
1538	40.744084601035155	40.744084601035155
1539	40.76856012392801	40.76856012392801
1540	40.8020316975539	40.8020316975539
1541	40.82834639505809	40.82834639505809
1542	40.863183057674654	40.863183057674654
1543	40.91109111296952	40.91109111296952
1544	40.97509222044383	40.97509222044383
1545	41.03289957969471	41.03289957969471
1546	41.09241899218056	41.09241899218056
1547	41.12760979726544	41.12760979726544
1548	41.156240608083614	41.156240608083614
1549	41.177355209665876	41.177355209665876
1550	41.21968951528576	41.21968951528576
1551	41.25196820766523	41.25196820766523
1552	41.2763523124259	41.2763523124259
1553	41.28059870044542	41.28059870044542
1554	41.291189529099576	41.291189529099576
1555	41.30686040979562	41.30686040979562
1556	41.3363863514528	41.3363863514528
1557	41.369812831095935	41.369812831095935
1558	41.4113504561173	41.4113504561173
1559	41.43254382355536	41.43254382355536
1560	41.45646203823773	41.45646203823773
1561	41.47456645005765	41.47456645005765
1562	41.50001702409079	41.50001702409079
1563	41.52213858894936	41.52213858894936
1564	41.54459677716833	41.54459677716833
1565	41.55154439868619	41.55154439868619
1566	41.55583996462673	41.55583996462673
1567	41.56124524564491	41.56124524564491
1568	41.588872636949105	41.588872636949105
1569	41.637390816126214	41.637390816126214
1570	41.69097328912701	41.69097328912701
1571	41.73905858203415	41.73905858203415
1572	41.77512018995681	41.77512018995681
1573	41.79882028313481	41.79882028313481
1574	41.80686916096223	41.80686916096223
1575	41.817633157114415	41.817633157114415
1576	41.820968389715915	41.820968389715915
1577	41.817712953166144	41.817712953166144
1578	41.80701032654769	41.80701032654769
1579	41.80294750433711	41.80294750433711
1580	41.80724110468361	41.80724110468361
1581	41.83087948904957	41.83087948904957
1582	41.87427259641098	41.87427259641098
1583	41.93063784822821	41.93063784822821
1584	41.99108030146307	41.99108030146307
1585	42.04223152252139	42.04223152252139
1586	42.10060256919367	42.10060256919367
1587	42.17603763758911	42.17603763758911
1588	42.26359218387215	42.26359218387215
1589	42.34413228817674	42.34413228817674
1590	42.410911563224936	42.410911563224936
1591	42.48784043263026	42.48784043263026
1592	42.56661655700786	42.56661655700786
1593	42.66223607461245	42.66223607461245
1594	42.76172590372672	42.76172590372672
1595	42.8503320924572	42.8503320924572
1596	42.913619759892654	42.913619759892654
1597	42.978212290547035	42.978212290547035
1598	43.02149607431663	43.02149607431663
1599	43.066991834782	43.066991834782
1600	43.11982731587314	43.11982731587314
1601	43.1811287076713	43.1811287076713
1602	43.23264867634838	43.23264867634838
1603	43.28234918406467	43.28234918406467
1604	43.333100154932474	43.333100154932474
1605	43.3838923284362	43.3838923284362
1606	43.429561001665036	43.429561001665036
1607	43.46236996209241	43.46236996209241
1608	43.480865412033275	43.480865412033275
1609	43.48985734260315	43.48985734260315
1610	43.49218829558618	43.49218829558618
1611	43.50273424236035	43.50273424236035
1612	43.52169133989147	43.52169133989147
1613	43.52455204871344	43.52455204871344
1614	43.5204921201386	43.5204921201386
1615	43.51040703237784	43.51040703237784
1616	43.51379084389103	43.51379084389103
1617	43.522569213064685	43.522569213064685
1618	43.534145097508535	43.534145097508535
1619	43.54365880003384	43.54365880003384
1620	43.54848145861251	43.54848145861251
1621	43.544373532721806	43.544373532721806
1622	43.531221150704866	43.531221150704866
1623	43.516308306113274	43.516308306113274
1624	43.49218138998242	43.49218138998242
1625	43.47685026091988	43.47685026091988
1626	43.4390520345173	43.4390520345173
1627	43.370779815268435	43.370779815268435
1628	43.298951401997016	43.298951401997016
1629	43.245974843876155	43.245974843876155
1630	43.21243759999746	43.21243759999746
1631	43.18496063508593	43.18496063508593
1632	43.157066150579475	43.157066150579475
1633	43.1174200140555	43.1174200140555
1634	43.0726007340462	43.0726007340462
1635	43.052289853090386	43.052289853090386
1636	43.04694333846035	43.04694333846035
1637	43.05669706432208	43.05669706432208
1638	43.075597930883816	43.075597930883816
1639	43.0837579065442	43.0837579065442
1640	43.07424930641566	43.07424930641566
1641	43.075575301664365	43.075575301664365
1642	43.116223302978746	43.116223302978746
1643	43.170983371461766	43.170983371461766
1644	43.23587591467974	43.23587591467974
1645	43.316000166126734	43.316000166126734
1646	43.39711050779566	43.39711050779566
1647	43.475619917171606	43.475619917171606
1648	43.57786853540379	43.57786853540379
1649	43.69080632704798	43.69080632704798
1650	43.82055487535948	43.82055487535948
1651	43.92070329382439	43.92070329382439
1652	43.99474556064658	43.99474556064658
1653	44.06370623113704	44.06370623113704
1654	44.1419576852217	44.1419576852217
1655	44.20515244114807	44.20515244114807
1656	44.2745595669777	44.2745595669777
1657	44.34971820000727	44.34971820000727
1658	44.445527074972674	44.445527074972674
1659	44.55567212133023	44.55567212133023
1660	44.66801426671593	44.66801426671593
1661	44.79431402874411	44.79431402874411
1662	44.92312046746445	44.92312046746445
1663	45.058257879651244	45.058257879651244
1664	45.2058979205143	45.2058979205143
1665	45.35716896856189	45.35716896856189
1666	45.51243437344993	45.51243437344993
1667	45.6848384362019	45.6848384362019
1668	45.873679793231474	45.873679793231474
1669	46.06452441184849	46.06452441184849
1670	46.255656828610114	46.255656828610114
1671	46.44145736147317	46.44145736147317
1672	46.613894244937214	46.613894244937214
1673	46.79513917678057	46.79513917678057
1674	46.96529915507224	46.96529915507224
1675	47.14018211730068	47.14018211730068
1676	47.31055933387424	47.31055933387424
1677	47.476226844224904	47.476226844224904
1678	47.63112594548518	47.63112594548518
1679	47.79724766460807	47.79724766460807
1680	47.95801562832557	47.95801562832557
1681	48.11018690863134	48.11018690863134
1682	48.25872798464303	48.25872798464303
1683	48.40023981636109	48.40023981636109
1684	48.55047947135145	48.55047947135145
1685	48.68199403707885	48.68199403707885
1686	48.81600693373338	48.81600693373338
1687	48.957640477652745	48.957640477652745
1688	49.09719986538495	49.09719986538495
1689	49.25511350960156	49.25511350960156
1690	49.43137743897315	49.43137743897315
1691	49.6136863434247	49.6136863434247
1692	49.798935841086006	49.798935841086006
1693	49.98354964359919	49.98354964359919
1694	50.17937595244166	50.17937595244166
1695	50.366022882389075	50.366022882389075
1696	50.55581847253497	50.55581847253497
1697	50.74461106491148	50.74461106491148
1698	50.928872783094334	50.928872783094334
1699	51.121512064472704	51.121512064472704
1700	51.3376248353527	51.3376248353527
1701	51.57401955897949	51.57401955897949
1702	51.82450419214464	51.82450419214464
1703	52.09803439239662	52.09803439239662
1704	52.37100754574798	52.37100754574798
1705	52.64892290314036	52.64892290314036
1706	52.91782769450599	52.91782769450599
1707	53.18424338247285	53.18424338247285
1708	53.454016024895544	53.454016024895544
1709	53.732631540274866	53.732631540274866
1710	54.003147532050534	54.003147532050534
1711	54.266732140175264	54.266732140175264
1712	54.532258352642174	54.532258352642174
1713	54.8185393983125	54.8185393983125
1714	55.11423093881234	55.11423093881234
1715	55.407391643692335	55.407391643692335
1716	55.70629498402283	55.70629498402283
1717	56.01337051473337	56.01337051473337
1718	56.318910214067124	56.318910214067124
1719	56.62911207885939	56.62911207885939
1720	56.93903888200326	56.93903888200326
1721	57.24590859225228	57.24590859225228
1722	57.5488674243989	57.5488674243989
1723	57.85217554357927	57.85217554357927
1724	58.16290639937972	58.16290639937972
1725	58.46802460293641	58.46802460293641
1726	58.789096303467524	58.789096303467524
1727	59.10984916601467	59.10984916601467
1728	59.42740626965807	59.42740626965807
1729	59.727049135808926	59.727049135808926
1730	60.024046413292886	60.024046413292886
1731	60.30124740805154	60.30124740805154
1732	60.58049145092036	60.58049145092036
1733	60.857831545141295	60.857831545141295
1734	61.11974375886639	61.11974375886639
1735	61.38092697081594	61.38092697081594
1736	61.66479727520265	61.66479727520265
1737	61.937521198026836	61.937521198026836
1738	62.207987465078034	62.207987465078034
1739	62.47995853750788	62.47995853750788
1740	62.75362188693803	62.75362188693803
1741	62.9963036111005	62.9963036111005
1742	63.19108591349737	63.19108591349737
1743	63.377965092597655	63.377965092597655
1744	63.57117877013279	63.57117877013279
1745	63.75307786751797	63.75307786751797
1746	63.92995901410038	63.92995901410038
1747	64.08099180426976	64.08099180426976
1748	64.20194756131667	64.20194756131667
1749	64.32532024268737	64.32532024268737
1750	64.4397605797174	64.4397605797174
1751	64.55523961531219	64.55523961531219
1752	64.65143682300173	64.65143682300173
1753	64.72612448840675	64.72612448840675
1754	64.78637158027831	64.78637158027831
1755	64.84393094759156	64.84393094759156
1756	64.89413077282245	64.89413077282245
1757	64.95590701112813	64.95590701112813
1758	65.01690319240731	65.01690319240731
1759	65.07046465431596	65.07046465431596
1760	65.09978227029102	65.09978227029102
1761	65.13814890048671	65.13814890048671
1762	65.19722036571189	65.19722036571189
1763	65.25712665186498	65.25712665186498
1764	65.30628392841558	65.30628392841558
1765	65.3621131317124	65.3621131317124
1766	65.39768202094149	65.39768202094149
1767	65.43451217295082	65.43451217295082
1768	65.47771359573808	65.47771359573808
1769	65.53770129165166	65.53770129165166
1770	65.61914086462701	65.61914086462701
1771	65.71660429107644	65.71660429107644
1772	65.76363802870898	65.76363802870898
1773	65.7647963329356	65.7647963329356
1774	65.76989421234668	65.76989421234668
1775	65.77753260398813	65.77753260398813
1776	65.77875156398264	65.77875156398264
1777	65.79322806962146	65.79322806962146
1778	65.78735611856924	65.78735611856924
1779	65.77380683516984	65.77380683516984
1780	65.76813944642643	65.76813944642643
1781	65.7768161794075	65.7768161794075
1782	65.78370987828283	65.78370987828283
1783	65.79327511698389	65.79327511698389
1784	65.76933952397908	65.76933952397908
1785	65.73440086367961	65.73440086367961
1786	65.71443200207665	65.71443200207665
1787	65.70846002797431	65.70846002797431
1788	65.71928380666421	65.71928380666421
1789	65.73994019895554	65.73994019895554
1790	65.78825785484317	65.78825785484317
1791	65.85898906268528	65.85898906268528
1792	65.93969087746113	65.93969087746113
1793	66.03706555305426	66.03706555305426
1794	66.14472759251706	66.14472759251706
1795	66.27599340692457	66.27599340692457
1796	66.39483136417003	66.39483136417003
1797	66.53395027992563	66.53395027992563
1798	66.6713194669698	66.6713194669698
1799	66.79651159435204	66.79651159435204
1800	66.91918260083968	66.91918260083968
1801	67.03777727804032	67.03777727804032
1802	67.1530121550335	67.1530121550335
1803	67.26789624025609	67.26789624025609
1804	67.3788539695399	67.3788539695399
1805	67.50949591929272	67.50949591929272
1806	67.65281450909696	67.65281450909696
1807	67.79007725765916	67.79007725765916
1808	67.90706159432506	67.90706159432506
1809	68.01414997445748	68.01414997445748
1810	68.12019998735514	68.12019998735514
1811	68.25434898746778	68.25434898746778
1812	68.39780857173416	68.39780857173416
1813	68.54720915728237	68.54720915728237
1814	68.70441769594127	68.70441769594127
1815	68.87995995665726	68.87995995665726
1816	69.05626556319667	69.05626556319667
1817	69.23635401013293	69.23635401013293
1818	69.43890538321256	69.43890538321256
1819	69.65438393280283	69.65438393280283
1820	69.85281975181881	69.85281975181881
1821	70.05064651296126	70.05064651296126
1822	70.23592822527247	70.23592822527247
1823	70.43211183040684	70.43211183040684
1824	70.63811926047072	70.63811926047072
1825	70.86979786529189	70.86979786529189
1826	71.08292006960036	71.08292006960036
1827	71.27638486535147	71.27638486535147
1828	71.4545650226392	71.4545650226392
1829	71.62180288855114	71.62180288855114
1830	71.78178115777528	71.78178115777528
1831	71.97927478646295	71.97927478646295
1832	72.17452195691843	72.17452195691843
1833	72.35007646783556	72.35007646783556
1834	72.5073489168481	72.5073489168481
1835	72.62165305321963	72.62165305321963
1836	72.68786676096076	72.68786676096076
1837	72.76432038830362	72.76432038830362
1838	72.89274533543191	72.89274533543191
1839	73.0279391191116	73.0279391191116
1840	73.18599482528373	73.18599482528373
1841	73.31998545853679	73.31998545853679
1842	73.41907302729908	73.41907302729908
1843	73.50848205674313	73.50848205674313
1844	73.59980053003099	73.59980053003099
1845	73.68417616616026	73.68417616616026
1846	73.76509845975096	73.76509845975096
1847	73.79568560361042	73.79568560361042
1848	73.79880229001334	73.79880229001334
1849	73.84460670027639	73.84460670027639
1850	73.87636546109871	73.87636546109871
1851	73.90313075596288	73.90313075596288
1852	73.9164692756044	73.9164692756044
1853	73.93199380055529	73.93199380055529
1854	73.91511740281054	73.91511740281054
1855	73.89498015721497	73.89498015721497
1856	73.88053753561314	73.88053753561314
1857	73.88768295863048	73.88768295863048
1858	73.89599296365543	73.89599296365543
1859	73.91776206148887	73.91776206148887
1860	73.95401290946988	73.95401290946988
1861	74.00775170049687	74.00775170049687
1862	74.06260383159177	74.06260383159177
1863	74.1411995175862	74.1411995175862
1864	74.22320326908213	74.22320326908213
1865	74.2773839791284	74.2773839791284
1866	74.31727496307288	74.31727496307288
1867	74.312719162494	74.312719162494
1868	74.29401519619265	74.29401519619265
1869	74.31055631377072	74.31055631377072
1870	74.32321460603826	74.32321460603826
1871	74.33864320876525	74.33864320876525
1872	74.33525359527448	74.33525359527448
1873	74.31324464366355	74.31324464366355
1874	74.30387060094645	74.30387060094645
1875	74.29332257970138	74.29332257970138
1876	74.2494444273749	74.2494444273749
1877	74.16551090497097	74.16551090497097
1878	74.10177173819288	74.10177173819288
1879	74.00377604937171	74.00377604937171
1880	73.91356947724651	73.91356947724651
1881	73.81219144598728	73.81219144598728
1882	73.68145953599603	73.68145953599603
1883	73.50274066791854	73.50274066791854
1884	73.31992248430853	73.31992248430853
1885	73.08720982388051	73.08720982388051
1886	72.80722822261379	72.80722822261379
1887	72.53790234595753	72.53790234595753
1888	72.28417957919334	72.28417957919334
1889	72.05914327727957	72.05914327727957
1890	71.83260894804565	71.83260894804565
1891	71.63041804787457	71.63041804787457
1892	71.40424123937265	71.40424123937265
1893	71.21495480330623	71.21495480330623
1894	71.07133003128999	71.07133003128999
1895	70.90652650698115	70.90652650698115
1896	70.77294583160236	70.77294583160236
1897	70.59082514724211	70.59082514724211
1898	70.41149509151785	70.41149509151785
1899	70.24355332286643	70.24355332286643
1900	70.09757782259811	70.09757782259811
1901	69.97739388129035	69.97739388129035
1902	69.82578909808134	69.82578909808134
1903	69.67249682042747	69.67249682042747
1904	69.52554992135322	69.52554992135322
1905	69.38703547213852	69.38703547213852
1906	69.34386093867435	69.34386093867435
1907	69.29948748167212	69.29948748167212
1908	69.26247035611519	69.26247035611519
1909	69.21051380728835	69.21051380728835
1910	69.19909940652808	69.19909940652808
1911	69.1425635417675	69.1425635417675
1912	69.09292259009	69.09292259009
1913	69.00628150399594	69.00628150399594
1914	68.95674159995019	68.95674159995019
1915	68.93553790262747	68.93553790262747
1916	68.96141072668706	68.96141072668706
1917	68.9777412799589	68.9777412799589
1918	68.9352925459418	68.9352925459418
1919	68.87574829434386	68.87574829434386
1920	68.8449834457845	68.8449834457845
1921	68.7766373283665	68.7766373283665
1922	68.69681969680819	68.69681969680819
1923	68.59822619316336	68.59822619316336
1924	68.4932428261267	68.4932428261267
1925	68.32569239393557	68.32569239393557
1926	68.20639075462618	68.20639075462618
1927	68.13141283946214	68.13141283946214
1928	68.04549822435278	68.04549822435278
1929	67.98012240315482	67.98012240315482
1930	67.88096134233658	67.88096134233658
1931	67.7691872741436	67.7691872741436
1932	67.61138594426622	67.61138594426622
1933	67.44311922751184	67.44311922751184
1934	67.2827886798053	67.2827886798053
1935	67.1852883224269	67.1852883224269
1936	67.18189482367252	67.18189482367252
1937	67.2556186423327	67.2556186423327
1938	67.38007733533485	67.38007733533485
1939	67.46852761091816	67.46852761091816
1940	67.61942818561121	67.61942818561121
1941	67.68095078013027	67.68095078013027
1942	67.82223055072858	67.82223055072858
1943	67.9709234933791	67.9709234933791
1944	68.09883433096742	68.09883433096742
1945	68.28564667176951	68.28564667176951
1946	68.45573844557435	68.45573844557435
1947	68.7020487818761	68.7020487818761
1948	68.90194923801397	68.90194923801397
1949	69.1793190064554	69.1793190064554
1950	69.41578631339034	69.41578631339034
1951	69.59998457399529	69.59998457399529
1952	69.81896300723746	69.81896300723746
1953	70.07988351606664	70.07988351606664
1954	70.25694116488006	70.25694116488006
1955	70.32235994421144	70.32235994421144
1956	70.39776210817571	70.39776210817571
1957	70.51008507918866	70.51008507918866
1958	70.63782109993507	70.63782109993507
1959	70.85863220739924	70.85863220739924
1960	71.09434296331747	71.09434296331747
1961	71.40843535164461	71.40843535164461
1962	71.69773667115011	71.69773667115011
1963	72.04103467071	72.04103467071
1964	72.40087521834621	72.40087521834621
1965	72.7269034576209	72.7269034576209
1966	72.99510103565706	72.99510103565706
1967	73.25366585376047	73.25366585376047
1968	73.49331186203241	73.49331186203241
1969	73.77019913144832	73.77019913144832
1970	74.0856015015233	74.0856015015233
1971	74.4446337223599	74.4446337223599
1972	74.7116004853268	74.7116004853268
1973	74.97885757702849	74.97885757702849
1974	75.18420928753358	75.18420928753358
1975	75.2401330460287	75.2401330460287
1976	75.23963453164362	75.23963453164362
1977	75.16781504363284	75.16781504363284
1978	75.15152815292622	75.15152815292622
1979	75.04506396258672	75.04506396258672
1980	74.96472837067542	74.96472837067542
1981	74.86390504541156	74.86390504541156
1982	74.90169856049866	74.90169856049866
1983	75.05891044376435	75.05891044376435
1984	75.31826069712623	75.31826069712623
1985	75.53487041431836	75.53487041431836
1986	75.78040631362903	75.78040631362903
1987	75.95837074867974	75.95837074867974
1988	76.19857972824941	76.19857972824941
1989	76.60430829337388	76.60430829337388
1990	77.01013079685157	77.01013079685157
1991	77.4611600494986	77.4611600494986
1992	77.88893982983345	77.88893982983345
1993	78.31799809122384	78.31799809122384
1994	78.72127625731252	78.72127625731252
1995	79.17874151132372	79.17874151132372
1996	79.52709339712604	79.52709339712604
1997	79.7377814744337	79.7377814744337
1998	79.93234913983653	79.93234913983653
1999	79.95824871884838	79.95824871884838
2000	79.78544583365937	79.78544583365937
2001	79.7843050889774	79.7843050889774
2002	79.91179507653933	79.91179507653933
2003	79.85856211560127	79.85856211560127
2004	79.69489814395055	79.69489814395055
2005	79.22713608030325	79.22713608030325
2006	78.64861894726027	78.64861894726027
2007	77.94896684324907	77.94896684324907
2008	77.16271274699487	77.16271274699487
2009	76.28510476208709	76.28510476208709
2010	75.2776678088748	75.2776678088748
2011	74.14810292276741	74.14810292276741
2012	73.20728482710423	73.20728482710423
2013	72.42044139171058	72.42044139171058
2014	71.41046445375844	71.41046445375844
2015	70.28555415083768	70.28555415083768
2016	69.3480650545484	69.3480650545484
2017	68.35354266890212	68.35354266890212
2018	67.55946773948442	67.55946773948442
2019	66.93669523425912	66.93669523425912
2020	66.51173341106553	66.51173341106553
2021	66.1726481779479	66.1726481779479
2022	65.88375899777294	65.88375899777294
2023	65.88752481953784	65.88752481953784
2024	65.85800101458715	65.85800101458715
2025	66.03127977983723	66.03127977983723
2026	66.1467216259194	66.1467216259194
2027	65.74586651034836	65.74586651034836
2028	65.08272628547009	65.08272628547009
2029	64.13738458412494	64.13738458412494
2030	63.603353928033286	63.603353928033286
2031	63.39830859554533	63.39830859554533
2032	63.25477339867438	63.25477339867438
2033	62.91143164551385	62.91143164551385
2034	61.937800806360926	61.937800806360926
2035	60.98419315380539	60.98419315380539
2036	58.35409155340652	58.35409155340652
2037	60.0201909081824	60.0201909081824
