#Calcul du déplacement moyen
#Time	dqmoy	part_0
1	0.11344771929961553	0.11344771929961553
2	0.20791802039729101	0.20791802039729101
3	0.3356827656352176	0.3356827656352176
4	0.43518525154552723	0.43518525154552723
5	0.5557544059838593	0.5557544059838593
6	0.6521329629879817	0.6521329629879817
7	0.7741572733170901	0.7741572733170901
8	0.8704035613892798	0.8704035613892798
9	0.9934527261529809	0.9934527261529809
10	1.0928503424840335	1.0928503424840335
11	1.2174697918403736	1.2174697918403736
12	1.3273610537688407	1.3273610537688407
13	1.4550061981489868	1.4550061981489868
14	1.572249689110133	1.572249689110133
15	1.7141937648479137	1.7141937648479137
16	1.843788401519948	1.843788401519948
17	1.9875448479000317	1.9875448479000317
18	2.122348690224529	2.122348690224529
19	2.2664781307096082	2.2664781307096082
20	2.4086266262260967	2.4086266262260967
21	2.5549319558959174	2.5549319558959174
22	2.7021577104787005	2.7021577104787005
23	2.8501789091512024	2.8501789091512024
24	2.998284331593747	2.998284331593747
25	3.1423489922358523	3.1423489922358523
26	3.295218200956522	3.295218200956522
27	3.4367750282317466	3.4367750282317466
28	3.5848177344183636	3.5848177344183636
29	3.7161415528053814	3.7161415528053814
30	3.8623696720271994	3.8623696720271994
31	3.998562524305107	3.998562524305107
32	4.1503129882923	4.1503129882923
33	4.284277867877063	4.284277867877063
34	4.4356424115390976	4.4356424115390976
35	4.5584121372967354	4.5584121372967354
36	4.702553476984282	4.702553476984282
37	4.827237676464626	4.827237676464626
38	4.983969700893386	4.983969700893386
39	5.114395882507359	5.114395882507359
40	5.272872702133611	5.272872702133611
41	5.401851224355051	5.401851224355051
42	5.558157070458685	5.558157070458685
43	5.689709807620037	5.689709807620037
44	5.851182534908183	5.851182534908183
45	5.99219830348105	5.99219830348105
46	6.156350548287479	6.156350548287479
47	6.295943925580946	6.295943925580946
48	6.463629107093022	6.463629107093022
49	6.606898381395091	6.606898381395091
50	6.7722556482025364	6.7722556482025364
51	6.914898241469372	6.914898241469372
52	7.081186359701215	7.081186359701215
53	7.226150886888783	7.226150886888783
54	7.387827985091663	7.387827985091663
55	7.537210113284487	7.537210113284487
56	7.702736920173043	7.702736920173043
57	7.855962141130663	7.855962141130663
58	8.022413591546133	8.022413591546133
59	8.176645516522424	8.176645516522424
60	8.3395219810056	8.3395219810056
61	8.497096548260423	8.497096548260423
62	8.664564571690478	8.664564571690478
63	8.83182238882495	8.83182238882495
64	9.004307948590952	9.004307948590952
65	9.181758288943257	9.181758288943257
66	9.356047427748743	9.356047427748743
67	9.530745991129308	9.530745991129308
68	9.700267171157893	9.700267171157893
69	9.882916648307184	9.882916648307184
70	10.057757017525955	10.057757017525955
71	10.245930128462621	10.245930128462621
72	10.413656591949534	10.413656591949534
73	10.597678489355392	10.597678489355392
74	10.764622370186256	10.764622370186256
75	10.9474748818826	10.9474748818826
76	11.109577937077969	11.109577937077969
77	11.29441308144856	11.29441308144856
78	11.459048897323196	11.459048897323196
79	11.645798852444411	11.645798852444411
80	11.807049886118866	11.807049886118866
81	11.98813738623921	11.98813738623921
82	12.141511513093182	12.141511513093182
83	12.323956188857645	12.323956188857645
84	12.480329161470504	12.480329161470504
85	12.666468182191448	12.666468182191448
86	12.823399145000366	12.823399145000366
87	13.011327537354441	13.011327537354441
88	13.1699493543551	13.1699493543551
89	13.355015990497513	13.355015990497513
90	13.516774776123022	13.516774776123022
91	13.70619903003518	13.70619903003518
92	13.86929410309041	13.86929410309041
93	14.055493840697434	14.055493840697434
94	14.21842924594861	14.21842924594861
95	14.400141193048562	14.400141193048562
96	14.561687743812953	14.561687743812953
97	14.73905710533759	14.73905710533759
98	14.895038474832694	14.895038474832694
99	15.065544428959491	15.065544428959491
100	15.220550995524174	15.220550995524174
101	15.38607986442673	15.38607986442673
102	15.537886731748603	15.537886731748603
103	15.692176162628847	15.692176162628847
104	15.835297371197925	15.835297371197925
105	15.97582288318186	15.97582288318186
106	16.11580946132613	16.11580946132613
107	16.25577969072802	16.25577969072802
108	16.396624487063235	16.396624487063235
109	16.528055898062227	16.528055898062227
110	16.664063428319036	16.664063428319036
111	16.79297603493783	16.79297603493783
112	16.93026091891251	16.93026091891251
113	17.060210849339636	17.060210849339636
114	17.20307414563269	17.20307414563269
115	17.333801774180884	17.333801774180884
116	17.4793086512278	17.4793086512278
117	17.608654539145107	17.608654539145107
118	17.75126748730768	17.75126748730768
119	17.870822414767503	17.870822414767503
120	18.01504676237445	18.01504676237445
121	18.141797565731537	18.141797565731537
122	18.295099768913783	18.295099768913783
123	18.425424514400532	18.425424514400532
124	18.581232302965994	18.581232302965994
125	18.709936056520302	18.709936056520302
126	18.8697567914049	18.8697567914049
127	19.010593508173734	19.010593508173734
128	19.18289254754434	19.18289254754434
129	19.32748720327098	19.32748720327098
130	19.50108901638417	19.50108901638417
131	19.65125057962057	19.65125057962057
132	19.826109098256815	19.826109098256815
133	19.978034343949034	19.978034343949034
134	20.15319340329787	20.15319340329787
135	20.3086686264972	20.3086686264972
136	20.483541037506708	20.483541037506708
137	20.641539504940987	20.641539504940987
138	20.817970649836134	20.817970649836134
139	20.975306358239145	20.975306358239145
140	21.145699678736435	21.145699678736435
141	21.30083389485609	21.30083389485609
142	21.47081335735121	21.47081335735121
143	21.62868931814151	21.62868931814151
144	21.80163507593596	21.80163507593596
145	21.97029743572186	21.97029743572186
146	22.143601336350997	22.143601336350997
147	22.309042160022788	22.309042160022788
148	22.476227095879647	22.476227095879647
149	22.634192563571354	22.634192563571354
150	22.78948982548069	22.78948982548069
151	22.951278302095396	22.951278302095396
152	23.104242816401964	23.104242816401964
153	23.260353820520145	23.260353820520145
154	23.408173071118796	23.408173071118796
155	23.56243347104185	23.56243347104185
156	23.70266167770017	23.70266167770017
157	23.852709067120486	23.852709067120486
158	23.983687613735547	23.983687613735547
159	24.129482060921234	24.129482060921234
160	24.248437445799375	24.248437445799375
161	24.384895884976018	24.384895884976018
162	24.496100329386394	24.496100329386394
163	24.624881692652576	24.624881692652576
164	24.729444218808865	24.729444218808865
165	24.857639357287788	24.857639357287788
166	24.961942618836872	24.961942618836872
167	25.08904690930433	25.08904690930433
168	25.193616799908085	25.193616799908085
169	25.323531523257234	25.323531523257234
170	25.428605188915512	25.428605188915512
171	25.55157889468429	25.55157889468429
172	25.644372480169636	25.644372480169636
173	25.75805389218319	25.75805389218319
174	25.848570251863936	25.848570251863936
175	25.962965171222812	25.962965171222812
176	26.055232814298094	26.055232814298094
177	26.17449184124658	26.17449184124658
178	26.26710002982628	26.26710002982628
179	26.379329079722325	26.379329079722325
180	26.473630682264503	26.473630682264503
181	26.587658586202217	26.587658586202217
182	26.68361958821297	26.68361958821297
183	26.79221183091145	26.79221183091145
184	26.88835487052242	26.88835487052242
185	26.99220041253591	26.99220041253591
186	27.082396133859813	27.082396133859813
187	27.180109300408738	27.180109300408738
188	27.275140124851262	27.275140124851262
189	27.378818079686535	27.378818079686535
190	27.479201448757273	27.479201448757273
191	27.584247772871052	27.584247772871052
192	27.686909102775672	27.686909102775672
193	27.78879507542348	27.78879507542348
194	27.89214481962239	27.89214481962239
195	27.99661171972383	27.99661171972383
196	28.105733755932693	28.105733755932693
197	28.20434563560175	28.20434563560175
198	28.315595522010035	28.315595522010035
199	28.409259680070726	28.409259680070726
200	28.517874536763443	28.517874536763443
201	28.612607832007377	28.612607832007377
202	28.718503153074305	28.718503153074305
203	28.80794033506146	28.80794033506146
204	28.91567111595114	28.91567111595114
205	29.00500594468977	29.00500594468977
206	29.12097195356519	29.12097195356519
207	29.217244356124116	29.217244356124116
208	29.331032274685896	29.331032274685896
209	29.41992772282208	29.41992772282208
210	29.530970205278827	29.530970205278827
211	29.610354211019526	29.610354211019526
212	29.7108494219904	29.7108494219904
213	29.78440347385621	29.78440347385621
214	29.8786795968252	29.8786795968252
215	29.950874477360898	29.950874477360898
216	30.045622793960796	30.045622793960796
217	30.113343452424843	30.113343452424843
218	30.199643937756726	30.199643937756726
219	30.26415785544677	30.26415785544677
220	30.3516369404138	30.3516369404138
221	30.419468110180624	30.419468110180624
222	30.503742013975987	30.503742013975987
223	30.570926723482405	30.570926723482405
224	30.65278998005172	30.65278998005172
225	30.717126160019575	30.717126160019575
226	30.797239306150388	30.797239306150388
227	30.866981372101705	30.866981372101705
228	30.944461551133962	30.944461551133962
229	31.012437866879534	31.012437866879534
230	31.082722225633567	31.082722225633567
231	31.148634449500378	31.148634449500378
232	31.218113168170156	31.218113168170156
233	31.284020956527748	31.284020956527748
234	31.35885525511953	31.35885525511953
235	31.43499137631027	31.43499137631027
236	31.510728002186013	31.510728002186013
237	31.584442823219334	31.584442823219334
238	31.656994452154528	31.656994452154528
239	31.72994135609904	31.72994135609904
240	31.79855825937141	31.79855825937141
241	31.869330803516462	31.869330803516462
242	31.93070019061979	31.93070019061979
243	32.00540754670401	32.00540754670401
244	32.0613185251883	32.0613185251883
245	32.14155586310725	32.14155586310725
246	32.20182079355264	32.20182079355264
247	32.2761821744243	32.2761821744243
248	32.327188505831586	32.327188505831586
249	32.40065773745237	32.40065773745237
250	32.453671447092034	32.453671447092034
251	32.526804751519364	32.526804751519364
252	32.57412513995145	32.57412513995145
253	32.64817380007349	32.64817380007349
254	32.70174343757227	32.70174343757227
255	32.78455938571692	32.78455938571692
256	32.844300359497716	32.844300359497716
257	32.927780845113624	32.927780845113624
258	32.989213245631305	32.989213245631305
259	33.07500119488212	33.07500119488212
260	33.13743331057964	33.13743331057964
261	33.21743689888907	33.21743689888907
262	33.26994587282942	33.26994587282942
263	33.35058843712326	33.35058843712326
264	33.41720052333657	33.41720052333657
265	33.5021907543792	33.5021907543792
266	33.56519817214262	33.56519817214262
267	33.64450204790603	33.64450204790603
268	33.706552385836176	33.706552385836176
269	33.783498897533256	33.783498897533256
270	33.848046265002566	33.848046265002566
271	33.91990650063619	33.91990650063619
272	33.97481573958338	33.97481573958338
273	34.034474411400275	34.034474411400275
274	34.08505579255652	34.08505579255652
275	34.14365943917318	34.14365943917318
276	34.201196259846824	34.201196259846824
277	34.26224205979468	34.26224205979468
278	34.32271280629139	34.32271280629139
279	34.377565747642315	34.377565747642315
280	34.435807208869896	34.435807208869896
281	34.48571260512075	34.48571260512075
282	34.546727765660535	34.546727765660535
283	34.595686563740394	34.595686563740394
284	34.658063670374695	34.658063670374695
285	34.69673519920428	34.69673519920428
286	34.743663408252324	34.743663408252324
287	34.77069677715496	34.77069677715496
288	34.81858428734853	34.81858428734853
289	34.8539618406736	34.8539618406736
290	34.91046619393502	34.91046619393502
291	34.944423757620875	34.944423757620875
292	34.99988501361245	34.99988501361245
293	35.03043444754396	35.03043444754396
294	35.08665701701329	35.08665701701329
295	35.12600593609589	35.12600593609589
296	35.19064577430737	35.19064577430737
297	35.22487702479334	35.22487702479334
298	35.281110320601215	35.281110320601215
299	35.302690586081475	35.302690586081475
300	35.351147867480776	35.351147867480776
301	35.367581279942186	35.367581279942186
302	35.412121278262376	35.412121278262376
303	35.43412134886603	35.43412134886603
304	35.47619545151163	35.47619545151163
305	35.49569477413492	35.49569477413492
306	35.53701902857704	35.53701902857704
307	35.557106783998606	35.557106783998606
308	35.600278921403145	35.600278921403145
309	35.623580155382584	35.623580155382584
310	35.65842317056949	35.65842317056949
311	35.67738790022186	35.67738790022186
312	35.70931290356209	35.70931290356209
313	35.730146183421915	35.730146183421915
314	35.758371644871104	35.758371644871104
315	35.77697943300466	35.77697943300466
316	35.803602279776364	35.803602279776364
317	35.82199068373424	35.82199068373424
318	35.84342304893741	35.84342304893741
319	35.867217936311164	35.867217936311164
320	35.89679816633887	35.89679816633887
321	35.92175283788178	35.92175283788178
322	35.945143498019576	35.945143498019576
323	35.96498324917683	35.96498324917683
324	35.98200983277002	35.98200983277002
325	36.00160210505403	36.00160210505403
326	36.01359648257532	36.01359648257532
327	36.040301144679106	36.040301144679106
328	36.05191253141413	36.05191253141413
329	36.07786194718234	36.07786194718234
330	36.08803022590164	36.08803022590164
331	36.11741045889265	36.11741045889265
332	36.12926936291589	36.12926936291589
333	36.15700166629795	36.15700166629795
334	36.1624319475953	36.1624319475953
335	36.18523928380537	36.18523928380537
336	36.18157800940024	36.18157800940024
337	36.200414114500205	36.200414114500205
338	36.194447775672174	36.194447775672174
339	36.21044515685887	36.21044515685887
340	36.20415320759927	36.20415320759927
341	36.22579656245581	36.22579656245581
342	36.218275329958175	36.218275329958175
343	36.237768584211935	36.237768584211935
344	36.23910859730276	36.23910859730276
345	36.26440077888351	36.26440077888351
346	36.26810716871874	36.26810716871874
347	36.29448884940955	36.29448884940955
348	36.29490114575708	36.29490114575708
349	36.31556255313175	36.31556255313175
350	36.31721045759036	36.31721045759036
351	36.33167788702842	36.33167788702842
352	36.32902489464611	36.32902489464611
353	36.3389401992016	36.3389401992016
354	36.338200943101484	36.338200943101484
355	36.34995302536433	36.34995302536433
356	36.35111279561771	36.35111279561771
357	36.35757466790622	36.35757466790622
358	36.35732211618877	36.35732211618877
359	36.36411054756668	36.36411054756668
360	36.36926119782913	36.36926119782913
361	36.37758708500599	36.37758708500599
362	36.37588158150872	36.37588158150872
363	36.37681380270854	36.37681380270854
364	36.37687657749949	36.37687657749949
365	36.377258233398294	36.377258233398294
366	36.38333998070405	36.38333998070405
367	36.38437666189856	36.38437666189856
368	36.39511441808679	36.39511441808679
369	36.38953082473678	36.38953082473678
370	36.39680480287113	36.39680480287113
371	36.38325032375555	36.38325032375555
372	36.37854249686863	36.37854249686863
373	36.35153563243545	36.35153563243545
374	36.339949144255236	36.339949144255236
375	36.31056372880386	36.31056372880386
376	36.30534863455042	36.30534863455042
377	36.28020120052328	36.28020120052328
378	36.27538775687675	36.27538775687675
379	36.24519102013543	36.24519102013543
380	36.243481182777074	36.243481182777074
381	36.223993852423185	36.223993852423185
382	36.23135094708613	36.23135094708613
383	36.210892684074096	36.210892684074096
384	36.224511342760906	36.224511342760906
385	36.21327288045724	36.21327288045724
386	36.229246139528165	36.229246139528165
387	36.21723663137832	36.21723663137832
388	36.2275572333061	36.2275572333061
389	36.222358999978354	36.222358999978354
390	36.238997651059705	36.238997651059705
391	36.23502606432241	36.23502606432241
392	36.2519977340954	36.2519977340954
393	36.25134495518547	36.25134495518547
394	36.2692530178887	36.2692530178887
395	36.277988614115635	36.277988614115635
396	36.30061870893476	36.30061870893476
397	36.30853767618386	36.30853767618386
398	36.32982266141984	36.32982266141984
399	36.337514736397296	36.337514736397296
400	36.355124160174526	36.355124160174526
401	36.3638745706308	36.3638745706308
402	36.377889505664534	36.377889505664534
403	36.388853853461995	36.388853853461995
404	36.40535175592974	36.40535175592974
405	36.420320299506535	36.420320299506535
406	36.43234164614064	36.43234164614064
407	36.45416896264524	36.45416896264524
408	36.467168783108306	36.467168783108306
409	36.48786042797283	36.48786042797283
410	36.498311221210834	36.498311221210834
411	36.520257662557704	36.520257662557704
412	36.523398413446415	36.523398413446415
413	36.539392072560034	36.539392072560034
414	36.5443358457844	36.5443358457844
415	36.560275610538994	36.560275610538994
416	36.55375414812167	36.55375414812167
417	36.5696733732729	36.5696733732729
418	36.56313315660894	36.56313315660894
419	36.579579161426324	36.579579161426324
420	36.57727528491132	36.57727528491132
421	36.60798336880042	36.60798336880042
422	36.61848858941099	36.61848858941099
423	36.6511415640276	36.6511415640276
424	36.6582305169409	36.6582305169409
425	36.69712774689722	36.69712774689722
426	36.70819059753717	36.70819059753717
427	36.74360965827097	36.74360965827097
428	36.753202512904544	36.753202512904544
429	36.788488896411764	36.788488896411764
430	36.79901966202044	36.79901966202044
431	36.840705716727854	36.840705716727854
432	36.86150504432868	36.86150504432868
433	36.91110581292343	36.91110581292343
434	36.942888152031266	36.942888152031266
435	36.99800203166349	36.99800203166349
436	37.032282124808006	37.032282124808006
437	37.08212219643235	37.08212219643235
438	37.115941200411896	37.115941200411896
439	37.176493809219764	37.176493809219764
440	37.2247545125483	37.2247545125483
441	37.28374311864465	37.28374311864465
442	37.33458193175073	37.33458193175073
443	37.396874241563935	37.396874241563935
444	37.45026735512977	37.45026735512977
445	37.513129047835065	37.513129047835065
446	37.57110870440683	37.57110870440683
447	37.63227936429513	37.63227936429513
448	37.693807837734354	37.693807837734354
449	37.755755910287036	37.755755910287036
450	37.824688355979944	37.824688355979944
451	37.892710261840115	37.892710261840115
452	37.96789170823959	37.96789170823959
453	38.03399030304464	38.03399030304464
454	38.102962764465374	38.102962764465374
455	38.15976203238452	38.15976203238452
456	38.23161349975593	38.23161349975593
457	38.28749603430276	38.28749603430276
458	38.363199017240646	38.363199017240646
459	38.416853249147835	38.416853249147835
460	38.4908852502205	38.4908852502205
461	38.54713695419591	38.54713695419591
462	38.62169732367304	38.62169732367304
463	38.67146223506899	38.67146223506899
464	38.74505022974789	38.74505022974789
465	38.79474802807785	38.79474802807785
466	38.87047154796156	38.87047154796156
467	38.922079765431704	38.922079765431704
468	39.004511530661006	39.004511530661006
469	39.06715176303673	39.06715176303673
470	39.15569737084979	39.15569737084979
471	39.22123341306413	39.22123341306413
472	39.31149566731649	39.31149566731649
473	39.37862790886953	39.37862790886953
474	39.4660808301783	39.4660808301783
475	39.538222277533166	39.538222277533166
476	39.636189737527275	39.636189737527275
477	39.71454481027672	39.71454481027672
478	39.80639240314321	39.80639240314321
479	39.882107144098654	39.882107144098654
480	39.97086024218161	39.97086024218161
481	40.046956454945615	40.046956454945615
482	40.140245147833056	40.140245147833056
483	40.22525287569856	40.22525287569856
484	40.322159941419045	40.322159941419045
485	40.408173911763114	40.408173911763114
486	40.501508084967625	40.501508084967625
487	40.58988178830597	40.58988178830597
488	40.683410855842126	40.683410855842126
489	40.78419432666533	40.78419432666533
490	40.88337389148123	40.88337389148123
491	40.97610835614195	40.97610835614195
492	41.05888055621551	41.05888055621551
493	41.14107280960537	41.14107280960537
494	41.21885675944746	41.21885675944746
495	41.30452466065614	41.30452466065614
496	41.37894232614313	41.37894232614313
497	41.460969957500986	41.460969957500986
498	41.52380534885656	41.52380534885656
499	41.59788648876177	41.59788648876177
500	41.65808675498157	41.65808675498157
501	41.72796111157085	41.72796111157085
502	41.77269457655267	41.77269457655267
503	41.83183696354811	41.83183696354811
504	41.8702788761279	41.8702788761279
505	41.92903008834575	41.92903008834575
506	41.9613563731874	41.9613563731874
507	42.0155006352234	42.0155006352234
508	42.05102761266147	42.05102761266147
509	42.10792866755912	42.10792866755912
510	42.142214077476595	42.142214077476595
511	42.205972548954406	42.205972548954406
512	42.246515404128104	42.246515404128104
513	42.316815263552165	42.316815263552165
514	42.35341443282532	42.35341443282532
515	42.408422396190645	42.408422396190645
516	42.444305954774535	42.444305954774535
517	42.50295983624912	42.50295983624912
518	42.54624214724143	42.54624214724143
519	42.60756455301541	42.60756455301541
520	42.65762422193761	42.65762422193761
521	42.72759297027904	42.72759297027904
522	42.78183385246817	42.78183385246817
523	42.85352185167264	42.85352185167264
524	42.90346010437392	42.90346010437392
525	42.970864016556746	42.970864016556746
526	43.02887921443753	43.02887921443753
527	43.09699053416931	43.09699053416931
528	43.162808630514604	43.162808630514604
529	43.23316061266008	43.23316061266008
530	43.29629319373448	43.29629319373448
531	43.36736451020327	43.36736451020327
532	43.4421579539834	43.4421579539834
533	43.523341155636885	43.523341155636885
534	43.59778484282509	43.59778484282509
535	43.66592236320152	43.66592236320152
536	43.734915469224646	43.734915469224646
537	43.79259072193832	43.79259072193832
538	43.853832829866825	43.853832829866825
539	43.898829019506806	43.898829019506806
540	43.95603449656749	43.95603449656749
541	44.00400968329563	44.00400968329563
542	44.064844907436694	44.064844907436694
543	44.11230847700388	44.11230847700388
544	44.178073271532625	44.178073271532625
545	44.225326606369094	44.225326606369094
546	44.29036411499115	44.29036411499115
547	44.34008246203021	44.34008246203021
548	44.41659023365185	44.41659023365185
549	44.46813298507564	44.46813298507564
550	44.544620414603294	44.544620414603294
551	44.59354519865521	44.59354519865521
552	44.67104975531186	44.67104975531186
553	44.7225768216998	44.7225768216998
554	44.7991455312863	44.7991455312863
555	44.85219333477005	44.85219333477005
556	44.924260132016045	44.924260132016045
557	44.97647836868974	44.97647836868974
558	45.04685501602407	45.04685501602407
559	45.09220564022472	45.09220564022472
560	45.166588557873055	45.166588557873055
561	45.222387113130246	45.222387113130246
562	45.29108597895082	45.29108597895082
563	45.34695284844711	45.34695284844711
564	45.42014832051068	45.42014832051068
565	45.481363746941724	45.481363746941724
566	45.55250919705314	45.55250919705314
567	45.60776172088669	45.60776172088669
568	45.6754085836303	45.6754085836303
569	45.73004168382521	45.73004168382521
570	45.78788224323759	45.78788224323759
571	45.839007620335444	45.839007620335444
572	45.89713423303073	45.89713423303073
573	45.9509128770257	45.9509128770257
574	46.01502628765804	46.01502628765804
575	46.07893362663019	46.07893362663019
576	46.14521844011092	46.14521844011092
577	46.21730647727537	46.21730647727537
578	46.28670902651729	46.28670902651729
579	46.359478884913145	46.359478884913145
580	46.4298161566346	46.4298161566346
581	46.50457501487712	46.50457501487712
582	46.573102977040506	46.573102977040506
583	46.657648031931814	46.657648031931814
584	46.725643006941475	46.725643006941475
585	46.81586113686086	46.81586113686086
586	46.894134878326255	46.894134878326255
587	46.98396535134359	46.98396535134359
588	47.049765791372835	47.049765791372835
589	47.13115958413532	47.13115958413532
590	47.191922309310335	47.191922309310335
591	47.273194737037166	47.273194737037166
592	47.33026105856998	47.33026105856998
593	47.41141235573259	47.41141235573259
594	47.47094996616811	47.47094996616811
595	47.55969003544672	47.55969003544672
596	47.6248852041308	47.6248852041308
597	47.71426961536946	47.71426961536946
598	47.779097298629814	47.779097298629814
599	47.869291338149225	47.869291338149225
600	47.937018142409926	47.937018142409926
601	48.02836834819592	48.02836834819592
602	48.09732069158293	48.09732069158293
603	48.18476796731418	48.18476796731418
604	48.24835849554539	48.24835849554539
605	48.329286393680185	48.329286393680185
606	48.38762923390456	48.38762923390456
607	48.4735438559034	48.4735438559034
608	48.54467497836822	48.54467497836822
609	48.629163764915724	48.629163764915724
610	48.70056683411538	48.70056683411538
611	48.782128066387166	48.782128066387166
612	48.8608732718036	48.8608732718036
613	48.95646483844361	48.95646483844361
614	49.03885987957466	49.03885987957466
615	49.121521202462446	49.121521202462446
616	49.191772154865504	49.191772154865504
617	49.262432547621934	49.262432547621934
618	49.32601991155218	49.32601991155218
619	49.384327239161024	49.384327239161024
620	49.44523753586749	49.44523753586749
621	49.51241925261009	49.51241925261009
622	49.58075352169522	49.58075352169522
623	49.64433026294003	49.64433026294003
624	49.71530815472062	49.71530815472062
625	49.779321508271835	49.779321508271835
626	49.85540831810406	49.85540831810406
627	49.9103375218742	49.9103375218742
628	49.97559325285992	49.97559325285992
629	50.022877568140245	50.022877568140245
630	50.08385335562451	50.08385335562451
631	50.12232637428106	50.12232637428106
632	50.182026497245346	50.182026497245346
633	50.22771962876766	50.22771962876766
634	50.296405762734366	50.296405762734366
635	50.33555193826186	50.33555193826186
636	50.408575360678824	50.408575360678824
637	50.45917359109566	50.45917359109566
638	50.53781369008135	50.53781369008135
639	50.59484274506431	50.59484274506431
640	50.67482784589406	50.67482784589406
641	50.720731191233085	50.720731191233085
642	50.79312640450628	50.79312640450628
643	50.84038828870893	50.84038828870893
644	50.912323424155254	50.912323424155254
645	50.95405051364597	50.95405051364597
646	51.014407354069974	51.014407354069974
647	51.050027588596805	51.050027588596805
648	51.10116198657211	51.10116198657211
649	51.128267523298305	51.128267523298305
650	51.17278467846988	51.17278467846988
651	51.201064852768255	51.201064852768255
652	51.24750359928968	51.24750359928968
653	51.27979514631083	51.27979514631083
654	51.31869429790825	51.31869429790825
655	51.34098224558949	51.34098224558949
656	51.36820184974006	51.36820184974006
657	51.39129800929867	51.39129800929867
658	51.427295284899586	51.427295284899586
659	51.453554103575044	51.453554103575044
660	51.480826654185016	51.480826654185016
661	51.50965017211227	51.50965017211227
662	51.53636434515634	51.53636434515634
663	51.56169435535875	51.56169435535875
664	51.576239009445004	51.576239009445004
665	51.597155637487376	51.597155637487376
666	51.61292094456913	51.61292094456913
667	51.64105433519427	51.64105433519427
668	51.65916482192318	51.65916482192318
669	51.69548301288833	51.69548301288833
670	51.715428425507824	51.715428425507824
671	51.74591861388659	51.74591861388659
672	51.76740174528104	51.76740174528104
673	51.80763641286095	51.80763641286095
674	51.834785049365095	51.834785049365095
675	51.8915314853176	51.8915314853176
676	51.92998068463346	51.92998068463346
677	51.98453266226559	51.98453266226559
678	52.01665659869717	52.01665659869717
679	52.06553162584497	52.06553162584497
680	52.08621232796939	52.08621232796939
681	52.138148760630884	52.138148760630884
682	52.17121127842313	52.17121127842313
683	52.23393304042193	52.23393304042193
684	52.271173848429655	52.271173848429655
685	52.323392028687344	52.323392028687344
686	52.35789724141608	52.35789724141608
687	52.41351337834172	52.41351337834172
688	52.446766695960875	52.446766695960875
689	52.50167758111478	52.50167758111478
690	52.537756913579436	52.537756913579436
691	52.584372550140216	52.584372550140216
692	52.607399224330294	52.607399224330294
693	52.65287600646146	52.65287600646146
694	52.690288688659805	52.690288688659805
695	52.742840805075424	52.742840805075424
696	52.78319752688661	52.78319752688661
697	52.83379036775336	52.83379036775336
698	52.86880173434689	52.86880173434689
699	52.904521274536584	52.904521274536584
700	52.940236671869705	52.940236671869705
701	52.98242057675654	52.98242057675654
702	53.027290633663036	53.027290633663036
703	53.07339720639415	53.07339720639415
704	53.12620835363966	53.12620835363966
705	53.177968409696504	53.177968409696504
706	53.23580368460044	53.23580368460044
707	53.29722190527782	53.29722190527782
708	53.36925092529526	53.36925092529526
709	53.42820662317021	53.42820662317021
710	53.502208787067374	53.502208787067374
711	53.554005178773295	53.554005178773295
712	53.62527922688251	53.62527922688251
713	53.679312787053455	53.679312787053455
714	53.75037000994472	53.75037000994472
715	53.80653827232685	53.80653827232685
716	53.88366238519868	53.88366238519868
717	53.93534231991134	53.93534231991134
718	54.01005531715938	54.01005531715938
719	54.062029195185545	54.062029195185545
720	54.1404375934207	54.1404375934207
721	54.19881146990578	54.19881146990578
722	54.27279924957891	54.27279924957891
723	54.321733556403785	54.321733556403785
724	54.394057271296234	54.394057271296234
725	54.44437384702741	54.44437384702741
726	54.51813815252413	54.51813815252413
727	54.56582824180205	54.56582824180205
728	54.642982702413235	54.642982702413235
729	54.69481668971987	54.69481668971987
730	54.76853424596062	54.76853424596062
731	54.808600367694865	54.808600367694865
732	54.86583739828009	54.86583739828009
733	54.89935815785519	54.89935815785519
734	54.949683460425504	54.949683460425504
735	54.983521256128896	54.983521256128896
736	55.03866875828999	55.03866875828999
737	55.07444926951107	55.07444926951107
738	55.125849426473806	55.125849426473806
739	55.15886576465658	55.15886576465658
740	55.20320254050956	55.20320254050956
741	55.239183618211925	55.239183618211925
742	55.27460447378422	55.27460447378422
743	55.30077783708227	55.30077783708227
744	55.34117857565924	55.34117857565924
745	55.37296877675726	55.37296877675726
746	55.41135438118232	55.41135438118232
747	55.444304462173676	55.444304462173676
748	55.46652783819715	55.46652783819715
749	55.50146510391417	55.50146510391417
750	55.5351283990458	55.5351283990458
751	55.582694796587056	55.582694796587056
752	55.61604696474605	55.61604696474605
753	55.65676377225985	55.65676377225985
754	55.68040300714938	55.68040300714938
755	55.716758147382436	55.716758147382436
756	55.73208154057687	55.73208154057687
757	55.773894516867855	55.773894516867855
758	55.79920836769495	55.79920836769495
759	55.84847502914337	55.84847502914337
760	55.86848834278314	55.86848834278314
761	55.90918277316301	55.90918277316301
762	55.9314094098206	55.9314094098206
763	55.979840535521944	55.979840535521944
764	56.002477241995344	56.002477241995344
765	56.054226153068726	56.054226153068726
766	56.080085907465616	56.080085907465616
767	56.127734977658164	56.127734977658164
768	56.149594143712655	56.149594143712655
769	56.19765649283604	56.19765649283604
770	56.22540779651145	56.22540779651145
771	56.27850558326685	56.27850558326685
772	56.31347369960565	56.31347369960565
773	56.36166905416766	56.36166905416766
774	56.38690443620854	56.38690443620854
775	56.430086596697244	56.430086596697244
776	56.45116691387382	56.45116691387382
777	56.49402256577362	56.49402256577362
778	56.52551484217042	56.52551484217042
779	56.568414011292106	56.568414011292106
780	56.590020236295445	56.590020236295445
781	56.6151321447036	56.6151321447036
782	56.63178181840547	56.63178181840547
783	56.65453271744855	56.65453271744855
784	56.66291506385909	56.66291506385909
785	56.67557851105822	56.67557851105822
786	56.685620189655154	56.685620189655154
787	56.696804668091914	56.696804668091914
788	56.713218583034546	56.713218583034546
789	56.73108366328175	56.73108366328175
790	56.74204953564172	56.74204953564172
791	56.746335747575785	56.746335747575785
792	56.75471787679322	56.75471787679322
793	56.75855519436042	56.75855519436042
794	56.7782046513061	56.7782046513061
795	56.776836903352304	56.776836903352304
796	56.78910858931303	56.78910858931303
797	56.77886658773675	56.77886658773675
798	56.7904525474007	56.7904525474007
799	56.78818171195574	56.78818171195574
800	56.812984730580126	56.812984730580126
801	56.82028800761531	56.82028800761531
802	56.84774703552519	56.84774703552519
803	56.85231384454718	56.85231384454718
804	56.886077338131884	56.886077338131884
805	56.89643283891387	56.89643283891387
806	56.935177302870684	56.935177302870684
807	56.951167621420424	56.951167621420424
808	56.98988922431164	56.98988922431164
809	56.999389287302385	56.999389287302385
810	57.027466784187084	57.027466784187084
811	57.030654254922574	57.030654254922574
812	57.05715096130719	57.05715096130719
813	57.06775775741882	57.06775775741882
814	57.10751625292713	57.10751625292713
815	57.1287287432106	57.1287287432106
816	57.17459063559947	57.17459063559947
817	57.202990241597135	57.202990241597135
818	57.25294175295642	57.25294175295642
819	57.29911691522014	57.29911691522014
820	57.36141030337835	57.36141030337835
821	57.40714853561169	57.40714853561169
822	57.46949875488086	57.46949875488086
823	57.51217936340112	57.51217936340112
824	57.56275156130445	57.56275156130445
825	57.595678250228374	57.595678250228374
826	57.63989382300136	57.63989382300136
827	57.682819136629526	57.682819136629526
828	57.7289725303207	57.7289725303207
829	57.773260609760534	57.773260609760534
830	57.81275698203986	57.81275698203986
831	57.848809206683825	57.848809206683825
832	57.8802118284332	57.8802118284332
833	57.91110022592014	57.91110022592014
834	57.93736758021315	57.93736758021315
835	57.97445946670601	57.97445946670601
836	58.00277343268152	58.00277343268152
837	58.04398675649078	58.04398675649078
838	58.06792908506162	58.06792908506162
839	58.10120446741737	58.10120446741737
840	58.12591927035669	58.12591927035669
841	58.169413843563575	58.169413843563575
842	58.19876471249562	58.19876471249562
843	58.24141377947276	58.24141377947276
844	58.26106178827242	58.26106178827242
845	58.30341759883048	58.30341759883048
846	58.315126264453454	58.315126264453454
847	58.35010538383207	58.35010538383207
848	58.3556960908665	58.3556960908665
849	58.3823976047597	58.3823976047597
850	58.38808258202178	58.38808258202178
851	58.41731359210168	58.41731359210168
852	58.41765972786503	58.41765972786503
853	58.43616103525886	58.43616103525886
854	58.42896977361874	58.42896977361874
855	58.44847490656167	58.44847490656167
856	58.45004973324481	58.45004973324481
857	58.47309449236934	58.47309449236934
858	58.4813975734144	58.4813975734144
859	58.51000716374642	58.51000716374642
860	58.514944087763524	58.514944087763524
861	58.53076748013533	58.53076748013533
862	58.53878869979586	58.53878869979586
863	58.56388132752018	58.56388132752018
864	58.57329308661456	58.57329308661456
865	58.60426189336834	58.60426189336834
866	58.62242277409032	58.62242277409032
867	58.64968787940849	58.64968787940849
868	58.66413388392536	58.66413388392536
869	58.690303487817694	58.690303487817694
870	58.71012826132372	58.71012826132372
871	58.729256611131774	58.729256611131774
872	58.74279138963922	58.74279138963922
873	58.758401645808554	58.758401645808554
874	58.770537950311976	58.770537950311976
875	58.78995510364672	58.78995510364672
876	58.81685662491637	58.81685662491637
877	58.836526401653835	58.836526401653835
878	58.85975850768952	58.85975850768952
879	58.86970190033099	58.86970190033099
880	58.890500466949405	58.890500466949405
881	58.89078472998296	58.89078472998296
882	58.900361031119886	58.900361031119886
883	58.88684609062725	58.88684609062725
884	58.87859518957566	58.87859518957566
885	58.86167674485954	58.86167674485954
886	58.86469726926266	58.86469726926266
887	58.85548755884415	58.85548755884415
888	58.86738317621125	58.86738317621125
889	58.85181815986272	58.85181815986272
890	58.86027790458408	58.86027790458408
891	58.85201599259895	58.85201599259895
892	58.86629558316928	58.86629558316928
893	58.85554397519326	58.85554397519326
894	58.87765296429049	58.87765296429049
895	58.87816251814978	58.87816251814978
896	58.90243392349409	58.90243392349409
897	58.900176083333534	58.900176083333534
898	58.91278151252808	58.91278151252808
899	58.904721995714844	58.904721995714844
900	58.918734254144724	58.918734254144724
901	58.90989274283271	58.90989274283271
902	58.91787945633654	58.91787945633654
903	58.89221291855269	58.89221291855269
904	58.887793977843174	58.887793977843174
905	58.87067907501033	58.87067907501033
906	58.86969835106983	58.86969835106983
907	58.85880440181828	58.85880440181828
908	58.85519906424459	58.85519906424459
909	58.84780095649444	58.84780095649444
910	58.85681525342886	58.85681525342886
911	58.86335541957908	58.86335541957908
912	58.88090254558685	58.88090254558685
913	58.8989202132955	58.8989202132955
914	58.90688778751667	58.90688778751667
915	58.908522721404836	58.908522721404836
916	58.90213955592547	58.90213955592547
917	58.89274499877511	58.89274499877511
918	58.87953999728213	58.87953999728213
919	58.87625628806539	58.87625628806539
920	58.87321414031448	58.87321414031448
921	58.87470738036642	58.87470738036642
922	58.869581262373174	58.869581262373174
923	58.87123884234589	58.87123884234589
924	58.86534037225603	58.86534037225603
925	58.87132144693891	58.87132144693891
926	58.86610072905462	58.86610072905462
927	58.87750060923558	58.87750060923558
928	58.88241563837832	58.88241563837832
929	58.911414762640476	58.911414762640476
930	58.925232780945464	58.925232780945464
931	58.95523036099432	58.95523036099432
932	58.961984655439124	58.961984655439124
933	58.98463113864548	58.98463113864548
934	58.992044740196604	58.992044740196604
935	59.024929862295366	59.024929862295366
936	59.03855843545094	59.03855843545094
937	59.07443185219503	59.07443185219503
938	59.10146868078672	59.10146868078672
939	59.144871043113554	59.144871043113554
940	59.16771729101212	59.16771729101212
941	59.212363670154346	59.212363670154346
942	59.23443163756542	59.23443163756542
943	59.275654293519224	59.275654293519224
944	59.291408704529346	59.291408704529346
945	59.31328876083947	59.31328876083947
946	59.3291615789941	59.3291615789941
947	59.357534692076314	59.357534692076314
948	59.3676624950069	59.3676624950069
949	59.40031477434326	59.40031477434326
950	59.42110351535784	59.42110351535784
951	59.453041258454974	59.453041258454974
952	59.47245517279301	59.47245517279301
953	59.49769977126658	59.49769977126658
954	59.51382234389527	59.51382234389527
955	59.545932491616256	59.545932491616256
956	59.57826320100082	59.57826320100082
957	59.62442355604621	59.62442355604621
958	59.65483201901879	59.65483201901879
959	59.6798570404801	59.6798570404801
960	59.70820292414939	59.70820292414939
961	59.72546140174862	59.72546140174862
962	59.75003208360637	59.75003208360637
963	59.787670205449665	59.787670205449665
964	59.8299309355114	59.8299309355114
965	59.86589112773345	59.86589112773345
966	59.91203419069052	59.91203419069052
967	59.94925447260262	59.94925447260262
968	60.00715033326387	60.00715033326387
969	60.05843465169928	60.05843465169928
970	60.12878990617361	60.12878990617361
971	60.1880432723739	60.1880432723739
972	60.26153191335578	60.26153191335578
973	60.308578776972475	60.308578776972475
974	60.369760707063854	60.369760707063854
975	60.39874322452913	60.39874322452913
976	60.449428433954694	60.449428433954694
977	60.48664635205495	60.48664635205495
978	60.53291310195491	60.53291310195491
979	60.555552508893584	60.555552508893584
980	60.60142452675783	60.60142452675783
981	60.633176394150766	60.633176394150766
982	60.69034695275064	60.69034695275064
983	60.732406003241984	60.732406003241984
984	60.78965874349005	60.78965874349005
985	60.82866477980303	60.82866477980303
986	60.87281816251847	60.87281816251847
987	60.91142822434585	60.91142822434585
988	60.981772744178535	60.981772744178535
989	61.03098777101267	61.03098777101267
990	61.10146625364577	61.10146625364577
991	61.15231221434533	61.15231221434533
992	61.22349901571343	61.22349901571343
993	61.28489296830704	61.28489296830704
994	61.36853917054512	61.36853917054512
995	61.44593428730127	61.44593428730127
996	61.53538998407786	61.53538998407786
997	61.61656482321421	61.61656482321421
998	61.68972443581181	61.68972443581181
999	61.756332527425556	61.756332527425556
1000	61.81902134006849	61.81902134006849
1001	61.88103464085039	61.88103464085039
1002	61.953995692838575	61.953995692838575
1003	62.04044105917394	62.04044105917394
1004	62.14089399423173	62.14089399423173
1005	62.236500507182605	62.236500507182605
1006	62.32754704254823	62.32754704254823
1007	62.43282733041619	62.43282733041619
1008	62.53021833716848	62.53021833716848
1009	62.639098577895766	62.639098577895766
1010	62.73178840464606	62.73178840464606
1011	62.845146324977996	62.845146324977996
1012	62.949841574876245	62.949841574876245
1013	63.069737721026044	63.069737721026044
1014	63.170682841748295	63.170682841748295
1015	63.29042021393336	63.29042021393336
1016	63.392536760262225	63.392536760262225
1017	63.5185515278597	63.5185515278597
1018	63.628566713748214	63.628566713748214
1019	63.75187565994008	63.75187565994008
1020	63.84964496213831	63.84964496213831
1021	63.97634399815495	63.97634399815495
1022	64.0751576985547	64.0751576985547
1023	64.20067522341407	64.20067522341407
1024	64.31380440048146	64.31380440048146
1025	64.44104216155783	64.44104216155783
1026	64.5465154823069	64.5465154823069
1027	64.66446482869695	64.66446482869695
1028	64.76335220143082	64.76335220143082
1029	64.8788527630046	64.8788527630046
1030	64.97669140145729	64.97669140145729
1031	65.0953701422431	65.0953701422431
1032	65.19696336903851	65.19696336903851
1033	65.31656141335444	65.31656141335444
1034	65.41172530775538	65.41172530775538
1035	65.52859550444064	65.52859550444064
1036	65.61268578401172	65.61268578401172
1037	65.70767176803713	65.70767176803713
1038	65.78636981973584	65.78636981973584
1039	65.86525081963724	65.86525081963724
1040	65.93842490895835	65.93842490895835
1041	66.0161309881465	66.0161309881465
1042	66.08926177232604	66.08926177232604
1043	66.15947058614802	66.15947058614802
1044	66.22517361843423	66.22517361843423
1045	66.29506481639461	66.29506481639461
1046	66.36907833714704	66.36907833714704
1047	66.43775592151108	66.43775592151108
1048	66.51045449126988	66.51045449126988
1049	66.57632938246297	66.57632938246297
1050	66.6656991411247	66.6656991411247
1051	66.74241806998413	66.74241806998413
1052	66.83586792138347	66.83586792138347
1053	66.9211112970332	66.9211112970332
1054	67.01016272127582	67.01016272127582
1055	67.09136701453285	67.09136701453285
1056	67.19227157415477	67.19227157415477
1057	67.26587065722421	67.26587065722421
1058	67.35341850009416	67.35341850009416
1059	67.4303010665426	67.4303010665426
1060	67.53832190338954	67.53832190338954
1061	67.62131544732898	67.62131544732898
1062	67.72359102922098	67.72359102922098
1063	67.80916815016872	67.80916815016872
1064	67.91248872833417	67.91248872833417
1065	67.98611906580578	67.98611906580578
1066	68.0872440428343	68.0872440428343
1067	68.16671284567808	68.16671284567808
1068	68.25010301066948	68.25010301066948
1069	68.31812682225726	68.31812682225726
1070	68.40790634038856	68.40790634038856
1071	68.47967115439883	68.47967115439883
1072	68.57820512794277	68.57820512794277
1073	68.6491950077388	68.6491950077388
1074	68.73288837588578	68.73288837588578
1075	68.79517308254377	68.79517308254377
1076	68.86624410336044	68.86624410336044
1077	68.9238452661134	68.9238452661134
1078	68.9945462035443	68.9945462035443
1079	69.05111772077996	69.05111772077996
1080	69.11633391641516	69.11633391641516
1081	69.1802273383546	69.1802273383546
1082	69.24086327080167	69.24086327080167
1083	69.28783005518162	69.28783005518162
1084	69.33640497867432	69.33640497867432
1085	69.369598026751	69.369598026751
1086	69.39026490489073	69.39026490489073
1087	69.40353218409248	69.40353218409248
1088	69.41238142850888	69.41238142850888
1089	69.42189960066986	69.42189960066986
1090	69.42628677780559	69.42628677780559
1091	69.43393959120536	69.43393959120536
1092	69.43519151238335	69.43519151238335
1093	69.44375437299107	69.44375437299107
1094	69.43361495813534	69.43361495813534
1095	69.43958259603049	69.43958259603049
1096	69.42803126378169	69.42803126378169
1097	69.42190804947305	69.42190804947305
1098	69.38556155017189	69.38556155017189
1099	69.370803517209	69.370803517209
1100	69.33293103832008	69.33293103832008
1101	69.3157807305277	69.3157807305277
1102	69.27631116738783	69.27631116738783
1103	69.25117138793465	69.25117138793465
1104	69.19937931674104	69.19937931674104
1105	69.16939455610282	69.16939455610282
1106	69.11231043477397	69.11231043477397
1107	69.07797539300617	69.07797539300617
1108	69.02471489700105	69.02471489700105
1109	68.9862300527762	68.9862300527762
1110	68.92887636615325	68.92887636615325
1111	68.8837531915027	68.8837531915027
1112	68.81616002358861	68.81616002358861
1113	68.76587888359819	68.76587888359819
1114	68.69638372055674	68.69638372055674
1115	68.6328787162835	68.6328787162835
1116	68.5559209952867	68.5559209952867
1117	68.48946875142025	68.48946875142025
1118	68.39769650336596	68.39769650336596
1119	68.32344778716471	68.32344778716471
1120	68.2355511537257	68.2355511537257
1121	68.14481810995831	68.14481810995831
1122	68.04599177474961	68.04599177474961
1123	67.9291648167861	67.9291648167861
1124	67.80518970996388	67.80518970996388
1125	67.67361384360137	67.67361384360137
1126	67.54622451406928	67.54622451406928
1127	67.42311869514566	67.42311869514566
1128	67.29636270228679	67.29636270228679
1129	67.16985034261529	67.16985034261529
1130	67.05472143127943	67.05472143127943
1131	66.93386167111316	66.93386167111316
1132	66.83091992262399	66.83091992262399
1133	66.70760177531521	66.70760177531521
1134	66.60386785379255	66.60386785379255
1135	66.48329335190203	66.48329335190203
1136	66.36951511086133	66.36951511086133
1137	66.23352087992384	66.23352087992384
1138	66.11827625280901	66.11827625280901
1139	65.9733663590137	65.9733663590137
1140	65.84491354993264	65.84491354993264
1141	65.71066762950025	65.71066762950025
1142	65.58607453951507	65.58607453951507
1143	65.44169093836442	65.44169093836442
1144	65.32878327628133	65.32878327628133
1145	65.19896915642381	65.19896915642381
1146	65.08667938277185	65.08667938277185
1147	64.94721352857556	64.94721352857556
1148	64.84103132298372	64.84103132298372
1149	64.71907031300731	64.71907031300731
1150	64.62233099555121	64.62233099555121
1151	64.50550618863609	64.50550618863609
1152	64.41648901150455	64.41648901150455
1153	64.3065246462098	64.3065246462098
1154	64.21560056397917	64.21560056397917
1155	64.08687663016804	64.08687663016804
1156	63.96992044947088	63.96992044947088
1157	63.84276393535791	63.84276393535791
1158	63.72473008066457	63.72473008066457
1159	63.58182204018705	63.58182204018705
1160	63.45853899655523	63.45853899655523
1161	63.31500619063425	63.31500619063425
1162	63.17867035714566	63.17867035714566
1163	63.027461338341695	63.027461338341695
1164	62.870541483055604	62.870541483055604
1165	62.69920104447948	62.69920104447948
1166	62.532693382956765	62.532693382956765
1167	62.37185890984219	62.37185890984219
1168	62.21381259458691	62.21381259458691
1169	62.064520605746324	62.064520605746324
1170	61.90429206424687	61.90429206424687
1171	61.74096474997141	61.74096474997141
1172	61.55945193952123	61.55945193952123
1173	61.37289163858473	61.37289163858473
1174	61.17760974509606	61.17760974509606
1175	60.99670219587606	60.99670219587606
1176	60.810002208824336	60.810002208824336
1177	60.62636123394951	60.62636123394951
1178	60.422199268602355	60.422199268602355
1179	60.2310361315281	60.2310361315281
1180	60.0171558306494	60.0171558306494
1181	59.826554197295536	59.826554197295536
1182	59.638817485347374	59.638817485347374
1183	59.47751591124933	59.47751591124933
1184	59.29874408903669	59.29874408903669
1185	59.141076057596656	59.141076057596656
1186	58.96160256448093	58.96160256448093
1187	58.812428560286335	58.812428560286335
1188	58.65556601014703	58.65556601014703
1189	58.50612710665928	58.50612710665928
1190	58.33044281732383	58.33044281732383
1191	58.18063432070371	58.18063432070371
1192	58.010842483524	58.010842483524
1193	57.859941767919835	57.859941767919835
1194	57.67946044567134	57.67946044567134
1195	57.526037699422844	57.526037699422844
1196	57.35032709034638	57.35032709034638
1197	57.20103237120453	57.20103237120453
1198	57.0358927455028	57.0358927455028
1199	56.881474388218976	56.881474388218976
1200	56.711007049223696	56.711007049223696
1201	56.55734918763069	56.55734918763069
1202	56.3966162211031	56.3966162211031
1203	56.23363525490481	56.23363525490481
1204	56.058060478485025	56.058060478485025
1205	55.88252750059041	55.88252750059041
1206	55.695746152693005	55.695746152693005
1207	55.50441382866613	55.50441382866613
1208	55.3092500057027	55.3092500057027
1209	55.10614496149996	55.10614496149996
1210	54.90990082382257	54.90990082382257
1211	54.707434592931286	54.707434592931286
1212	54.492167625243695	54.492167625243695
1213	54.29176866838503	54.29176866838503
1214	54.103351562469854	54.103351562469854
1215	53.899511402401444	53.899511402401444
1216	53.6948867492401	53.6948867492401
1217	53.4816501648723	53.4816501648723
1218	53.28160575535954	53.28160575535954
1219	53.06552004124635	53.06552004124635
1220	52.8614115371621	52.8614115371621
1221	52.6562390327819	52.6562390327819
1222	52.4655378029641	52.4655378029641
1223	52.24903098157252	52.24903098157252
1224	52.06337990253412	52.06337990253412
1225	51.86546045327651	51.86546045327651
1226	51.66981588562733	51.66981588562733
1227	51.44528336177419	51.44528336177419
1228	51.23098192474208	51.23098192474208
1229	50.99639002410962	50.99639002410962
1230	50.79615108580522	50.79615108580522
1231	50.572350941331536	50.572350941331536
1232	50.38890121089925	50.38890121089925
1233	50.17198631956494	50.17198631956494
1234	49.985775650316796	49.985775650316796
1235	49.78447742293511	49.78447742293511
1236	49.60386751778478	49.60386751778478
1237	49.39853717289711	49.39853717289711
1238	49.216684671224414	49.216684671224414
1239	49.011349650661636	49.011349650661636
1240	48.81264280112185	48.81264280112185
1241	48.582574543071544	48.582574543071544
1242	48.3603784655066	48.3603784655066
1243	48.139672637257505	48.139672637257505
1244	47.95024880510108	47.95024880510108
1245	47.753349710701144	47.753349710701144
1246	47.58813884827818	47.58813884827818
1247	47.403742040788046	47.403742040788046
1248	47.22732964505198	47.22732964505198
1249	47.04967819696761	47.04967819696761
1250	46.8875873812542	46.8875873812542
1251	46.728404152049166	46.728404152049166
1252	46.57054460557644	46.57054460557644
1253	46.40854509154868	46.40854509154868
1254	46.24172410114774	46.24172410114774
1255	46.070491456713086	46.070491456713086
1256	45.891373298424874	45.891373298424874
1257	45.719948034839454	45.719948034839454
1258	45.53915644467427	45.53915644467427
1259	45.36900935664721	45.36900935664721
1260	45.19344842676941	45.19344842676941
1261	45.02975772016238	45.02975772016238
1262	44.84252181903914	44.84252181903914
1263	44.66206550189984	44.66206550189984
1264	44.46920409968065	44.46920409968065
1265	44.29301213613727	44.29301213613727
1266	44.10316281291311	44.10316281291311
1267	43.91773409135686	43.91773409135686
1268	43.729900757454836	43.729900757454836
1269	43.55541800861944	43.55541800861944
1270	43.370810824460655	43.370810824460655
1271	43.21792864847362	43.21792864847362
1272	43.04044237624835	43.04044237624835
1273	42.877740610388685	42.877740610388685
1274	42.70239263192717	42.70239263192717
1275	42.557237084424024	42.557237084424024
1276	42.39970614747037	42.39970614747037
1277	42.25577722174795	42.25577722174795
1278	42.09189787355312	42.09189787355312
1279	41.949803895519594	41.949803895519594
1280	41.763309135098744	41.763309135098744
1281	41.61135657029543	41.61135657029543
1282	41.4465851670016	41.4465851670016
1283	41.3006377340141	41.3006377340141
1284	41.14365713374159	41.14365713374159
1285	41.01269278822771	41.01269278822771
1286	40.8834974844514	40.8834974844514
1287	40.768650401034634	40.768650401034634
1288	40.63727037839547	40.63727037839547
1289	40.51115806824492	40.51115806824492
1290	40.37148689111464	40.37148689111464
1291	40.235959618169254	40.235959618169254
1292	40.099009201417665	40.099009201417665
1293	39.96464863056508	39.96464863056508
1294	39.8362791873567	39.8362791873567
1295	39.709755755444945	39.709755755444945
1296	39.58061448022889	39.58061448022889
1297	39.45024699034569	39.45024699034569
1298	39.31295820274561	39.31295820274561
1299	39.1595837124174	39.1595837124174
1300	39.01845342836816	39.01845342836816
1301	38.85729740730241	38.85729740730241
1302	38.70671868826997	38.70671868826997
1303	38.5476896827346	38.5476896827346
1304	38.393382253512165	38.393382253512165
1305	38.226129813320505	38.226129813320505
1306	38.06428367926076	38.06428367926076
1307	37.896332109328505	37.896332109328505
1308	37.73959912017217	37.73959912017217
1309	37.565172243191114	37.565172243191114
1310	37.40392776223224	37.40392776223224
1311	37.2328057677155	37.2328057677155
1312	37.06982113521762	37.06982113521762
1313	36.89353241101561	36.89353241101561
1314	36.74386507522003	36.74386507522003
1315	36.57666708690722	36.57666708690722
1316	36.42953769163374	36.42953769163374
1317	36.25444731683209	36.25444731683209
1318	36.09088166744378	36.09088166744378
1319	35.90803650435222	35.90803650435222
1320	35.746580058893265	35.746580058893265
1321	35.55787969762488	35.55787969762488
1322	35.391319028852465	35.391319028852465
1323	35.20806029254089	35.20806029254089
1324	35.04546400485439	35.04546400485439
1325	34.87722015563205	34.87722015563205
1326	34.7274730926131	34.7274730926131
1327	34.55500497538091	34.55500497538091
1328	34.400443502734625	34.400443502734625
1329	34.23583808207769	34.23583808207769
1330	34.094180892231684	34.094180892231684
1331	33.943719131895854	33.943719131895854
1332	33.81682530702632	33.81682530702632
1333	33.6820685098802	33.6820685098802
1334	33.56165584340509	33.56165584340509
1335	33.43219857471792	33.43219857471792
1336	33.31357746219266	33.31357746219266
1337	33.187649126068436	33.187649126068436
1338	33.07252636416144	33.07252636416144
1339	32.95346313567224	32.95346313567224
1340	32.84792445995502	32.84792445995502
1341	32.74406101177272	32.74406101177272
1342	32.63187896019949	32.63187896019949
1343	32.53534746588887	32.53534746588887
1344	32.4439251754591	32.4439251754591
1345	32.3685358744961	32.3685358744961
1346	32.29553241568962	32.29553241568962
1347	32.24527277374881	32.24527277374881
1348	32.18442056364671	32.18442056364671
1349	32.12772945302684	32.12772945302684
1350	32.05239693519446	32.05239693519446
1351	31.999816822721975	31.999816822721975
1352	31.931236824763275	31.931236824763275
1353	31.876170952571194	31.876170952571194
1354	31.815595948464555	31.815595948464555
1355	31.763868858294806	31.763868858294806
1356	31.694850638921512	31.694850638921512
1357	31.64344592835778	31.64344592835778
1358	31.58121870568307	31.58121870568307
1359	31.547217328634325	31.547217328634325
1360	31.50593189448996	31.50593189448996
1361	31.485552559483644	31.485552559483644
1362	31.45048922884464	31.45048922884464
1363	31.430326155607247	31.430326155607247
1364	31.380975536081863	31.380975536081863
1365	31.34576839420976	31.34576839420976
1366	31.29698850023272	31.29698850023272
1367	31.26971219558127	31.26971219558127
1368	31.241867006808178	31.241867006808178
1369	31.24498446682263	31.24498446682263
1370	31.239969635974187	31.239969635974187
1371	31.270550983682462	31.270550983682462
1372	31.269064174037126	31.269064174037126
1373	31.287516371283708	31.287516371283708
1374	31.287215817288313	31.287215817288313
1375	31.30664633015998	31.30664633015998
1376	31.31531722031915	31.31531722031915
1377	31.33131658094468	31.33131658094468
1378	31.344414638551214	31.344414638551214
1379	31.359197401841847	31.359197401841847
1380	31.37350457206894	31.37350457206894
1381	31.38804134229754	31.38804134229754
1382	31.398143752332576	31.398143752332576
1383	31.403064248193594	31.403064248193594
1384	31.418210515095538	31.418210515095538
1385	31.432484472606532	31.432484472606532
1386	31.443854595607398	31.443854595607398
1387	31.456347339853036	31.456347339853036
1388	31.479502276591994	31.479502276591994
1389	31.495388832505434	31.495388832505434
1390	31.51180187553964	31.51180187553964
1391	31.50131428759043	31.50131428759043
1392	31.508100738332097	31.508100738332097
1393	31.511524828549152	31.511524828549152
1394	31.53290260864249	31.53290260864249
1395	31.542153715769572	31.542153715769572
1396	31.564531999399676	31.564531999399676
1397	31.5800556409891	31.5800556409891
1398	31.626937733010635	31.626937733010635
1399	31.65502239331225	31.65502239331225
1400	31.708898716823896	31.708898716823896
1401	31.761036180479962	31.761036180479962
1402	31.82243955845361	31.82243955845361
1403	31.867296778546052	31.867296778546052
1404	31.927685410394858	31.927685410394858
1405	31.973424421067577	31.973424421067577
1406	32.05862344817602	32.05862344817602
1407	32.14047044178312	32.14047044178312
1408	32.2422538108547	32.2422538108547
1409	32.31576544897046	32.31576544897046
1410	32.402285707121635	32.402285707121635
1411	32.477567660313646	32.477567660313646
1412	32.58136271484793	32.58136271484793
1413	32.66521709308202	32.66521709308202
1414	32.7642256780033	32.7642256780033
1415	32.85497445545715	32.85497445545715
1416	32.97118047452778	32.97118047452778
1417	33.07840622662241	33.07840622662241
1418	33.19204170184163	33.19204170184163
1419	33.29412769188088	33.29412769188088
1420	33.407069460252174	33.407069460252174
1421	33.50750817520265	33.50750817520265
1422	33.610211982166454	33.610211982166454
1423	33.709649775416686	33.709649775416686
1424	33.81601253030047	33.81601253030047
1425	33.92109334013634	33.92109334013634
1426	34.03353308384175	34.03353308384175
1427	34.15315438271916	34.15315438271916
1428	34.258796018430225	34.258796018430225
1429	34.36553707298427	34.36553707298427
1430	34.4548497327478	34.4548497327478
1431	34.54990310964787	34.54990310964787
1432	34.63204089270157	34.63204089270157
1433	34.71795055921532	34.71795055921532
1434	34.80259371473092	34.80259371473092
1435	34.89420715058939	34.89420715058939
1436	34.980365754695384	34.980365754695384
1437	35.080980048569174	35.080980048569174
1438	35.16843027272835	35.16843027272835
1439	35.287504779742584	35.287504779742584
1440	35.37760631238407	35.37760631238407
1441	35.49106737302601	35.49106737302601
1442	35.56591225264136	35.56591225264136
1443	35.67213973658387	35.67213973658387
1444	35.75581362945461	35.75581362945461
1445	35.86531522229354	35.86531522229354
1446	35.94773618548392	35.94773618548392
1447	36.04287714689189	36.04287714689189
1448	36.11052726771642	36.11052726771642
1449	36.1928465806821	36.1928465806821
1450	36.26065897365932	36.26065897365932
1451	36.34787368614221	36.34787368614221
1452	36.414441822579576	36.414441822579576
1453	36.50872769513381	36.50872769513381
1454	36.587982080951726	36.587982080951726
1455	36.681023541794815	36.681023541794815
1456	36.76373588682306	36.76373588682306
1457	36.86072290407509	36.86072290407509
1458	36.93857202599503	36.93857202599503
1459	37.02436013268944	37.02436013268944
1460	37.09072814259771	37.09072814259771
1461	37.155868064434415	37.155868064434415
1462	37.20625784000164	37.20625784000164
1463	37.26831235808839	37.26831235808839
1464	37.327539224276954	37.327539224276954
1465	37.38771564758799	37.38771564758799
1466	37.44252131699857	37.44252131699857
1467	37.504894379538975	37.504894379538975
1468	37.57009077040256	37.57009077040256
1469	37.647929739077824	37.647929739077824
1470	37.72909193796199	37.72909193796199
1471	37.81785484632194	37.81785484632194
1472	37.903725390798975	37.903725390798975
1473	37.98948940268944	37.98948940268944
1474	38.083951974319284	38.083951974319284
1475	38.167734641144854	38.167734641144854
1476	38.25665738777406	38.25665738777406
1477	38.33184962499881	38.33184962499881
1478	38.4148040565829	38.4148040565829
1479	38.479981359926185	38.479981359926185
1480	38.5617922923575	38.5617922923575
1481	38.63573025341702	38.63573025341702
1482	38.71802950196235	38.71802950196235
1483	38.784004432093134	38.784004432093134
1484	38.87400273901803	38.87400273901803
1485	38.9525619763317	38.9525619763317
1486	39.053186893890654	39.053186893890654
1487	39.13790334526017	39.13790334526017
1488	39.23992187480086	39.23992187480086
1489	39.32627540230602	39.32627540230602
1490	39.432523353809714	39.432523353809714
1491	39.517591141563486	39.517591141563486
1492	39.62470748625232	39.62470748625232
1493	39.70972713538683	39.70972713538683
1494	39.825433872207086	39.825433872207086
1495	39.91826367271788	39.91826367271788
1496	40.029593512162265	40.029593512162265
1497	40.13515371549501	40.13515371549501
1498	40.264232782652726	40.264232782652726
1499	40.37773145107802	40.37773145107802
1500	40.51137383345742	40.51137383345742
1501	40.621000483987615	40.621000483987615
1502	40.74656145128603	40.74656145128603
1503	40.857064515745634	40.857064515745634
1504	40.971354704977294	40.971354704977294
1505	41.08018351254914	41.08018351254914
1506	41.19429943141701	41.19429943141701
1507	41.31153288221249	41.31153288221249
1508	41.429467750002566	41.429467750002566
1509	41.54313267150274	41.54313267150274
1510	41.66254495604924	41.66254495604924
1511	41.788407255895265	41.788407255895265
1512	41.91170612896259	41.91170612896259
1513	42.047363747122105	42.047363747122105
1514	42.177189348949454	42.177189348949454
1515	42.31179837132857	42.31179837132857
1516	42.43182802696932	42.43182802696932
1517	42.55096847678904	42.55096847678904
1518	42.663436280068375	42.663436280068375
1519	42.790002035598725	42.790002035598725
1520	42.903340384056	42.903340384056
1521	43.034482796002486	43.034482796002486
1522	43.16035582820935	43.16035582820935
1523	43.30200571487272	43.30200571487272
1524	43.422991132396305	43.422991132396305
1525	43.56135218986653	43.56135218986653
1526	43.67882448062687	43.67882448062687
1527	43.832142923130974	43.832142923130974
1528	43.965241553299926	43.965241553299926
1529	44.10532361334536	44.10532361334536
1530	44.226307067063054	44.226307067063054
1531	44.380259093462726	44.380259093462726
1532	44.51399322835141	44.51399322835141
1533	44.67249542304752	44.67249542304752
1534	44.81410465331583	44.81410465331583
1535	44.97694049587935	44.97694049587935
1536	45.13113283960626	45.13113283960626
1537	45.289326092997506	45.289326092997506
1538	45.424236888391874	45.424236888391874
1539	45.571867176681245	45.571867176681245
1540	45.698561189940214	45.698561189940214
1541	45.83630310050662	45.83630310050662
1542	45.951189088913296	45.951189088913296
1543	46.08141282057635	46.08141282057635
1544	46.20790247666545	46.20790247666545
1545	46.33897456565958	46.33897456565958
1546	46.469392879427446	46.469392879427446
1547	46.61347043795625	46.61347043795625
1548	46.757805257287124	46.757805257287124
1549	46.9115291309226	46.9115291309226
1550	47.06424753778023	47.06424753778023
1551	47.216513678130546	47.216513678130546
1552	47.36932041025572	47.36932041025572
1553	47.51393714441008	47.51393714441008
1554	47.66679301391707	47.66679301391707
1555	47.8024361733296	47.8024361733296
1556	47.94705139981327	47.94705139981327
1557	48.088940040618155	48.088940040618155
1558	48.23493373777605	48.23493373777605
1559	48.371431387728784	48.371431387728784
1560	48.52197768540118	48.52197768540118
1561	48.66345809260259	48.66345809260259
1562	48.8210604453636	48.8210604453636
1563	48.96221623164276	48.96221623164276
1564	49.117434140431044	49.117434140431044
1565	49.260349426234214	49.260349426234214
1566	49.42509115398808	49.42509115398808
1567	49.56387623537248	49.56387623537248
1568	49.72463917764302	49.72463917764302
1569	49.87365386107575	49.87365386107575
1570	50.04258417046518	50.04258417046518
1571	50.18321856020023	50.18321856020023
1572	50.340299695447825	50.340299695447825
1573	50.47455684332235	50.47455684332235
1574	50.63107466161378	50.63107466161378
1575	50.772707091148476	50.772707091148476
1576	50.9380545071651	50.9380545071651
1577	51.08203102804814	51.08203102804814
1578	51.22939022523973	51.22939022523973
1579	51.3638512429655	51.3638512429655
1580	51.52141075951339	51.52141075951339
1581	51.646592322538545	51.646592322538545
1582	51.79439288291739	51.79439288291739
1583	51.913212048930845	51.913212048930845
1584	52.04297217762921	52.04297217762921
1585	52.14993687391686	52.14993687391686
1586	52.2702195139301	52.2702195139301
1587	52.3889807770556	52.3889807770556
1588	52.5176598134027	52.5176598134027
1589	52.643320043291695	52.643320043291695
1590	52.79208977405482	52.79208977405482
1591	52.93869143946064	52.93869143946064
1592	53.08522729991995	53.08522729991995
1593	53.23263055512274	53.23263055512274
1594	53.37693389184145	53.37693389184145
1595	53.511597315027856	53.511597315027856
1596	53.64637860941583	53.64637860941583
1597	53.776213929081564	53.776213929081564
1598	53.89888079890497	53.89888079890497
1599	54.02524107717446	54.02524107717446
1600	54.144789588950125	54.144789588950125
1601	54.27087398280292	54.27087398280292
1602	54.38277982161589	54.38277982161589
1603	54.514377768031814	54.514377768031814
1604	54.63666785356361	54.63666785356361
1605	54.77407581991756	54.77407581991756
1606	54.907941020209456	54.907941020209456
1607	55.04651976853375	55.04651976853375
1608	55.16463335163583	55.16463335163583
1609	55.29781969592596	55.29781969592596
1610	55.415511556403914	55.415511556403914
1611	55.551186830262054	55.551186830262054
1612	55.682720281534905	55.682720281534905
1613	55.82771621292187	55.82771621292187
1614	55.956578757823365	55.956578757823365
1615	56.10102552835162	56.10102552835162
1616	56.22059217983137	56.22059217983137
1617	56.36261338065614	56.36261338065614
1618	56.480770441620194	56.480770441620194
1619	56.63259434773334	56.63259434773334
1620	56.76699853253423	56.76699853253423
1621	56.91066371636544	56.91066371636544
1622	57.032457127914306	57.032457127914306
1623	57.18155287494535	57.18155287494535
1624	57.314599743146516	57.314599743146516
1625	57.460265938512045	57.460265938512045
1626	57.599274980505776	57.599274980505776
1627	57.75193668764276	57.75193668764276
1628	57.89124636880538	57.89124636880538
1629	58.05687042691412	58.05687042691412
1630	58.2134435665971	58.2134435665971
1631	58.38095652458851	58.38095652458851
1632	58.546593072119364	58.546593072119364
1633	58.7252379542295	58.7252379542295
1634	58.89845272963472	58.89845272963472
1635	59.078609237884244	59.078609237884244
1636	59.26939261816307	59.26939261816307
1637	59.45728208618965	59.45728208618965
1638	59.63609368041008	59.63609368041008
1639	59.805860562712006	59.805860562712006
1640	59.96625407911447	59.96625407911447
1641	60.11825286941752	60.11825286941752
1642	60.26429768429061	60.26429768429061
1643	60.40769444086659	60.40769444086659
1644	60.55942393048309	60.55942393048309
1645	60.70985305845815	60.70985305845815
1646	60.86570099876704	60.86570099876704
1647	61.00349419512343	61.00349419512343
1648	61.15527872105628	61.15527872105628
1649	61.30243328126297	61.30243328126297
1650	61.47314829416073	61.47314829416073
1651	61.624022467060826	61.624022467060826
1652	61.79267478277835	61.79267478277835
1653	61.93269417077279	61.93269417077279
1654	62.095690606601956	62.095690606601956
1655	62.23571267483958	62.23571267483958
1656	62.39746032172245	62.39746032172245
1657	62.529557302900464	62.529557302900464
1658	62.67391520276675	62.67391520276675
1659	62.796212689836935	62.796212689836935
1660	62.93520829038033	62.93520829038033
1661	63.05154809138981	63.05154809138981
1662	63.186420149462236	63.186420149462236
1663	63.301947094790386	63.301947094790386
1664	63.419357658668076	63.419357658668076
1665	63.50316518886443	63.50316518886443
1666	63.594293852461256	63.594293852461256
1667	63.66975944179996	63.66975944179996
1668	63.77120859520977	63.77120859520977
1669	63.86740538071882	63.86740538071882
1670	63.99027936562767	63.99027936562767
1671	64.11430741818849	64.11430741818849
1672	64.2423292829766	64.2423292829766
1673	64.35275534531692	64.35275534531692
1674	64.47353111384363	64.47353111384363
1675	64.59628447350201	64.59628447350201
1676	64.7292502447426	64.7292502447426
1677	64.85384751205513	64.85384751205513
1678	64.9742651043998	64.9742651043998
1679	65.08535434823	65.08535434823
1680	65.2095907404553	65.2095907404553
1681	65.33311427832083	65.33311427832083
1682	65.44736337540333	65.44736337540333
1683	65.56498219628398	65.56498219628398
1684	65.66691222147563	65.66691222147563
1685	65.77747589203321	65.77747589203321
1686	65.89140026251657	65.89140026251657
1687	66.01589870831438	66.01589870831438
1688	66.1494585793783	66.1494585793783
1689	66.28593079377978	66.28593079377978
1690	66.41721291007275	66.41721291007275
1691	66.57418965451681	66.57418965451681
1692	66.70745795437728	66.70745795437728
1693	66.85023223343062	66.85023223343062
1694	66.97657410118099	66.97657410118099
1695	67.11129094402985	67.11129094402985
1696	67.23819996213417	67.23819996213417
1697	67.3822398736948	67.3822398736948
1698	67.52450356237449	67.52450356237449
1699	67.67603837354407	67.67603837354407
1700	67.7947295005813	67.7947295005813
1701	67.93828085834167	67.93828085834167
1702	68.06977878870958	68.06977878870958
1703	68.22569526873488	68.22569526873488
1704	68.36189055559836	68.36189055559836
1705	68.51886155655012	68.51886155655012
1706	68.67005584140209	68.67005584140209
1707	68.85488066456652	68.85488066456652
1708	69.01856618934247	69.01856618934247
1709	69.18916176294819	69.18916176294819
1710	69.33477309382484	69.33477309382484
1711	69.50341367222052	69.50341367222052
1712	69.6613458482088	69.6613458482088
1713	69.84489486673546	69.84489486673546
1714	69.99009258728228	69.99009258728228
1715	70.14993212959192	70.14993212959192
1716	70.30324678027122	70.30324678027122
1717	70.47140165860098	70.47140165860098
1718	70.62781779069194	70.62781779069194
1719	70.77741575028472	70.77741575028472
1720	70.94664161313132	70.94664161313132
1721	71.11435011995327	71.11435011995327
1722	71.29594932014412	71.29594932014412
1723	71.46988080107431	71.46988080107431
1724	71.65600904751064	71.65600904751064
1725	71.81101521056654	71.81101521056654
1726	71.97155347350377	71.97155347350377
1727	72.11616852583096	72.11616852583096
1728	72.2849886569792	72.2849886569792
1729	72.45869813980919	72.45869813980919
1730	72.63298116133153	72.63298116133153
1731	72.79935982492472	72.79935982492472
1732	72.9805421693864	72.9805421693864
1733	73.16055100521388	73.16055100521388
1734	73.38059248891463	73.38059248891463
1735	73.57516536660543	73.57516536660543
1736	73.78564968001372	73.78564968001372
1737	73.95557639673552	73.95557639673552
1738	74.14878014199991	74.14878014199991
1739	74.29985556756081	74.29985556756081
1740	74.46443489743667	74.46443489743667
1741	74.61076701631039	74.61076701631039
1742	74.77955514214415	74.77955514214415
1743	74.92585386213318	74.92585386213318
1744	75.08066207265392	75.08066207265392
1745	75.21010821232038	75.21010821232038
1746	75.36412353479263	75.36412353479263
1747	75.46662887608616	75.46662887608616
1748	75.57539997194634	75.57539997194634
1749	75.67529920210251	75.67529920210251
1750	75.79772066368596	75.79772066368596
1751	75.91525656858225	75.91525656858225
1752	76.074211000745	76.074211000745
1753	76.22336116068435	76.22336116068435
1754	76.4042200646566	76.4042200646566
1755	76.55503996090599	76.55503996090599
1756	76.73808632203153	76.73808632203153
1757	76.92914073312733	76.92914073312733
1758	77.128639236855	77.128639236855
1759	77.31729491576374	77.31729491576374
1760	77.50507801126699	77.50507801126699
1761	77.69464778459663	77.69464778459663
1762	77.88320367454214	77.88320367454214
1763	78.0776806032553	78.0776806032553
1764	78.28546700000402	78.28546700000402
1765	78.5002400357967	78.5002400357967
1766	78.73891807269413	78.73891807269413
1767	78.98468138638893	78.98468138638893
1768	79.23349983633396	79.23349983633396
1769	79.50887436611717	79.50887436611717
1770	79.78986115397926	79.78986115397926
1771	80.07834280883374	80.07834280883374
1772	80.36061309016429	80.36061309016429
1773	80.65582292330794	80.65582292330794
1774	80.93402706281736	80.93402706281736
1775	81.22056175115739	81.22056175115739
1776	81.48640306857041	81.48640306857041
1777	81.75884459615249	81.75884459615249
1778	82.00629420449721	82.00629420449721
1779	82.25835138105035	82.25835138105035
1780	82.50832509320591	82.50832509320591
1781	82.79074381125848	82.79074381125848
1782	83.03627549309161	83.03627549309161
1783	83.2933584318937	83.2933584318937
1784	83.53588264754717	83.53588264754717
1785	83.81304491389074	83.81304491389074
1786	84.07057844874753	84.07057844874753
1787	84.33563367204279	84.33563367204279
1788	84.57113089789067	84.57113089789067
1789	84.83287343708707	84.83287343708707
1790	85.1029809781015	85.1029809781015
1791	85.38991856922902	85.38991856922902
1792	85.64248308590041	85.64248308590041
1793	85.88788746475693	85.88788746475693
1794	86.10755522935597	86.10755522935597
1795	86.35521470367812	86.35521470367812
1796	86.58257916207	86.58257916207
1797	86.82307487745264	86.82307487745264
1798	87.0570875361484	87.0570875361484
1799	87.30616292280007	87.30616292280007
1800	87.54146907916581	87.54146907916581
1801	87.7598252754822	87.7598252754822
1802	87.95352513684315	87.95352513684315
1803	88.16749545013451	88.16749545013451
1804	88.37700791360402	88.37700791360402
1805	88.56356156750363	88.56356156750363
1806	88.74182981117444	88.74182981117444
1807	88.90133279131905	88.90133279131905
1808	89.07766863949713	89.07766863949713
1809	89.24897015921363	89.24897015921363
1810	89.4296339898342	89.4296339898342
1811	89.58221865612579	89.58221865612579
1812	89.74929183598513	89.74929183598513
1813	89.90029700984466	89.90029700984466
1814	90.05405925083421	90.05405925083421
1815	90.17999628339001	90.17999628339001
1816	90.28853659448096	90.28853659448096
1817	90.37440591143555	90.37440591143555
1818	90.47374931173786	90.47374931173786
1819	90.54071746618327	90.54071746618327
1820	90.62798261514216	90.62798261514216
1821	90.70314474959929	90.70314474959929
1822	90.77348195517071	90.77348195517071
1823	90.82360231472734	90.82360231472734
1824	90.87125647983302	90.87125647983302
1825	90.8758220302124	90.8758220302124
1826	90.92371395202687	90.92371395202687
1827	90.95875873492957	90.95875873492957
1828	91.03582534452653	91.03582534452653
1829	91.07730744866689	91.07730744866689
1830	91.16907842990531	91.16907842990531
1831	91.24003522030817	91.24003522030817
1832	91.29962660862205	91.29962660862205
1833	91.31173536068387	91.31173536068387
1834	91.31107009881516	91.31107009881516
1835	91.26818559507456	91.26818559507456
1836	91.2367238777868	91.2367238777868
1837	91.20838592748312	91.20838592748312
1838	91.22249028358938	91.22249028358938
1839	91.19377674191502	91.19377674191502
1840	91.18471067177599	91.18471067177599
1841	91.1587981928568	91.1587981928568
1842	91.16732835518849	91.16732835518849
1843	91.15671823277616	91.15671823277616
1844	91.17364239159656	91.17364239159656
1845	91.15476915839173	91.15476915839173
1846	91.12926095233009	91.12926095233009
1847	91.09649455221881	91.09649455221881
1848	91.0428975148017	91.0428975148017
1849	91.00975666632509	91.00975666632509
1850	90.98855458678337	90.98855458678337
1851	90.97672174192681	90.97672174192681
1852	90.94692997985301	90.94692997985301
1853	90.92781668776239	90.92781668776239
1854	90.91605610294357	90.91605610294357
1855	90.91017775684136	90.91017775684136
1856	90.8947541187151	90.8947541187151
1857	90.8728664123286	90.8728664123286
1858	90.8041022795751	90.8041022795751
1859	90.74314917066177	90.74314917066177
1860	90.64768727248709	90.64768727248709
1861	90.57971425045967	90.57971425045967
1862	90.49290581288543	90.49290581288543
1863	90.4321760176827	90.4321760176827
1864	90.35082659875405	90.35082659875405
1865	90.28922476033587	90.28922476033587
1866	90.211861749653	90.211861749653
1867	90.16704585746854	90.16704585746854
1868	90.07931187444294	90.07931187444294
1869	89.99394819469795	89.99394819469795
1870	89.87303569974421	89.87303569974421
1871	89.78537602073743	89.78537602073743
1872	89.68130024657391	89.68130024657391
1873	89.5696175279405	89.5696175279405
1874	89.43564669234641	89.43564669234641
1875	89.32203048574762	89.32203048574762
1876	89.19141527392327	89.19141527392327
1877	89.06345076084415	89.06345076084415
1878	88.90959010419354	88.90959010419354
1879	88.77336225690681	88.77336225690681
1880	88.61987565941996	88.61987565941996
1881	88.45715918999484	88.45715918999484
1882	88.25669965927395	88.25669965927395
1883	88.06973959837048	88.06973959837048
1884	87.84700706309788	87.84700706309788
1885	87.63185735617255	87.63185735617255
1886	87.43455277912437	87.43455277912437
1887	87.27394256069971	87.27394256069971
1888	87.07856328102109	87.07856328102109
1889	86.89731270619606	86.89731270619606
1890	86.73751259508214	86.73751259508214
1891	86.59200746163273	86.59200746163273
1892	86.42331693470635	86.42331693470635
1893	86.25861767600811	86.25861767600811
1894	86.10885773023752	86.10885773023752
1895	85.95378484818892	85.95378484818892
1896	85.80159189054318	85.80159189054318
1897	85.58639217890195	85.58639217890195
1898	85.39278872319628	85.39278872319628
1899	85.13102285475726	85.13102285475726
1900	84.84720716818937	84.84720716818937
1901	84.51573731766315	84.51573731766315
1902	84.19709380021018	84.19709380021018
1903	83.82396717990768	83.82396717990768
1904	83.45283583575426	83.45283583575426
1905	83.11449404856107	83.11449404856107
1906	82.79125415018062	82.79125415018062
1907	82.47865735659116	82.47865735659116
1908	82.1900328096822	82.1900328096822
1909	81.90305237628053	81.90305237628053
1910	81.668292965379	81.668292965379
1911	81.43452628037825	81.43452628037825
1912	81.16732678064065	81.16732678064065
1913	80.9241790654052	80.9241790654052
1914	80.6570259803345	80.6570259803345
1915	80.41742101084881	80.41742101084881
1916	80.2065769293665	80.2065769293665
1917	79.94918569977104	79.94918569977104
1918	79.68580339314595	79.68580339314595
1919	79.4277466832386	79.4277466832386
1920	79.13416356663089	79.13416356663089
1921	78.82901538970522	78.82901538970522
1922	78.54896550187937	78.54896550187937
1923	78.28914558578782	78.28914558578782
1924	78.03987823854877	78.03987823854877
1925	77.84246050573663	77.84246050573663
1926	77.64633839390864	77.64633839390864
1927	77.46396088196715	77.46396088196715
1928	77.3216678982959	77.3216678982959
1929	77.17874677517739	77.17874677517739
1930	77.0157021333047	77.0157021333047
1931	76.87669644057254	76.87669644057254
1932	76.71638281029844	76.71638281029844
1933	76.58308364173693	76.58308364173693
1934	76.42686962401018	76.42686962401018
1935	76.33424169662061	76.33424169662061
1936	76.18238440385441	76.18238440385441
1937	76.08101193919231	76.08101193919231
1938	75.96606867113985	75.96606867113985
1939	75.82156056735984	75.82156056735984
1940	75.67101995701447	75.67101995701447
1941	75.58566789567779	75.58566789567779
1942	75.47437115751451	75.47437115751451
1943	75.37293644959499	75.37293644959499
1944	75.22606334880511	75.22606334880511
1945	75.12639005770865	75.12639005770865
1946	75.03702418565493	75.03702418565493
1947	74.93738945531346	74.93738945531346
1948	74.81116423533288	74.81116423533288
1949	74.74402555483712	74.74402555483712
1950	74.69222390081168	74.69222390081168
1951	74.65765501481708	74.65765501481708
1952	74.62393297038552	74.62393297038552
1953	74.63764896740099	74.63764896740099
1954	74.60819897226597	74.60819897226597
1955	74.58987550455043	74.58987550455043
1956	74.5537771917764	74.5537771917764
1957	74.54251105544712	74.54251105544712
1958	74.47879884877835	74.47879884877835
1959	74.43619487334853	74.43619487334853
1960	74.38784740231226	74.38784740231226
1961	74.29301372347936	74.29301372347936
1962	74.19509795109313	74.19509795109313
1963	74.16596134450789	74.16596134450789
1964	74.1379215367637	74.1379215367637
1965	74.1689604622306	74.1689604622306
1966	74.21870364575541	74.21870364575541
1967	74.27621644983148	74.27621644983148
1968	74.28688328943	74.28688328943
1969	74.31297957469548	74.31297957469548
1970	74.36696229683737	74.36696229683737
1971	74.47656660368068	74.47656660368068
1972	74.58705866040141	74.58705866040141
1973	74.70596367547682	74.70596367547682
1974	74.85962782897231	74.85962782897231
1975	74.99376449518132	74.99376449518132
1976	75.13500188508564	75.13500188508564
1977	75.26710980977295	75.26710980977295
1978	75.4235207773853	75.4235207773853
1979	75.57289999070485	75.57289999070485
1980	75.74093020696972	75.74093020696972
1981	75.86459524267175	75.86459524267175
1982	76.00191819548937	76.00191819548937
1983	76.079828166108	76.079828166108
1984	76.16007212276375	76.16007212276375
1985	76.21994234583302	76.21994234583302
1986	76.26558245864047	76.26558245864047
1987	76.31744907032217	76.31744907032217
1988	76.41895395559445	76.41895395559445
1989	76.48460643345632	76.48460643345632
1990	76.54339406971722	76.54339406971722
1991	76.53210239517179	76.53210239517179
1992	76.51580297291218	76.51580297291218
1993	76.47298491259401	76.47298491259401
1994	76.47181608480994	76.47181608480994
1995	76.44114419063197	76.44114419063197
1996	76.41610102630034	76.41610102630034
1997	76.41906961018603	76.41906961018603
1998	76.36849919366188	76.36849919366188
1999	76.28769333548668	76.28769333548668
2000	76.25226538572883	76.25226538572883
2001	76.28845882144064	76.28845882144064
2002	76.29061374986568	76.29061374986568
2003	76.35912947773656	76.35912947773656
2004	76.43170405666405	76.43170405666405
2005	76.40376036036159	76.40376036036159
2006	76.3642035988511	76.3642035988511
2007	76.25780622683433	76.25780622683433
2008	76.10636628172588	76.10636628172588
2009	75.99146974786758	75.99146974786758
2010	75.83071196535803	75.83071196535803
2011	75.6838429210753	75.6838429210753
2012	75.50810282885212	75.50810282885212
2013	75.31711651217577	75.31711651217577
2014	75.0418488025529	75.0418488025529
2015	74.82619475250259	74.82619475250259
2016	74.58162018023249	74.58162018023249
2017	74.40059692772492	74.40059692772492
2018	74.31071706929174	74.31071706929174
2019	74.18143765342377	74.18143765342377
2020	74.00893205300383	74.00893205300383
2021	73.80316278508093	73.80316278508093
2022	73.5495109587246	73.5495109587246
2023	73.26744868423341	73.26744868423341
2024	72.89845546401963	72.89845546401963
2025	72.57991462803287	72.57991462803287
2026	72.16891210800138	72.16891210800138
2027	71.76697401260301	71.76697401260301
2028	71.36287902629176	71.36287902629176
2029	70.99168771134786	70.99168771134786
2030	70.54525592395362	70.54525592395362
2031	70.06205165842653	70.06205165842653
2032	69.49838322176538	69.49838322176538
2033	68.96013268626517	68.96013268626517
2034	68.35237029096098	68.35237029096098
2035	67.83871683244149	67.83871683244149
2036	67.36241188021896	67.36241188021896
2037	66.78717607732261	66.78717607732261
2038	66.28631833630489	66.28631833630489
2039	65.91333573920963	65.91333573920963
2040	65.57702097141834	65.57702097141834
2041	65.32256400285037	65.32256400285037
2042	65.14316703566111	65.14316703566111
2043	65.01762096595237	65.01762096595237
2044	64.76985260188036	64.76985260188036
2045	64.43407654693763	64.43407654693763
2046	64.03576038980562	64.03576038980562
2047	63.64933075934381	63.64933075934381
2048	63.32233370218776	63.32233370218776
2049	63.06467591780025	63.06467591780025
2050	62.85126959874418	62.85126959874418
2051	62.74413100864434	62.74413100864434
2052	62.65423288777862	62.65423288777862
2053	62.5965756189449	62.5965756189449
2054	62.568118152047234	62.568118152047234
2055	62.492436858853324	62.492436858853324
2056	62.32394578977622	62.32394578977622
2057	62.162762303029545	62.162762303029545
2058	62.10640029668867	62.10640029668867
2059	61.95436758488128	61.95436758488128
2060	62.00428248938518	62.00428248938518
2061	62.0472200000615	62.0472200000615
2062	62.140625399009664	62.140625399009664
2063	62.097779018384344	62.097779018384344
2064	62.00027554042012	62.00027554042012
2065	61.83759770575269	61.83759770575269
2066	61.56589719079156	61.56589719079156
2067	61.05193456003673	61.05193456003673
2068	60.708058830691684	60.708058830691684
2069	60.47814114073525	60.47814114073525
2070	60.309969906632574	60.309969906632574
2071	60.046397954466386	60.046397954466386
2072	59.76323616230867	59.76323616230867
2073	59.56353441411453	59.56353441411453
2074	59.42447650404607	59.42447650404607
2075	59.320211891270795	59.320211891270795
2076	59.17829131098401	59.17829131098401
2077	59.01034280784235	59.01034280784235
2078	58.8723333364115	58.8723333364115
2079	58.850858734492505	58.850858734492505
2080	58.72558459731651	58.72558459731651
2081	58.33683395391901	58.33683395391901
2082	57.93185332676697	57.93185332676697
2083	57.533046096817316	57.533046096817316
2084	57.047820207821935	57.047820207821935
2085	56.50303816345095	56.50303816345095
2086	56.07689951597912	56.07689951597912
2087	55.646318761811074	55.646318761811074
2088	55.20021962296457	55.20021962296457
2089	54.64956037916289	54.64956037916289
2090	54.03474176605058	54.03474176605058
2091	53.407913632983565	53.407913632983565
2092	52.963092537250674	52.963092537250674
2093	52.65310377708845	52.65310377708845
2094	52.41047406588925	52.41047406588925
2095	52.1035836703643	52.1035836703643
2096	51.691827639237374	51.691827639237374
2097	51.0629791239898	51.0629791239898
2098	50.4349334666136	50.4349334666136
2099	49.80094627852439	49.80094627852439
2100	49.2146507674761	49.2146507674761
2101	48.759851232240976	48.759851232240976
2102	48.14180104368383	48.14180104368383
2103	47.55053468496913	47.55053468496913
2104	46.82580387971993	46.82580387971993
2105	46.3225356037034	46.3225356037034
2106	45.97274878803124	45.97274878803124
2107	45.74926223930974	45.74926223930974
2108	45.22184353123686	45.22184353123686
2109	45.11319144377947	45.11319144377947
2110	44.936631297322194	44.936631297322194
2111	44.757947501921116	44.757947501921116
2112	44.76431362726292	44.76431362726292
2113	44.991731931575934	44.991731931575934
2114	44.964163526206804	44.964163526206804
2115	44.76090888375512	44.76090888375512
2116	44.883474223971945	44.883474223971945
2117	45.42278749679085	45.42278749679085
2118	46.16196260222276	46.16196260222276
2119	46.63487951975611	46.63487951975611
2120	47.58631493916097	47.58631493916097
2121	48.368705509576294	48.368705509576294
2122	49.27638114075816	49.27638114075816
2123	48.98829874480279	48.98829874480279
2124	46.41900781359978	46.41900781359978
