#Calcul du déplacement moyen
#Time	dqmoy	part_0
1	0.10021428611637427	0.10021428611637427
2	0.18864481310859035	0.18864481310859035
3	0.29836187194984254	0.29836187194984254
4	0.38280398427835616	0.38280398427835616
5	0.49149640292816366	0.49149640292816366
6	0.5798572750055285	0.5798572750055285
7	0.690086262702865	0.690086262702865
8	0.7856953973072214	0.7856953973072214
9	0.8977171213055217	0.8977171213055217
10	0.9926280796813907	0.9926280796813907
11	1.1007255555899607	1.1007255555899607
12	1.192653838208563	1.192653838208563
13	1.30190828327029	1.30190828327029
14	1.4071034110531708	1.4071034110531708
15	1.5208253689890872	1.5208253689890872
16	1.6281194554798417	1.6281194554798417
17	1.7304452402742494	1.7304452402742494
18	1.828073462704541	1.828073462704541
19	1.9246373004218233	1.9246373004218233
20	2.022753941012044	2.022753941012044
21	2.1146439900675262	2.1146439900675262
22	2.2111372235983726	2.2111372235983726
23	2.296673571850654	2.296673571850654
24	2.390772020243161	2.390772020243161
25	2.473834920537669	2.473834920537669
26	2.570617590983078	2.570617590983078
27	2.6452904815339418	2.6452904815339418
28	2.73857564515629	2.73857564515629
29	2.813068890359809	2.813068890359809
30	2.9043583230192733	2.9043583230192733
31	2.9766044642415768	2.9766044642415768
32	3.069947720570181	3.069947720570181
33	3.14087099093208	3.14087099093208
34	3.2349799570591635	3.2349799570591635
35	3.306420817830347	3.306420817830347
36	3.394263544314505	3.394263544314505
37	3.4618135774666174	3.4618135774666174
38	3.5555041779162804	3.5555041779162804
39	3.629889343864384	3.629889343864384
40	3.724208080888279	3.724208080888279
41	3.800922312334654	3.800922312334654
42	3.894048491409859	3.894048491409859
43	3.968731720304773	3.968731720304773
44	4.056164593697693	4.056164593697693
45	4.129979276882477	4.129979276882477
46	4.215125855319558	4.215125855319558
47	4.287687389821865	4.287687389821865
48	4.3699108751172	4.3699108751172
49	4.447265141696977	4.447265141696977
50	4.5307984162542265	4.5307984162542265
51	4.616858539946561	4.616858539946561
52	4.706231839038255	4.706231839038255
53	4.799328916898739	4.799328916898739
54	4.882855053937119	4.882855053937119
55	4.97135543682953	4.97135543682953
56	5.051144056541021	5.051144056541021
57	5.139474443938832	5.139474443938832
58	5.2251506144432165	5.2251506144432165
59	5.322576782281994	5.322576782281994
60	5.401276547804379	5.401276547804379
61	5.495544886078894	5.495544886078894
62	5.570995135599217	5.570995135599217
63	5.669979473433482	5.669979473433482
64	5.7532187807879165	5.7532187807879165
65	5.855038585376375	5.855038585376375
66	5.932039384595626	5.932039384595626
67	6.0274425955347395	6.0274425955347395
68	6.100001514641061	6.100001514641061
69	6.194427645919607	6.194427645919607
70	6.271877320955353	6.271877320955353
71	6.371409615461362	6.371409615461362
72	6.445914866681697	6.445914866681697
73	6.535070456972366	6.535070456972366
74	6.605180834249751	6.605180834249751
75	6.6948811714544565	6.6948811714544565
76	6.765055071913249	6.765055071913249
77	6.848913892933714	6.848913892933714
78	6.919640520738396	6.919640520738396
79	7.003354810600477	7.003354810600477
80	7.074273685347241	7.074273685347241
81	7.154793279713675	7.154793279713675
82	7.2273980250035414	7.2273980250035414
83	7.302770370334643	7.302770370334643
84	7.37264070317836	7.37264070317836
85	7.443120005245479	7.443120005245479
86	7.511317776533689	7.511317776533689
87	7.5768611173428795	7.5768611173428795
88	7.6449814556979065	7.6449814556979065
89	7.708710632600637	7.708710632600637
90	7.776318934884402	7.776318934884402
91	7.836861113591553	7.836861113591553
92	7.909295360149788	7.909295360149788
93	7.972543121635535	7.972543121635535
94	8.049660018548428	8.049660018548428
95	8.109303045829558	8.109303045829558
96	8.1841482172234	8.1841482172234
97	8.244822686370831	8.244822686370831
98	8.327504804517092	8.327504804517092
99	8.389785483229511	8.389785483229511
100	8.469482491922289	8.469482491922289
101	8.535206566236567	8.535206566236567
102	8.619132038617678	8.619132038617678
103	8.689574509065622	8.689574509065622
104	8.778720971039089	8.778720971039089
105	8.850262268371978	8.850262268371978
106	8.940723045741496	8.940723045741496
107	9.013381695442956	9.013381695442956
108	9.10711118149032	9.10711118149032
109	9.18353186577733	9.18353186577733
110	9.281908741931746	9.281908741931746
111	9.364675030944062	9.364675030944062
112	9.463071167228396	9.463071167228396
113	9.552693315919262	9.552693315919262
114	9.66090602881043	9.66090602881043
115	9.763516699158462	9.763516699158462
116	9.875409178419119	9.875409178419119
117	9.9764031451801	9.9764031451801
118	10.080502638458798	10.080502638458798
119	10.182782588737297	10.182782588737297
120	10.29061243453554	10.29061243453554
121	10.399352726773984	10.399352726773984
122	10.498926041251574	10.498926041251574
123	10.600372126005215	10.600372126005215
124	10.69201397702762	10.69201397702762
125	10.79338513016986	10.79338513016986
126	10.880131985168667	10.880131985168667
127	10.976993935700104	10.976993935700104
128	11.059161168219537	11.059161168219537
129	11.149307009274212	11.149307009274212
130	11.222065454348868	11.222065454348868
131	11.311260552416904	11.311260552416904
132	11.379544383177418	11.379544383177418
133	11.468450722100904	11.468450722100904
134	11.539079843582964	11.539079843582964
135	11.630388864270774	11.630388864270774
136	11.693170301084077	11.693170301084077
137	11.778122396046577	11.778122396046577
138	11.842394407549136	11.842394407549136
139	11.930035799008866	11.930035799008866
140	11.99467250253619	11.99467250253619
141	12.077369721743633	12.077369721743633
142	12.137223227392088	12.137223227392088
143	12.21632103641753	12.21632103641753
144	12.279674862611735	12.279674862611735
145	12.365655865378638	12.365655865378638
146	12.435617655220819	12.435617655220819
147	12.523872313454827	12.523872313454827
148	12.593631403874845	12.593631403874845
149	12.675786929762289	12.675786929762289
150	12.744406320304648	12.744406320304648
151	12.818811754977563	12.818811754977563
152	12.888256136704364	12.888256136704364
153	12.95828630924857	12.95828630924857
154	13.02339233216829	13.02339233216829
155	13.087890731426615	13.087890731426615
156	13.157728190039258	13.157728190039258
157	13.224989934644292	13.224989934644292
158	13.298305506931763	13.298305506931763
159	13.36498239133365	13.36498239133365
160	13.437357929397685	13.437357929397685
161	13.49242197520722	13.49242197520722
162	13.557685295562822	13.557685295562822
163	13.613835491120586	13.613835491120586
164	13.687934473627775	13.687934473627775
165	13.748196852121673	13.748196852121673
166	13.824797297528931	13.824797297528931
167	13.88131358466936	13.88131358466936
168	13.956064050512575	13.956064050512575
169	14.003963187283762	14.003963187283762
170	14.07020484149038	14.07020484149038
171	14.120836391269595	14.120836391269595
172	14.193722553725033	14.193722553725033
173	14.241800812074292	14.241800812074292
174	14.310452167828995	14.310452167828995
175	14.355792083880061	14.355792083880061
176	14.422731862234517	14.422731862234517
177	14.473874381454024	14.473874381454024
178	14.541373579312964	14.541373579312964
179	14.58947639873461	14.58947639873461
180	14.647171459592006	14.647171459592006
181	14.691532125465724	14.691532125465724
182	14.748752185787708	14.748752185787708
183	14.791310378424857	14.791310378424857
184	14.840922445719897	14.840922445719897
185	14.878375414119244	14.878375414119244
186	14.918601319771254	14.918601319771254
187	14.948849117882872	14.948849117882872
188	14.976692962686332	14.976692962686332
189	15.007287735908264	15.007287735908264
190	15.040910360312765	15.040910360312765
191	15.077937247806883	15.077937247806883
192	15.107111586349408	15.107111586349408
193	15.14644757631037	15.14644757631037
194	15.17445706991823	15.17445706991823
195	15.21695586492682	15.21695586492682
196	15.243347810819738	15.243347810819738
197	15.284740658579882	15.284740658579882
198	15.306550006678354	15.306550006678354
199	15.346827837806993	15.346827837806993
200	15.363417938609594	15.363417938609594
201	15.403191167939221	15.403191167939221
202	15.419479233310076	15.419479233310076
203	15.460269184504945	15.460269184504945
204	15.48304729250566	15.48304729250566
205	15.52948182403058	15.52948182403058
206	15.553024741879401	15.553024741879401
207	15.594960902292916	15.594960902292916
208	15.615816285241578	15.615816285241578
209	15.657894434235775	15.657894434235775
210	15.676112288014274	15.676112288014274
211	15.71146779561585	15.71146779561585
212	15.728324474722536	15.728324474722536
213	15.76831658604308	15.76831658604308
214	15.792632269376735	15.792632269376735
215	15.836009604462937	15.836009604462937
216	15.868847011452775	15.868847011452775
217	15.913252672355434	15.913252672355434
218	15.947250203794994	15.947250203794994
219	15.989489741562844	15.989489741562844
220	16.022652724553826	16.022652724553826
221	16.059447459444648	16.059447459444648
222	16.094725319246507	16.094725319246507
223	16.12585383182133	16.12585383182133
224	16.160101091212304	16.160101091212304
225	16.192915830814268	16.192915830814268
226	16.230608652543324	16.230608652543324
227	16.264726487091895	16.264726487091895
228	16.308195930159723	16.308195930159723
229	16.343193763961132	16.343193763961132
230	16.392879974975706	16.392879974975706
231	16.42468496738892	16.42468496738892
232	16.47599547428647	16.47599547428647
233	16.514035016799834	16.514035016799834
234	16.573131551524632	16.573131551524632
235	16.61182769634719	16.61182769634719
236	16.66846046306218	16.66846046306218
237	16.70088392418565	16.70088392418565
238	16.750535299762788	16.750535299762788
239	16.77577662380434	16.77577662380434
240	16.825953789860286	16.825953789860286
241	16.85507587506543	16.85507587506543
242	16.90314308813	16.90314308813
243	16.923756158203496	16.923756158203496
244	16.962589531628428	16.962589531628428
245	16.985330637084452	16.985330637084452
246	17.0270866194588	17.0270866194588
247	17.051422359989978	17.051422359989978
248	17.092740731651972	17.092740731651972
249	17.11339543037777	17.11339543037777
250	17.150517736540014	17.150517736540014
251	17.172639219019512	17.172639219019512
252	17.20706856794537	17.20706856794537
253	17.228506629164336	17.228506629164336
254	17.2557173382885	17.2557173382885
255	17.27981833941837	17.27981833941837
256	17.308461453028468	17.308461453028468
257	17.335309193566655	17.335309193566655
258	17.35951252914329	17.35951252914329
259	17.391977618229888	17.391977618229888
260	17.425154793405795	17.425154793405795
261	17.46509310174399	17.46509310174399
262	17.49479975552879	17.49479975552879
263	17.53861029744717	17.53861029744717
264	17.57142209151941	17.57142209151941
265	17.618308134361826	17.618308134361826
266	17.654711992993988	17.654711992993988
267	17.7099962867443	17.7099962867443
268	17.74836549655629	17.74836549655629
269	17.80449547813359	17.80449547813359
270	17.841369565035365	17.841369565035365
271	17.899555767512002	17.899555767512002
272	17.93966845279161	17.93966845279161
273	17.995775306058142	17.995775306058142
274	18.030100646208005	18.030100646208005
275	18.08685433667162	18.08685433667162
276	18.12827943019824	18.12827943019824
277	18.194623793133665	18.194623793133665
278	18.237504381781314	18.237504381781314
279	18.30168167285988	18.30168167285988
280	18.341417467031114	18.341417467031114
281	18.403891382551585	18.403891382551585
282	18.447710085578514	18.447710085578514
283	18.509149833444752	18.509149833444752
284	18.552129126040594	18.552129126040594
285	18.603648128361193	18.603648128361193
286	18.642457362058153	18.642457362058153
287	18.690425143831774	18.690425143831774
288	18.729797084703538	18.729797084703538
289	18.778249336464697	18.778249336464697
290	18.82485219611408	18.82485219611408
291	18.876581711404704	18.876581711404704
292	18.926530120337	18.926530120337
293	18.974151374279586	18.974151374279586
294	19.022262345574912	19.022262345574912
295	19.07244340010163	19.07244340010163
296	19.127513537030474	19.127513537030474
297	19.179178615940256	19.179178615940256
298	19.239806721317763	19.239806721317763
299	19.283931219634493	19.283931219634493
300	19.334830000084104	19.334830000084104
301	19.37579156317484	19.37579156317484
302	19.43365947111476	19.43365947111476
303	19.478784186442894	19.478784186442894
304	19.5429567240227	19.5429567240227
305	19.58048842627411	19.58048842627411
306	19.633332516681698	19.633332516681698
307	19.664462486353372	19.664462486353372
308	19.713868943383957	19.713868943383957
309	19.745001747926672	19.745001747926672
310	19.797423781616118	19.797423781616118
311	19.827354418780764	19.827354418780764
312	19.87366989766259	19.87366989766259
313	19.900570736797597	19.900570736797597
314	19.94494407068212	19.94494407068212
315	19.977155583450283	19.977155583450283
316	20.032899889589928	20.032899889589928
317	20.0775515593532	20.0775515593532
318	20.127354258799016	20.127354258799016
319	20.163097401916012	20.163097401916012
320	20.20864448665398	20.20864448665398
321	20.24841256415809	20.24841256415809
322	20.295908717450608	20.295908717450608
323	20.338350387626306	20.338350387626306
324	20.381231886016835	20.381231886016835
325	20.426739816345474	20.426739816345474
326	20.471029832452427	20.471029832452427
327	20.51968827871009	20.51968827871009
328	20.567954776003422	20.567954776003422
329	20.625119705990137	20.625119705990137
330	20.66903636700915	20.66903636700915
331	20.722399321682172	20.722399321682172
332	20.763743319375564	20.763743319375564
333	20.820489930344767	20.820489930344767
334	20.86625855571009	20.86625855571009
335	20.926871808210784	20.926871808210784
336	20.96557592859417	20.96557592859417
337	21.026107383095052	21.026107383095052
338	21.068242636696226	21.068242636696226
339	21.12961538840416	21.12961538840416
340	21.171171595491746	21.171171595491746
341	21.233510521232432	21.233510521232432
342	21.27389912941372	21.27389912941372
343	21.337755201561954	21.337755201561954
344	21.379951639084723	21.379951639084723
345	21.44735216862887	21.44735216862887
346	21.496479753183827	21.496479753183827
347	21.567180486264235	21.567180486264235
348	21.61853093517764	21.61853093517764
349	21.689983277867782	21.689983277867782
350	21.741749820238017	21.741749820238017
351	21.802478338667598	21.802478338667598
352	21.848605383027348	21.848605383027348
353	21.90184076308583	21.90184076308583
354	21.942066343401883	21.942066343401883
355	21.99194329356997	21.99194329356997
356	22.032128889076237	22.032128889076237
357	22.078848781946135	22.078848781946135
358	22.122608344555566	22.122608344555566
359	22.17167675125274	22.17167675125274
360	22.221209956771258	22.221209956771258
361	22.269760803831595	22.269760803831595
362	22.31364048791779	22.31364048791779
363	22.3517916086687	22.3517916086687
364	22.403025419930103	22.403025419930103
365	22.448863074017343	22.448863074017343
366	22.505515128149927	22.505515128149927
367	22.549266516778157	22.549266516778157
368	22.606919883723968	22.606919883723968
369	22.647943203868664	22.647943203868664
370	22.706324029309744	22.706324029309744
371	22.74778516331333	22.74778516331333
372	22.809789649477583	22.809789649477583
373	22.857412845858228	22.857412845858228
374	22.920885451099082	22.920885451099082
375	22.959279085350836	22.959279085350836
376	23.01798043702078	23.01798043702078
377	23.057278198879594	23.057278198879594
378	23.119518741661896	23.119518741661896
379	23.161505442657237	23.161505442657237
380	23.216323500905574	23.216323500905574
381	23.24941586895455	23.24941586895455
382	23.29950017021254	23.29950017021254
383	23.33177847836248	23.33177847836248
384	23.382550636769682	23.382550636769682
385	23.413902456668346	23.413902456668346
386	23.454700396682462	23.454700396682462
387	23.475251578332347	23.475251578332347
388	23.507829125045337	23.507829125045337
389	23.529683205486748	23.529683205486748
390	23.567491004067286	23.567491004067286
391	23.593391085075254	23.593391085075254
392	23.625949936792537	23.625949936792537
393	23.657777531421424	23.657777531421424
394	23.69373642070063	23.69373642070063
395	23.727068866419263	23.727068866419263
396	23.755803478091337	23.755803478091337
397	23.790653207626747	23.790653207626747
398	23.82466792535707	23.82466792535707
399	23.863215120639076	23.863215120639076
400	23.890787335647957	23.890787335647957
401	23.92969747125	23.92969747125
402	23.95833472532484	23.95833472532484
403	23.99999553759423	23.99999553759423
404	24.024604442630533	24.024604442630533
405	24.069099318453056	24.069099318453056
406	24.098637321538938	24.098637321538938
407	24.14313516412036	24.14313516412036
408	24.16872445084489	24.16872445084489
409	24.211850539592383	24.211850539592383
410	24.233950503403914	24.233950503403914
411	24.275597627789246	24.275597627789246
412	24.299065988491222	24.299065988491222
413	24.34015227649628	24.34015227649628
414	24.366181179792207	24.366181179792207
415	24.408615763470547	24.408615763470547
416	24.43484197515831	24.43484197515831
417	24.481081108636488	24.481081108636488
418	24.510648531341474	24.510648531341474
419	24.556791557468678	24.556791557468678
420	24.59105283331614	24.59105283331614
421	24.636107116720506	24.636107116720506
422	24.668507611987284	24.668507611987284
423	24.710233462221314	24.710233462221314
424	24.737889248208525	24.737889248208525
425	24.77972252901172	24.77972252901172
426	24.816209991460177	24.816209991460177
427	24.864231761826737	24.864231761826737
428	24.913511783271964	24.913511783271964
429	24.966726970099273	24.966726970099273
430	25.026725274800583	25.026725274800583
431	25.079348371506644	25.079348371506644
432	25.129609243978823	25.129609243978823
433	25.172915938396986	25.172915938396986
434	25.231544741233606	25.231544741233606
435	25.283842524050975	25.283842524050975
436	25.344070244075823	25.344070244075823
437	25.38054158847519	25.38054158847519
438	25.430845248504067	25.430845248504067
439	25.463824789797208	25.463824789797208
440	25.51298795856075	25.51298795856075
441	25.544120058479105	25.544120058479105
442	25.593489313546787	25.593489313546787
443	25.620658198900102	25.620658198900102
444	25.670513374586076	25.670513374586076
445	25.701989910751408	25.701989910751408
446	25.757086469368154	25.757086469368154
447	25.79323658299688	25.79323658299688
448	25.847031797495717	25.847031797495717
449	25.868363130127975	25.868363130127975
450	25.907545243635624	25.907545243635624
451	25.923348858619136	25.923348858619136
452	25.959348575762846	25.959348575762846
453	25.980235361561682	25.980235361561682
454	26.018195268516422	26.018195268516422
455	26.037106262152047	26.037106262152047
456	26.06824480145508	26.06824480145508
457	26.08612593518806	26.08612593518806
458	26.11851053331392	26.11851053331392
459	26.145031775108407	26.145031775108407
460	26.181659909868287	26.181659909868287
461	26.21246941429399	26.21246941429399
462	26.248279417527154	26.248279417527154
463	26.278934530171938	26.278934530171938
464	26.310586790843743	26.310586790843743
465	26.348568569763756	26.348568569763756
466	26.383415003773585	26.383415003773585
467	26.42866295129276	26.42866295129276
468	26.472163904255883	26.472163904255883
469	26.517608372234072	26.517608372234072
470	26.550213828138315	26.550213828138315
471	26.6002798181664	26.6002798181664
472	26.63538279051646	26.63538279051646
473	26.68226092649963	26.68226092649963
474	26.709154299498604	26.709154299498604
475	26.758319884899624	26.758319884899624
476	26.789379587707387	26.789379587707387
477	26.844646095661965	26.844646095661965
478	26.879673082543384	26.879673082543384
479	26.935232513582697	26.935232513582697
480	26.970159725562837	26.970159725562837
481	27.023536838121274	27.023536838121274
482	27.050891792792456	27.050891792792456
483	27.1026341347611	27.1026341347611
484	27.131402510953826	27.131402510953826
485	27.176287920769237	27.176287920769237
486	27.203232995432977	27.203232995432977
487	27.24651345531853	27.24651345531853
488	27.26873906625874	27.26873906625874
489	27.304281872183594	27.304281872183594
490	27.322806662176845	27.322806662176845
491	27.35439733389564	27.35439733389564
492	27.375259566083628	27.375259566083628
493	27.39810666979747	27.39810666979747
494	27.41337912513125	27.41337912513125
495	27.434631868159464	27.434631868159464
496	27.454889435963175	27.454889435963175
497	27.47482360682799	27.47482360682799
498	27.493790696659495	27.493790696659495
499	27.506795026192208	27.506795026192208
500	27.515063696416796	27.515063696416796
501	27.52142266890214	27.52142266890214
502	27.530775645444656	27.530775645444656
503	27.529177802009052	27.529177802009052
504	27.542753319415244	27.542753319415244
505	27.555714752521773	27.555714752521773
506	27.579237793902724	27.579237793902724
507	27.59398306097329	27.59398306097329
508	27.62988830477029	27.62988830477029
509	27.648274082521198	27.648274082521198
510	27.686154104801247	27.686154104801247
511	27.7083973566919	27.7083973566919
512	27.745346758259213	27.745346758259213
513	27.762015917135276	27.762015917135276
514	27.800012892408546	27.800012892408546
515	27.818149007452803	27.818149007452803
516	27.85897906958528	27.85897906958528
517	27.879918649694314	27.879918649694314
518	27.922190716115445	27.922190716115445
519	27.943897523138595	27.943897523138595
520	27.982222463423263	27.982222463423263
521	28.00553456851803	28.00553456851803
522	28.045921907295043	28.045921907295043
523	28.071146704055554	28.071146704055554
524	28.101854443337537	28.101854443337537
525	28.11890499443268	28.11890499443268
526	28.15330697857632	28.15330697857632
527	28.1815250557322	28.1815250557322
528	28.212548485173887	28.212548485173887
529	28.224371730339687	28.224371730339687
530	28.241103320825736	28.241103320825736
531	28.257479369854995	28.257479369854995
532	28.28037638785677	28.28037638785677
533	28.298430288711927	28.298430288711927
534	28.310931645699156	28.310931645699156
535	28.330243139869758	28.330243139869758
536	28.341862359809063	28.341862359809063
537	28.359092046579185	28.359092046579185
538	28.369205759710006	28.369205759710006
539	28.382341760553448	28.382341760553448
540	28.38599943336077	28.38599943336077
541	28.403727125854893	28.403727125854893
542	28.40762821711978	28.40762821711978
543	28.43050426625966	28.43050426625966
544	28.435978251906043	28.435978251906043
545	28.455048512137353	28.455048512137353
546	28.461137363136547	28.461137363136547
547	28.48892267258315	28.48892267258315
548	28.500472857682468	28.500472857682468
549	28.529845681538543	28.529845681538543
550	28.53648470276957	28.53648470276957
551	28.563094028132948	28.563094028132948
552	28.570255078266005	28.570255078266005
553	28.592698549844965	28.592698549844965
554	28.598412782641148	28.598412782641148
555	28.62785762855863	28.62785762855863
556	28.640212557080304	28.640212557080304
557	28.671889073644596	28.671889073644596
558	28.686760596134533	28.686760596134533
559	28.719235395406834	28.719235395406834
560	28.748912757188897	28.748912757188897
561	28.78931253224672	28.78931253224672
562	28.828954714174138	28.828954714174138
563	28.873190978103704	28.873190978103704
564	28.90734576916123	28.90734576916123
565	28.94236411419397	28.94236411419397
566	28.973543496832733	28.973543496832733
567	29.00775557809251	29.00775557809251
568	29.04144961451984	29.04144961451984
569	29.069390239148284	29.069390239148284
570	29.10775937106994	29.10775937106994
571	29.139161739211012	29.139161739211012
572	29.183776601351536	29.183776601351536
573	29.222872757362623	29.222872757362623
574	29.280995741622913	29.280995741622913
575	29.3254923510878	29.3254923510878
576	29.38069568518082	29.38069568518082
577	29.424465453006647	29.424465453006647
578	29.487935123767713	29.487935123767713
579	29.528021455905403	29.528021455905403
580	29.58546310164738	29.58546310164738
581	29.619816679855717	29.619816679855717
582	29.6747532115715	29.6747532115715
583	29.708789587101155	29.708789587101155
584	29.76562492093304	29.76562492093304
585	29.79356745768942	29.79356745768942
586	29.83555244302759	29.83555244302759
587	29.862141679323422	29.862141679323422
588	29.908232592169245	29.908232592169245
589	29.936636608281482	29.936636608281482
590	29.984148525713582	29.984148525713582
591	30.007990039658093	30.007990039658093
592	30.043744925026324	30.043744925026324
593	30.06220860362028	30.06220860362028
594	30.09230981051557	30.09230981051557
595	30.10514077852918	30.10514077852918
596	30.125335277253463	30.125335277253463
597	30.138785230373863	30.138785230373863
598	30.158530938934117	30.158530938934117
599	30.168109594145367	30.168109594145367
600	30.175819000524413	30.175819000524413
601	30.179263684746164	30.179263684746164
602	30.182968853751504	30.182968853751504
603	30.191659040951855	30.191659040951855
604	30.197594787534854	30.197594787534854
605	30.210702505022574	30.210702505022574
606	30.216627455798918	30.216627455798918
607	30.23011648355001	30.23011648355001
608	30.232753779764796	30.232753779764796
609	30.24704336398168	30.24704336398168
610	30.248942949679346	30.248942949679346
611	30.262211656694962	30.262211656694962
612	30.259953820729937	30.259953820729937
613	30.275762593070972	30.275762593070972
614	30.273848912724837	30.273848912724837
615	30.28841301864289	30.28841301864289
616	30.281550274226575	30.281550274226575
617	30.302714576736964	30.302714576736964
618	30.306314950226696	30.306314950226696
619	30.32819835806162	30.32819835806162
620	30.326759912271765	30.326759912271765
621	30.345467814787746	30.345467814787746
622	30.342649195342652	30.342649195342652
623	30.362187930636775	30.362187930636775
624	30.367046247537147	30.367046247537147
625	30.39452799791056	30.39452799791056
626	30.407492983555684	30.407492983555684
627	30.432404479320645	30.432404479320645
628	30.44311578309518	30.44311578309518
629	30.47119098235632	30.47119098235632
630	30.49307597016766	30.49307597016766
631	30.527765988021677	30.527765988021677
632	30.557162482177933	30.557162482177933
633	30.59481655485007	30.59481655485007
634	30.626709665285777	30.626709665285777
635	30.65934458149524	30.65934458149524
636	30.686102427764165	30.686102427764165
637	30.712169828589307	30.712169828589307
638	30.74573478208901	30.74573478208901
639	30.782818865097667	30.782818865097667
640	30.823966877968285	30.823966877968285
641	30.86084314434218	30.86084314434218
642	30.905807282711304	30.905807282711304
643	30.93737752947186	30.93737752947186
644	30.97913424220999	30.97913424220999
645	31.00453812156943	31.00453812156943
646	31.045357902470652	31.045357902470652
647	31.074794528039163	31.074794528039163
648	31.11882758468867	31.11882758468867
649	31.14686893233364	31.14686893233364
650	31.197805439851617	31.197805439851617
651	31.233503501578017	31.233503501578017
652	31.289658831740518	31.289658831740518
653	31.3303338892527	31.3303338892527
654	31.390879334079756	31.390879334079756
655	31.435828879077285	31.435828879077285
656	31.495492646177354	31.495492646177354
657	31.53481516110278	31.53481516110278
658	31.587151505648826	31.587151505648826
659	31.62637338473384	31.62637338473384
660	31.683636746645128	31.683636746645128
661	31.731506332093755	31.731506332093755
662	31.789713387944325	31.789713387944325
663	31.82715681576333	31.82715681576333
664	31.88186169191312	31.88186169191312
665	31.926553423744707	31.926553423744707
666	31.976680661381764	31.976680661381764
667	32.01698033035884	32.01698033035884
668	32.058662777837	32.058662777837
669	32.10196451250742	32.10196451250742
670	32.15196250060906	32.15196250060906
671	32.20021255938778	32.20021255938778
672	32.249164332236205	32.249164332236205
673	32.299434631920306	32.299434631920306
674	32.35081770942729	32.35081770942729
675	32.40632805521784	32.40632805521784
676	32.45711083343672	32.45711083343672
677	32.51597117142122	32.51597117142122
678	32.559215300175424	32.559215300175424
679	32.61026370888771	32.61026370888771
680	32.64631712913862	32.64631712913862
681	32.697418792047216	32.697418792047216
682	32.73060277380456	32.73060277380456
683	32.780105504458916	32.780105504458916
684	32.813433329093165	32.813433329093165
685	32.86055625524885	32.86055625524885
686	32.88765700537656	32.88765700537656
687	32.932055647448465	32.932055647448465
688	32.95376859648862	32.95376859648862
689	32.992108990247544	32.992108990247544
690	33.013769853745806	33.013769853745806
691	33.052138530235	33.052138530235
692	33.07392312797692	33.07392312797692
693	33.118723881870935	33.118723881870935
694	33.14607612094778	33.14607612094778
695	33.18314298785084	33.18314298785084
696	33.20707027476997	33.20707027476997
697	33.23838984210136	33.23838984210136
698	33.25633199567664	33.25633199567664
699	33.27757298308259	33.27757298308259
700	33.29449784162805	33.29449784162805
701	33.31454574935549	33.31454574935549
702	33.32496446426342	33.32496446426342
703	33.34156615081177	33.34156615081177
704	33.35909349248709	33.35909349248709
705	33.38411608578348	33.38411608578348
706	33.41292052524969	33.41292052524969
707	33.43361093501533	33.43361093501533
708	33.466582516733276	33.466582516733276
709	33.49621555744545	33.49621555744545
710	33.53505031179455	33.53505031179455
711	33.562440892316566	33.562440892316566
712	33.603445701236126	33.603445701236126
713	33.62905509790373	33.62905509790373
714	33.67332739530484	33.67332739530484
715	33.698781171255554	33.698781171255554
716	33.74052754005103	33.74052754005103
717	33.77073219507881	33.77073219507881
718	33.818553185819674	33.818553185819674
719	33.84349544446863	33.84349544446863
720	33.89460216125048	33.89460216125048
721	33.93128528275206	33.93128528275206
722	33.97979315559214	33.97979315559214
723	34.002717796699315	34.002717796699315
724	34.04535526878092	34.04535526878092
725	34.06247341282948	34.06247341282948
726	34.100654760002385	34.100654760002385
727	34.12023564208468	34.12023564208468
728	34.163607747566864	34.163607747566864
729	34.186297736696666	34.186297736696666
730	34.228802437029564	34.228802437029564
731	34.25919526668537	34.25919526668537
732	34.31548521192055	34.31548521192055
733	34.356887221476754	34.356887221476754
734	34.411916434466846	34.411916434466846
735	34.45858309063637	34.45858309063637
736	34.51463288439809	34.51463288439809
737	34.562488356415734	34.562488356415734
738	34.618599984909245	34.618599984909245
739	34.67909542340043	34.67909542340043
740	34.7396512894091	34.7396512894091
741	34.80334570204334	34.80334570204334
742	34.859671528946066	34.859671528946066
743	34.91545028550198	34.91545028550198
744	34.96631226281555	34.96631226281555
745	35.0242889398714	35.0242889398714
746	35.06737874459006	35.06737874459006
747	35.11999459267875	35.11999459267875
748	35.15463849487523	35.15463849487523
749	35.19992763776836	35.19992763776836
750	35.23162847817625	35.23162847817625
751	35.28258833143844	35.28258833143844
752	35.314218186419204	35.314218186419204
753	35.364470987964864	35.364470987964864
754	35.394049086255066	35.394049086255066
755	35.44262236012474	35.44262236012474
756	35.47473964706285	35.47473964706285
757	35.52784121790663	35.52784121790663
758	35.553321201567265	35.553321201567265
759	35.595933768026036	35.595933768026036
760	35.61958015141174	35.61958015141174
761	35.66089841814413	35.66089841814413
762	35.68673187328653	35.68673187328653
763	35.72183963557211	35.72183963557211
764	35.73785514558375	35.73785514558375
765	35.76746421293468	35.76746421293468
766	35.784500870610024	35.784500870610024
767	35.8066202241789	35.8066202241789
768	35.82091439147507	35.82091439147507
769	35.842247255231875	35.842247255231875
770	35.851364349545335	35.851364349545335
771	35.86052972791754	35.86052972791754
772	35.87499982802938	35.87499982802938
773	35.88762093622143	35.88762093622143
774	35.89862470892428	35.89862470892428
775	35.89873934217269	35.89873934217269
776	35.90727521113472	35.90727521113472
777	35.907998041747945	35.907998041747945
778	35.91710994309572	35.91710994309572
779	35.917550342884965	35.917550342884965
780	35.929152182476656	35.929152182476656
781	35.92591117136167	35.92591117136167
782	35.92377399401015	35.92377399401015
783	35.911688429329914	35.911688429329914
784	35.91049788938288	35.91049788938288
785	35.89475725574233	35.89475725574233
786	35.89569653930525	35.89569653930525
787	35.87200778331393	35.87200778331393
788	35.86623012215783	35.86623012215783
789	35.841577352992914	35.841577352992914
790	35.83754199995343	35.83754199995343
791	35.812731815077306	35.812731815077306
792	35.80704807295023	35.80704807295023
793	35.775467617016055	35.775467617016055
794	35.76019033512294	35.76019033512294
795	35.723918618189956	35.723918618189956
796	35.71332004564088	35.71332004564088
797	35.68864744399406	35.68864744399406
798	35.68144049370359	35.68144049370359
799	35.66359713225636	35.66359713225636
800	35.663329030843904	35.663329030843904
801	35.65140537404818	35.65140537404818
802	35.65606344688509	35.65606344688509
803	35.6479754160626	35.6479754160626
804	35.63958963566623	35.63958963566623
805	35.632716781766845	35.632716781766845
806	35.635712078489036	35.635712078489036
807	35.63107203703806	35.63107203703806
808	35.62760504678418	35.62760504678418
809	35.62432372374414	35.62432372374414
810	35.620351637490614	35.620351637490614
811	35.626491262658085	35.626491262658085
812	35.61827812377899	35.61827812377899
813	35.614780766765534	35.614780766765534
814	35.599938520519714	35.599938520519714
815	35.59145427940251	35.59145427940251
816	35.572998139847364	35.572998139847364
817	35.56592311388239	35.56592311388239
818	35.54262225072357	35.54262225072357
819	35.53279933345693	35.53279933345693
820	35.50867353460254	35.50867353460254
821	35.50248408689489	35.50248408689489
822	35.47125143984524	35.47125143984524
823	35.460517679220196	35.460517679220196
824	35.43165564304078	35.43165564304078
825	35.42487911295485	35.42487911295485
826	35.39259697657075	35.39259697657075
827	35.380733827055124	35.380733827055124
828	35.35072727930698	35.35072727930698
829	35.334090702312594	35.334090702312594
830	35.30021918173114	35.30021918173114
831	35.29040951015848	35.29040951015848
832	35.26257990686433	35.26257990686433
833	35.25319938189915	35.25319938189915
834	35.23014495511323	35.23014495511323
835	35.22039173004599	35.22039173004599
836	35.20760731135727	35.20760731135727
837	35.202043515616225	35.202043515616225
838	35.193506756875934	35.193506756875934
839	35.1937518697293	35.1937518697293
840	35.187849926675995	35.187849926675995
841	35.19044814981929	35.19044814981929
842	35.19978601697328	35.19978601697328
843	35.20721016928407	35.20721016928407
844	35.21680558556389	35.21680558556389
845	35.226735797624215	35.226735797624215
846	35.239629202296136	35.239629202296136
847	35.24211908673844	35.24211908673844
848	35.253966554443636	35.253966554443636
849	35.25447036001264	35.25447036001264
850	35.2643042636152	35.2643042636152
851	35.26550696195251	35.26550696195251
852	35.28353305604833	35.28353305604833
853	35.2865760119698	35.2865760119698
854	35.30743184673474	35.30743184673474
855	35.307629507634516	35.307629507634516
856	35.32307938901274	35.32307938901274
857	35.32224734731959	35.32224734731959
858	35.33714422061292	35.33714422061292
859	35.32770671470681	35.32770671470681
860	35.328697551871144	35.328697551871144
861	35.298503582427884	35.298503582427884
862	35.2894710344607	35.2894710344607
863	35.26825506205596	35.26825506205596
864	35.26982538395514	35.26982538395514
865	35.25765765746205	35.25765765746205
866	35.25763714964897	35.25763714964897
867	35.23513220756948	35.23513220756948
868	35.2351286792897	35.2351286792897
869	35.218499084379765	35.218499084379765
870	35.21412645404871	35.21412645404871
871	35.186096810914684	35.186096810914684
872	35.16600341438382	35.16600341438382
873	35.12464621929039	35.12464621929039
874	35.094401283712195	35.094401283712195
875	35.05763943047866	35.05763943047866
876	35.02744211594373	35.02744211594373
877	34.99625407255752	34.99625407255752
878	34.96935834396302	34.96935834396302
879	34.93978224156782	34.93978224156782
880	34.90890791429626	34.90890791429626
881	34.87517477769008	34.87517477769008
882	34.82932707031381	34.82932707031381
883	34.78571021201419	34.78571021201419
884	34.72999284742304	34.72999284742304
885	34.69067448766807	34.69067448766807
886	34.64111980291873	34.64111980291873
887	34.604165264866	34.604165264866
888	34.54669566809938	34.54669566809938
889	34.499115216395126	34.499115216395126
890	34.43830528510955	34.43830528510955
891	34.38675490529354	34.38675490529354
892	34.31855642432379	34.31855642432379
893	34.27090618756199	34.27090618756199
894	34.209865873437664	34.209865873437664
895	34.16612303588305	34.16612303588305
896	34.109203885798905	34.109203885798905
897	34.06776880592015	34.06776880592015
898	34.010569768622005	34.010569768622005
899	33.977430356911746	33.977430356911746
900	33.92462622645259	33.92462622645259
901	33.88807580796992	33.88807580796992
902	33.842722023521084	33.842722023521084
903	33.82113543199907	33.82113543199907
904	33.78904261084311	33.78904261084311
905	33.77499993645803	33.77499993645803
906	33.752044483836286	33.752044483836286
907	33.73574735185143	33.73574735185143
908	33.70832802225457	33.70832802225457
909	33.68684974906574	33.68684974906574
910	33.66022685266812	33.66022685266812
911	33.63213134280117	33.63213134280117
912	33.60631046799581	33.60631046799581
913	33.57742645102966	33.57742645102966
914	33.55208607784047	33.55208607784047
915	33.52735456202239	33.52735456202239
916	33.5095844769927	33.5095844769927
917	33.48133931835527	33.48133931835527
918	33.45219491290869	33.45219491290869
919	33.40818191506689	33.40818191506689
920	33.37876280732457	33.37876280732457
921	33.339152072621964	33.339152072621964
922	33.313455645012326	33.313455645012326
923	33.263828340404345	33.263828340404345
924	33.23189808918768	33.23189808918768
925	33.17600023449058	33.17600023449058
926	33.13834707288784	33.13834707288784
927	33.08246256430124	33.08246256430124
928	33.04479926587826	33.04479926587826
929	32.98939464153068	32.98939464153068
930	32.94775829377451	32.94775829377451
931	32.88294533163278	32.88294533163278
932	32.844165012808325	32.844165012808325
933	32.7844968792177	32.7844968792177
934	32.741502738044645	32.741502738044645
935	32.676247075720035	32.676247075720035
936	32.625182030739666	32.625182030739666
937	32.5586750304721	32.5586750304721
938	32.505312085108336	32.505312085108336
939	32.44393873413162	32.44393873413162
940	32.39061125698369	32.39061125698369
941	32.32281193504426	32.32281193504426
942	32.27255124190253	32.27255124190253
943	32.22657382648768	32.22657382648768
944	32.17998637643876	32.17998637643876
945	32.12619579340533	32.12619579340533
946	32.07290757422547	32.07290757422547
947	32.023061884292105	32.023061884292105
948	31.964745994512047	31.964745994512047
949	31.90823682820066	31.90823682820066
950	31.844464216097826	31.844464216097826
951	31.79119928203712	31.79119928203712
952	31.715648138754602	31.715648138754602
953	31.64919206112828	31.64919206112828
954	31.55898034615337	31.55898034615337
955	31.472057715221393	31.472057715221393
956	31.36133950920018	31.36133950920018
957	31.26452876202643	31.26452876202643
958	31.14985356813672	31.14985356813672
959	31.05797116240645	31.05797116240645
960	30.946289976065657	30.946289976065657
961	30.86508987567401	30.86508987567401
962	30.762215645142625	30.762215645142625
963	30.68672251999417	30.68672251999417
964	30.60125384043665	30.60125384043665
965	30.53836152741146	30.53836152741146
966	30.451658233435772	30.451658233435772
967	30.37978151043069	30.37978151043069
968	30.293943133157686	30.293943133157686
969	30.225573633349043	30.225573633349043
970	30.156441176256656	30.156441176256656
971	30.1094974745532	30.1094974745532
972	30.048946766332946	30.048946766332946
973	30.0039090641189	30.0039090641189
974	29.939341501400865	29.939341501400865
975	29.888973830389446	29.888973830389446
976	29.83579416754965	29.83579416754965
977	29.79822974392808	29.79822974392808
978	29.758664984102687	29.758664984102687
979	29.72372671346924	29.72372671346924
980	29.682366660222904	29.682366660222904
981	29.63716410291449	29.63716410291449
982	29.589650155636956	29.589650155636956
983	29.539814001623913	29.539814001623913
984	29.49470052198113	29.49470052198113
985	29.450574587732152	29.450574587732152
986	29.425585074445262	29.425585074445262
987	29.379660544632628	29.379660544632628
988	29.339672434086673	29.339672434086673
989	29.284824526836623	29.284824526836623
990	29.247608757965736	29.247608757965736
991	29.188706527016354	29.188706527016354
992	29.137109706031833	29.137109706031833
993	29.07090096627254	29.07090096627254
994	29.017075291344998	29.017075291344998
995	28.937974583493588	28.937974583493588
996	28.873933745768277	28.873933745768277
997	28.79568866586268	28.79568866586268
998	28.73592255858619	28.73592255858619
999	28.652390161157918	28.652390161157918
1000	28.590191196819223	28.590191196819223
1001	28.51286077558269	28.51286077558269
1002	28.451496738412647	28.451496738412647
1003	28.366616923138494	28.366616923138494
1004	28.312604410846884	28.312604410846884
1005	28.240807821724978	28.240807821724978
1006	28.18353367809507	28.18353367809507
1007	28.10387039495161	28.10387039495161
1008	28.04312269802986	28.04312269802986
1009	27.96108746254784	27.96108746254784
1010	27.883281250341646	27.883281250341646
1011	27.803063339184817	27.803063339184817
1012	27.724876569292643	27.724876569292643
1013	27.645629989399563	27.645629989399563
1014	27.572302565221733	27.572302565221733
1015	27.503129115234923	27.503129115234923
1016	27.428408050324514	27.428408050324514
1017	27.349816484988143	27.349816484988143
1018	27.276637146208305	27.276637146208305
1019	27.202228822844027	27.202228822844027
1020	27.122113138072947	27.122113138072947
1021	27.05747682120574	27.05747682120574
1022	26.983725814189288	26.983725814189288
1023	26.92379280732567	26.92379280732567
1024	26.83968353440025	26.83968353440025
1025	26.77373895515697	26.77373895515697
1026	26.69303415601865	26.69303415601865
1027	26.63575353676316	26.63575353676316
1028	26.559770552117733	26.559770552117733
1029	26.502828163577846	26.502828163577846
1030	26.425416011676706	26.425416011676706
1031	26.3774111669987	26.3774111669987
1032	26.309575942107188	26.309575942107188
1033	26.271733791919903	26.271733791919903
1034	26.20921858871216	26.20921858871216
1035	26.156623360936468	26.156623360936468
1036	26.090853495571892	26.090853495571892
1037	26.032375481326163	26.032375481326163
1038	25.95595148859683	25.95595148859683
1039	25.90678255743807	25.90678255743807
1040	25.845806277278687	25.845806277278687
1041	25.800160526546506	25.800160526546506
1042	25.7417398384927	25.7417398384927
1043	25.68096233683798	25.68096233683798
1044	25.605507857626815	25.605507857626815
1045	25.530935693944578	25.530935693944578
1046	25.45023485307407	25.45023485307407
1047	25.370897484181974	25.370897484181974
1048	25.29781485586051	25.29781485586051
1049	25.23356016777917	25.23356016777917
1050	25.17533070111691	25.17533070111691
1051	25.11033351615511	25.11033351615511
1052	25.06151297017769	25.06151297017769
1053	25.009388150112457	25.009388150112457
1054	24.95534113403818	24.95534113403818
1055	24.893722701640332	24.893722701640332
1056	24.844359107470623	24.844359107470623
1057	24.77635701462966	24.77635701462966
1058	24.722734040183777	24.722734040183777
1059	24.64895030551274	24.64895030551274
1060	24.60999790690686	24.60999790690686
1061	24.548673979476447	24.548673979476447
1062	24.512414638543728	24.512414638543728
1063	24.45875109499971	24.45875109499971
1064	24.41562331593713	24.41562331593713
1065	24.35456612174976	24.35456612174976
1066	24.31727330492902	24.31727330492902
1067	24.253194421383135	24.253194421383135
1068	24.22155899477607	24.22155899477607
1069	24.16424507457318	24.16424507457318
1070	24.126477883622393	24.126477883622393
1071	24.06476774327815	24.06476774327815
1072	24.026712871007014	24.026712871007014
1073	23.965657181290446	23.965657181290446
1074	23.91796675883168	23.91796675883168
1075	23.862311902407843	23.862311902407843
1076	23.821390927817532	23.821390927817532
1077	23.769660088654316	23.769660088654316
1078	23.723174000072923	23.723174000072923
1079	23.66572854107593	23.66572854107593
1080	23.61965764797108	23.61965764797108
1081	23.556613012984432	23.556613012984432
1082	23.505504397893787	23.505504397893787
1083	23.450323165334893	23.450323165334893
1084	23.38929094223597	23.38929094223597
1085	23.333199599452534	23.333199599452534
1086	23.258764420254625	23.258764420254625
1087	23.19136008807899	23.19136008807899
1088	23.125790294083156	23.125790294083156
1089	23.071019721265515	23.071019721265515
1090	22.996187479920145	22.996187479920145
1091	22.93816705470104	22.93816705470104
1092	22.865857065648633	22.865857065648633
1093	22.803165978956862	22.803165978956862
1094	22.713768774504896	22.713768774504896
1095	22.638410992479518	22.638410992479518
1096	22.55191117362324	22.55191117362324
1097	22.4907081265064	22.4907081265064
1098	22.41136113221098	22.41136113221098
1099	22.359032142362267	22.359032142362267
1100	22.282230447086775	22.282230447086775
1101	22.218102552981772	22.218102552981772
1102	22.127390206192274	22.127390206192274
1103	22.069935544353903	22.069935544353903
1104	21.99647471780083	21.99647471780083
1105	21.945726739852503	21.945726739852503
1106	21.874756176091278	21.874756176091278
1107	21.81774879576146	21.81774879576146
1108	21.75241602492391	21.75241602492391
1109	21.706207448105353	21.706207448105353
1110	21.64002881477216	21.64002881477216
1111	21.57864698761686	21.57864698761686
1112	21.50017529781137	21.50017529781137
1113	21.441142132274443	21.441142132274443
1114	21.376596862246565	21.376596862246565
1115	21.30983211542588	21.30983211542588
1116	21.236848313405766	21.236848313405766
1117	21.16236754330955	21.16236754330955
1118	21.095412912765372	21.095412912765372
1119	21.03115488269599	21.03115488269599
1120	20.976750595185667	20.976750595185667
1121	20.907991735399296	20.907991735399296
1122	20.847354657653888	20.847354657653888
1123	20.766620182821967	20.766620182821967
1124	20.698478932742475	20.698478932742475
1125	20.622956996452846	20.622956996452846
1126	20.557637767602984	20.557637767602984
1127	20.48723471765648	20.48723471765648
1128	20.44595534989777	20.44595534989777
1129	20.3955142024317	20.3955142024317
1130	20.365924944776875	20.365924944776875
1131	20.3250178114726	20.3250178114726
1132	20.324399995671456	20.324399995671456
1133	20.31538522668376	20.31538522668376
1134	20.343726039961357	20.343726039961357
1135	20.35328244782975	20.35328244782975
1136	20.388477870179074	20.388477870179074
1137	20.395309207640885	20.395309207640885
1138	20.422503234195098	20.422503234195098
1139	20.430637642292986	20.430637642292986
1140	20.456193109953134	20.456193109953134
1141	20.462297828096947	20.462297828096947
1142	20.49392496553897	20.49392496553897
1143	20.51557545167381	20.51557545167381
1144	20.545888830048902	20.545888830048902
1145	20.570397506943436	20.570397506943436
1146	20.609687519029038	20.609687519029038
1147	20.6372435660671	20.6372435660671
1148	20.67146697123668	20.67146697123668
1149	20.700784480639904	20.700784480639904
1150	20.73646576234922	20.73646576234922
1151	20.771588915755146	20.771588915755146
1152	20.807487462902085	20.807487462902085
1153	20.845681997985643	20.845681997985643
1154	20.87454808144696	20.87454808144696
1155	20.908755729835896	20.908755729835896
1156	20.935300246606907	20.935300246606907
1157	20.97637632545384	20.97637632545384
1158	21.00448490652677	21.00448490652677
1159	21.049284975387117	21.049284975387117
1160	21.086760439471192	21.086760439471192
1161	21.14098475049191	21.14098475049191
1162	21.174315141377182	21.174315141377182
1163	21.23667054125403	21.23667054125403
1164	21.286507553666894	21.286507553666894
1165	21.36518204978906	21.36518204978906
1166	21.418029779394708	21.418029779394708
1167	21.489060003733478	21.489060003733478
1168	21.531655651044794	21.531655651044794
1169	21.596077031978236	21.596077031978236
1170	21.638954712638757	21.638954712638757
1171	21.69729972268614	21.69729972268614
1172	21.735115624328046	21.735115624328046
1173	21.79711672571741	21.79711672571741
1174	21.83319081438718	21.83319081438718
1175	21.887720282089678	21.887720282089678
1176	21.922248759428918	21.922248759428918
1177	21.978031081910714	21.978031081910714
1178	22.024715106297485	22.024715106297485
1179	22.093277441168656	22.093277441168656
1180	22.153272731793514	22.153272731793514
1181	22.222815668461028	22.222815668461028
1182	22.278898340109766	22.278898340109766
1183	22.34196626421707	22.34196626421707
1184	22.402289529498244	22.402289529498244
1185	22.455995617141873	22.455995617141873
1186	22.50613036778581	22.50613036778581
1187	22.54922591175786	22.54922591175786
1188	22.587519048241823	22.587519048241823
1189	22.62704727370227	22.62704727370227
1190	22.680168890473983	22.680168890473983
1191	22.727104625832414	22.727104625832414
1192	22.783266441199338	22.783266441199338
1193	22.81867691592942	22.81867691592942
1194	22.87759363642033	22.87759363642033
1195	22.920898818253704	22.920898818253704
1196	22.999771391183714	22.999771391183714
1197	23.065552813662727	23.065552813662727
1198	23.151988574184717	23.151988574184717
1199	23.209621433396524	23.209621433396524
1200	23.27576702348248	23.27576702348248
1201	23.31721419998957	23.31721419998957
1202	23.378915450577583	23.378915450577583
1203	23.41060964125292	23.41060964125292
1204	23.46556371892444	23.46556371892444
1205	23.48861700509797	23.48861700509797
1206	23.546058111988813	23.546058111988813
1207	23.57223782426383	23.57223782426383
1208	23.62198940526411	23.62198940526411
1209	23.64950132086318	23.64950132086318
1210	23.70393380510444	23.70393380510444
1211	23.73913074224092	23.73913074224092
1212	23.78371963943746	23.78371963943746
1213	23.802055826841677	23.802055826841677
1214	23.838946727698143	23.838946727698143
1215	23.87128557492716	23.87128557492716
1216	23.919086089709097	23.919086089709097
1217	23.956192261265347	23.956192261265347
1218	24.002952334724284	24.002952334724284
1219	24.045794028255052	24.045794028255052
1220	24.093955744629397	24.093955744629397
1221	24.148262947320905	24.148262947320905
1222	24.19835259771581	24.19835259771581
1223	24.253733488074676	24.253733488074676
1224	24.30235369021829	24.30235369021829
1225	24.35892876394803	24.35892876394803
1226	24.40627518806429	24.40627518806429
1227	24.47237477648895	24.47237477648895
1228	24.527509152579103	24.527509152579103
1229	24.611014560289778	24.611014560289778
1230	24.685122673421503	24.685122673421503
1231	24.77209219535726	24.77209219535726
1232	24.841592958407062	24.841592958407062
1233	24.928235382067292	24.928235382067292
1234	24.9916541482321	24.9916541482321
1235	25.077623399054698	25.077623399054698
1236	25.132853387980955	25.132853387980955
1237	25.214014192720832	25.214014192720832
1238	25.27572049774312	25.27572049774312
1239	25.364987734622126	25.364987734622126
1240	25.428884977412828	25.428884977412828
1241	25.518947999588335	25.518947999588335
1242	25.585613878093667	25.585613878093667
1243	25.683272652065096	25.683272652065096
1244	25.761668188123757	25.761668188123757
1245	25.855610358604313	25.855610358604313
1246	25.93642687266001	25.93642687266001
1247	26.03738435024151	26.03738435024151
1248	26.119852220345305	26.119852220345305
1249	26.217917553842895	26.217917553842895
1250	26.30305466251516	26.30305466251516
1251	26.395819651717176	26.395819651717176
1252	26.48978661378454	26.48978661378454
1253	26.590323901875752	26.590323901875752
1254	26.681452400892837	26.681452400892837
1255	26.770755968654868	26.770755968654868
1256	26.854447245722046	26.854447245722046
1257	26.944839856607757	26.944839856607757
1258	27.03692741869486	27.03692741869486
1259	27.130859498376466	27.130859498376466
1260	27.23492855084666	27.23492855084666
1261	27.333356986161736	27.333356986161736
1262	27.444740030017055	27.444740030017055
1263	27.534887997622263	27.534887997622263
1264	27.645533226931473	27.645533226931473
1265	27.74671154067717	27.74671154067717
1266	27.863644241850672	27.863644241850672
1267	27.95846916010125	27.95846916010125
1268	28.06963656876814	28.06963656876814
1269	28.157314593482393	28.157314593482393
1270	28.270731060162518	28.270731060162518
1271	28.35954641901595	28.35954641901595
1272	28.47733597246379	28.47733597246379
1273	28.568454333303848	28.568454333303848
1274	28.6749368742299	28.6749368742299
1275	28.765719235973712	28.765719235973712
1276	28.876123299394852	28.876123299394852
1277	28.96299040196835	28.96299040196835
1278	29.062268460338814	29.062268460338814
1279	29.151551222831404	29.151551222831404
1280	29.250516408914642	29.250516408914642
1281	29.326445718936455	29.326445718936455
1282	29.402232119472163	29.402232119472163
1283	29.47752568618317	29.47752568618317
1284	29.55352434183592	29.55352434183592
1285	29.622883911697176	29.622883911697176
1286	29.698608657553564	29.698608657553564
1287	29.770591704024987	29.770591704024987
1288	29.834262747036114	29.834262747036114
1289	29.91102158290471	29.91102158290471
1290	29.972473300583182	29.972473300583182
1291	30.032867836230505	30.032867836230505
1292	30.089908678117247	30.089908678117247
1293	30.15853328686019	30.15853328686019
1294	30.215364726618944	30.215364726618944
1295	30.27350433478855	30.27350433478855
1296	30.32159368034456	30.32159368034456
1297	30.39830182267636	30.39830182267636
1298	30.45339992799207	30.45339992799207
1299	30.521498164364097	30.521498164364097
1300	30.566177353191517	30.566177353191517
1301	30.629310235890806	30.629310235890806
1302	30.66359212991732	30.66359212991732
1303	30.719728399138845	30.719728399138845
1304	30.74747633602091	30.74747633602091
1305	30.801625302533232	30.801625302533232
1306	30.837062168624335	30.837062168624335
1307	30.8989335853298	30.8989335853298
1308	30.933353141784725	30.933353141784725
1309	30.99830002029994	30.99830002029994
1310	31.041214824688556	31.041214824688556
1311	31.1149205675266	31.1149205675266
1312	31.158612536358888	31.158612536358888
1313	31.218664570072242	31.218664570072242
1314	31.257871976415935	31.257871976415935
1315	31.317253053390754	31.317253053390754
1316	31.36768615143197	31.36768615143197
1317	31.4355250225393	31.4355250225393
1318	31.490289877606465	31.490289877606465
1319	31.55112838281315	31.55112838281315
1320	31.616723242366874	31.616723242366874
1321	31.69273857479732	31.69273857479732
1322	31.758122918355067	31.758122918355067
1323	31.819484578189556	31.819484578189556
1324	31.877588443049387	31.877588443049387
1325	31.937389291317153	31.937389291317153
1326	31.998186897845642	31.998186897845642
1327	32.05094651817969	32.05094651817969
1328	32.11383208455754	32.11383208455754
1329	32.166459281744416	32.166459281744416
1330	32.2331047750712	32.2331047750712
1331	32.27871912348886	32.27871912348886
1332	32.34128401136732	32.34128401136732
1333	32.39171961447889	32.39171961447889
1334	32.46538007392168	32.46538007392168
1335	32.516918062283985	32.516918062283985
1336	32.5962915031433	32.5962915031433
1337	32.647184835674075	32.647184835674075
1338	32.715616575727346	32.715616575727346
1339	32.76333406854285	32.76333406854285
1340	32.84159583248957	32.84159583248957
1341	32.89173533011225	32.89173533011225
1342	32.96939926712879	32.96939926712879
1343	33.02934280637982	33.02934280637982
1344	33.11990933703556	33.11990933703556
1345	33.19378146594801	33.19378146594801
1346	33.29033934768377	33.29033934768377
1347	33.366290727443	33.366290727443
1348	33.46572767796179	33.46572767796179
1349	33.549195067672784	33.549195067672784
1350	33.6440395245146	33.6440395245146
1351	33.71039717637289	33.71039717637289
1352	33.789857479952005	33.789857479952005
1353	33.850116906390824	33.850116906390824
1354	33.9224055941518	33.9224055941518
1355	33.98863685200621	33.98863685200621
1356	34.065910367104706	34.065910367104706
1357	34.14303568780025	34.14303568780025
1358	34.22195226355643	34.22195226355643
1359	34.30544840684067	34.30544840684067
1360	34.39401158316933	34.39401158316933
1361	34.49443065865548	34.49443065865548
1362	34.58709513033289	34.58709513033289
1363	34.68883797272293	34.68883797272293
1364	34.77771949692578	34.77771949692578
1365	34.881442657423705	34.881442657423705
1366	34.970881476821084	34.970881476821084
1367	35.07085699558225	35.07085699558225
1368	35.16382802113253	35.16382802113253
1369	35.27945148822337	35.27945148822337
1370	35.36501807899098	35.36501807899098
1371	35.46468207307557	35.46468207307557
1372	35.54606298096844	35.54606298096844
1373	35.65449725095764	35.65449725095764
1374	35.739133024351794	35.739133024351794
1375	35.842669487870715	35.842669487870715
1376	35.915000158532635	35.915000158532635
1377	36.01443147894232	36.01443147894232
1378	36.09780962069839	36.09780962069839
1379	36.20005687919265	36.20005687919265
1380	36.26750811228755	36.26750811228755
1381	36.349773776612324	36.349773776612324
1382	36.415480170809644	36.415480170809644
1383	36.48627964974957	36.48627964974957
1384	36.54404284979167	36.54404284979167
1385	36.624874965476856	36.624874965476856
1386	36.696703065032274	36.696703065032274
1387	36.77144316185983	36.77144316185983
1388	36.84080719479822	36.84080719479822
1389	36.915759138403246	36.915759138403246
1390	36.98843672733145	36.98843672733145
1391	37.060442874847794	37.060442874847794
1392	37.13920665284065	37.13920665284065
1393	37.20570320417924	37.20570320417924
1394	37.27749880409954	37.27749880409954
1395	37.34651190886143	37.34651190886143
1396	37.429842796860605	37.429842796860605
1397	37.49857985904367	37.49857985904367
1398	37.58139659701503	37.58139659701503
1399	37.64834775757792	37.64834775757792
1400	37.72206922530833	37.72206922530833
1401	37.760985070916846	37.760985070916846
1402	37.83050393937999	37.83050393937999
1403	37.88041308522593	37.88041308522593
1404	37.95102294120307	37.95102294120307
1405	38.00850814411032	38.00850814411032
1406	38.096133366819274	38.096133366819274
1407	38.16007556859595	38.16007556859595
1408	38.24409193784655	38.24409193784655
1409	38.303219243038434	38.303219243038434
1410	38.39548973817002	38.39548973817002
1411	38.46015785848351	38.46015785848351
1412	38.555657276953944	38.555657276953944
1413	38.62176918067621	38.62176918067621
1414	38.7058555392562	38.7058555392562
1415	38.76927132477347	38.76927132477347
1416	38.85059360310599	38.85059360310599
1417	38.91964393832596	38.91964393832596
1418	39.00050688989504	39.00050688989504
1419	39.07358482525427	39.07358482525427
1420	39.1445600184462	39.1445600184462
1421	39.19148712525907	39.19148712525907
1422	39.23927877024465	39.23927877024465
1423	39.29200051815362	39.29200051815362
1424	39.35643906159743	39.35643906159743
1425	39.42531737738397	39.42531737738397
1426	39.488627786673945	39.488627786673945
1427	39.552975639529855	39.552975639529855
1428	39.62053943364478	39.62053943364478
1429	39.69488813948647	39.69488813948647
1430	39.76330798939181	39.76330798939181
1431	39.846361962783575	39.846361962783575
1432	39.904028562133604	39.904028562133604
1433	39.96676322011142	39.96676322011142
1434	39.999395349718114	39.999395349718114
1435	40.05588438337277	40.05588438337277
1436	40.09906160269416	40.09906160269416
1437	40.16591753670947	40.16591753670947
1438	40.20031864605207	40.20031864605207
1439	40.257190831469266	40.257190831469266
1440	40.290722558742566	40.290722558742566
1441	40.35141047324703	40.35141047324703
1442	40.39539975432066	40.39539975432066
1443	40.47081594092928	40.47081594092928
1444	40.52034043175972	40.52034043175972
1445	40.60480360008933	40.60480360008933
1446	40.661804916282534	40.661804916282534
1447	40.737989410499615	40.737989410499615
1448	40.78730052260927	40.78730052260927
1449	40.866969517203	40.866969517203
1450	40.93170641742266	40.93170641742266
1451	41.02412643701169	41.02412643701169
1452	41.105646468035005	41.105646468035005
1453	41.20813604695039	41.20813604695039
1454	41.3122004040373	41.3122004040373
1455	41.42681280501106	41.42681280501106
1456	41.52357981535272	41.52357981535272
1457	41.62788518606312	41.62788518606312
1458	41.7301977477219	41.7301977477219
1459	41.84534970158499	41.84534970158499
1460	41.9568901366499	41.9568901366499
1461	42.067057418468245	42.067057418468245
1462	42.1741180724916	42.1741180724916
1463	42.271516142807904	42.271516142807904
1464	42.38171183479842	42.38171183479842
1465	42.493976557998295	42.493976557998295
1466	42.617726664908865	42.617726664908865
1467	42.741604939731715	42.741604939731715
1468	42.88372889530639	42.88372889530639
1469	43.00374344684237	43.00374344684237
1470	43.11737724633245	43.11737724633245
1471	43.20628114596792	43.20628114596792
1472	43.331408635935574	43.331408635935574
1473	43.45363172304597	43.45363172304597
1474	43.59929101228008	43.59929101228008
1475	43.718806127164754	43.718806127164754
1476	43.86862575972974	43.86862575972974
1477	43.98417669067074	43.98417669067074
1478	44.11891809980181	44.11891809980181
1479	44.24029933996581	44.24029933996581
1480	44.38242488494741	44.38242488494741
1481	44.501579420527555	44.501579420527555
1482	44.64812126655177	44.64812126655177
1483	44.767228914977885	44.767228914977885
1484	44.90024572060864	44.90024572060864
1485	45.029577168046764	45.029577168046764
1486	45.1765107010021	45.1765107010021
1487	45.306285120779066	45.306285120779066
1488	45.45753054929944	45.45753054929944
1489	45.59271745812737	45.59271745812737
1490	45.738619424322636	45.738619424322636
1491	45.87899441267278	45.87899441267278
1492	46.032529194920976	46.032529194920976
1493	46.18145692686305	46.18145692686305
1494	46.322448595583964	46.322448595583964
1495	46.45639063026008	46.45639063026008
1496	46.577740149707346	46.577740149707346
1497	46.70627866390537	46.70627866390537
1498	46.824223138326126	46.824223138326126
1499	46.94825529448154	46.94825529448154
1500	47.0618835250629	47.0618835250629
1501	47.18188702747081	47.18188702747081
1502	47.28644839535406	47.28644839535406
1503	47.4156482568994	47.4156482568994
1504	47.5273193540297	47.5273193540297
1505	47.671463234769234	47.671463234769234
1506	47.79340525403919	47.79340525403919
1507	47.92623480242855	47.92623480242855
1508	48.04348018024537	48.04348018024537
1509	48.18610166833918	48.18610166833918
1510	48.29725040591397	48.29725040591397
1511	48.43259883439275	48.43259883439275
1512	48.550837841308834	48.550837841308834
1513	48.680795090709196	48.680795090709196
1514	48.777322593839145	48.777322593839145
1515	48.90556965648208	48.90556965648208
1516	49.01420375775777	49.01420375775777
1517	49.14055495511313	49.14055495511313
1518	49.25584285676783	49.25584285676783
1519	49.39005548454287	49.39005548454287
1520	49.49129147324697	49.49129147324697
1521	49.60674971493839	49.60674971493839
1522	49.72136842702352	49.72136842702352
1523	49.85415941801299	49.85415941801299
1524	49.981881445302164	49.981881445302164
1525	50.116645980022696	50.116645980022696
1526	50.24384037399466	50.24384037399466
1527	50.36656840224303	50.36656840224303
1528	50.479375526299094	50.479375526299094
1529	50.59182147556218	50.59182147556218
1530	50.70435748813229	50.70435748813229
1531	50.80613626144535	50.80613626144535
1532	50.92779055786122	50.92779055786122
1533	51.03133318597878	51.03133318597878
1534	51.14113709305611	51.14113709305611
1535	51.25316199188392	51.25316199188392
1536	51.39139692744669	51.39139692744669
1537	51.51507916118648	51.51507916118648
1538	51.65701386966272	51.65701386966272
1539	51.76367209901117	51.76367209901117
1540	51.8838098549908	51.8838098549908
1541	51.977762587126385	51.977762587126385
1542	52.08485291620426	52.08485291620426
1543	52.17393990565639	52.17393990565639
1544	52.27721188755795	52.27721188755795
1545	52.35756837835663	52.35756837835663
1546	52.45895635827985	52.45895635827985
1547	52.53865630175698	52.53865630175698
1548	52.65357353847463	52.65357353847463
1549	52.75152348115601	52.75152348115601
1550	52.87236489140733	52.87236489140733
1551	52.966753096963316	52.966753096963316
1552	53.077813867054346	53.077813867054346
1553	53.17458469865636	53.17458469865636
1554	53.293243811631264	53.293243811631264
1555	53.40285718250843	53.40285718250843
1556	53.52179101416419	53.52179101416419
1557	53.62879413149305	53.62879413149305
1558	53.73925582247528	53.73925582247528
1559	53.84589098465723	53.84589098465723
1560	53.95879332590307	53.95879332590307
1561	54.0806294528747	54.0806294528747
1562	54.21048359712267	54.21048359712267
1563	54.335644417472444	54.335644417472444
1564	54.444118872854574	54.444118872854574
1565	54.55800361533789	54.55800361533789
1566	54.66241763701631	54.66241763701631
1567	54.78674468945084	54.78674468945084
1568	54.89666564934991	54.89666564934991
1569	55.02588897600181	55.02588897600181
1570	55.11931676945672	55.11931676945672
1571	55.23108036972721	55.23108036972721
1572	55.32254055039531	55.32254055039531
1573	55.43597911855537	55.43597911855537
1574	55.52073613666981	55.52073613666981
1575	55.61899269173636	55.61899269173636
1576	55.683427046694305	55.683427046694305
1577	55.76460656246784	55.76460656246784
1578	55.80799870495085	55.80799870495085
1579	55.87066010838586	55.87066010838586
1580	55.907543999489874	55.907543999489874
1581	55.96614117572651	55.96614117572651
1582	55.99692091736785	55.99692091736785
1583	56.043271092596655	56.043271092596655
1584	56.06773212787974	56.06773212787974
1585	56.12501035441256	56.12501035441256
1586	56.172819590528505	56.172819590528505
1587	56.22700365795777	56.22700365795777
1588	56.24870297202529	56.24870297202529
1589	56.27650120611803	56.27650120611803
1590	56.28285420593795	56.28285420593795
1591	56.30666101027494	56.30666101027494
1592	56.3339150128531	56.3339150128531
1593	56.3685984184382	56.3685984184382
1594	56.40548209741924	56.40548209741924
1595	56.451613278466844	56.451613278466844
1596	56.48773301178935	56.48773301178935
1597	56.52882994124777	56.52882994124777
1598	56.574936151529954	56.574936151529954
1599	56.62128576889355	56.62128576889355
1600	56.692699830708236	56.692699830708236
1601	56.75184259027622	56.75184259027622
1602	56.828654508150436	56.828654508150436
1603	56.90108956330107	56.90108956330107
1604	56.97794244383995	56.97794244383995
1605	57.064227270714035	57.064227270714035
1606	57.177407257063194	57.177407257063194
1607	57.28877741908677	57.28877741908677
1608	57.412010346790254	57.412010346790254
1609	57.52865985870132	57.52865985870132
1610	57.66180611091879	57.66180611091879
1611	57.76222660615653	57.76222660615653
1612	57.86940002351258	57.86940002351258
1613	57.961906741325166	57.961906741325166
1614	58.060731892712674	58.060731892712674
1615	58.13039259091582	58.13039259091582
1616	58.21812761103216	58.21812761103216
1617	58.2813436627928	58.2813436627928
1618	58.36136637141168	58.36136637141168
1619	58.422490013449064	58.422490013449064
1620	58.491408087609145	58.491408087609145
1621	58.548471502073966	58.548471502073966
1622	58.62012574934888	58.62012574934888
1623	58.69205679508501	58.69205679508501
1624	58.778307910359736	58.778307910359736
1625	58.84636586153696	58.84636586153696
1626	58.914181422673494	58.914181422673494
1627	58.9728331497064	58.9728331497064
1628	59.008091855445336	59.008091855445336
1629	59.04358460230708	59.04358460230708
1630	59.0928328255565	59.0928328255565
1631	59.143727787074475	59.143727787074475
1632	59.18130001337705	59.18130001337705
1633	59.22562650008432	59.22562650008432
1634	59.280208414767976	59.280208414767976
1635	59.33791648193833	59.33791648193833
1636	59.39825779908299	59.39825779908299
1637	59.48119942176191	59.48119942176191
1638	59.55216380316311	59.55216380316311
1639	59.641775799613534	59.641775799613534
1640	59.70209006214864	59.70209006214864
1641	59.78710373656408	59.78710373656408
1642	59.84075843606856	59.84075843606856
1643	59.92604156365229	59.92604156365229
1644	59.99264190036961	59.99264190036961
1645	60.088195447181235	60.088195447181235
1646	60.159902573309566	60.159902573309566
1647	60.24230974051476	60.24230974051476
1648	60.308625979237505	60.308625979237505
1649	60.40763934453074	60.40763934453074
1650	60.47648459242782	60.47648459242782
1651	60.5532227491106	60.5532227491106
1652	60.6048345370387	60.6048345370387
1653	60.691030539345576	60.691030539345576
1654	60.76571971275183	60.76571971275183
1655	60.859891110143515	60.859891110143515
1656	60.94183680297107	60.94183680297107
1657	61.03124649035763	61.03124649035763
1658	61.124101116845765	61.124101116845765
1659	61.21458197359287	61.21458197359287
1660	61.29630827617003	61.29630827617003
1661	61.37094946279794	61.37094946279794
1662	61.4517905823769	61.4517905823769
1663	61.531841749310416	61.531841749310416
1664	61.611710170515906	61.611710170515906
1665	61.68063397328525	61.68063397328525
1666	61.73967664149013	61.73967664149013
1667	61.80527750786215	61.80527750786215
1668	61.890129971504265	61.890129971504265
1669	61.96283450404755	61.96283450404755
1670	62.042807429076625	62.042807429076625
1671	62.100528404076954	62.100528404076954
1672	62.174861317917646	62.174861317917646
1673	62.2479248936927	62.2479248936927
1674	62.34330562887402	62.34330562887402
1675	62.42068817826863	62.42068817826863
1676	62.520375900035255	62.520375900035255
1677	62.58839633660987	62.58839633660987
1678	62.67026010071406	62.67026010071406
1679	62.71987857315409	62.71987857315409
1680	62.8044664913479	62.8044664913479
1681	62.87644965199097	62.87644965199097
1682	62.976149165304136	62.976149165304136
1683	63.050405278432564	63.050405278432564
1684	63.15228622248412	63.15228622248412
1685	63.2421614892875	63.2421614892875
1686	63.35629477223339	63.35629477223339
1687	63.45210427880379	63.45210427880379
1688	63.547229413698595	63.547229413698595
1689	63.643636675061394	63.643636675061394
1690	63.77122076439532	63.77122076439532
1691	63.87315455360168	63.87315455360168
1692	63.975472132640476	63.975472132640476
1693	64.06646427691223	64.06646427691223
1694	64.16271875555876	64.16271875555876
1695	64.24642904731014	64.24642904731014
1696	64.32291079291899	64.32291079291899
1697	64.40154360558242	64.40154360558242
1698	64.47893880049756	64.47893880049756
1699	64.57181521365612	64.57181521365612
1700	64.68921598556608	64.68921598556608
1701	64.81094236425743	64.81094236425743
1702	64.91959482293257	64.91959482293257
1703	65.0411797353041	65.0411797353041
1704	65.15651427621343	65.15651427621343
1705	65.2838264083361	65.2838264083361
1706	65.39707902726255	65.39707902726255
1707	65.52315624939206	65.52315624939206
1708	65.62708233639903	65.62708233639903
1709	65.74772247043074	65.74772247043074
1710	65.83930590473865	65.83930590473865
1711	65.96624124692208	65.96624124692208
1712	66.08435271959888	66.08435271959888
1713	66.2339848558837	66.2339848558837
1714	66.37177307254379	66.37177307254379
1715	66.54446696343636	66.54446696343636
1716	66.69057132336604	66.69057132336604
1717	66.84534475243227	66.84534475243227
1718	66.98733683928965	66.98733683928965
1719	67.1557233929455	67.1557233929455
1720	67.32064911481348	67.32064911481348
1721	67.49414503774663	67.49414503774663
1722	67.63418558375159	67.63418558375159
1723	67.76756734301085	67.76756734301085
1724	67.85734943602958	67.85734943602958
1725	67.95915565951518	67.95915565951518
1726	68.04332874920073	68.04332874920073
1727	68.13295166102624	68.13295166102624
1728	68.20794380376907	68.20794380376907
1729	68.28905474221898	68.28905474221898
1730	68.35725949252134	68.35725949252134
1731	68.42390185382246	68.42390185382246
1732	68.49353884318744	68.49353884318744
1733	68.5597031482774	68.5597031482774
1734	68.59834778672723	68.59834778672723
1735	68.63375519242351	68.63375519242351
1736	68.6902311608366	68.6902311608366
1737	68.7322261684017	68.7322261684017
1738	68.77461122119136	68.77461122119136
1739	68.8118811682153	68.8118811682153
1740	68.8403776246426	68.8403776246426
1741	68.84473820366131	68.84473820366131
1742	68.85035479089342	68.85035479089342
1743	68.86182100316316	68.86182100316316
1744	68.89563295671113	68.89563295671113
1745	68.9151474199551	68.9151474199551
1746	68.94774601636358	68.94774601636358
1747	68.95828137961038	68.95828137961038
1748	68.97052780656054	68.97052780656054
1749	68.97825501518538	68.97825501518538
1750	69.01256747084958	69.01256747084958
1751	69.02960476138519	69.02960476138519
1752	69.07640579698054	69.07640579698054
1753	69.10378211584568	69.10378211584568
1754	69.12259361057724	69.12259361057724
1755	69.12539685189532	69.12539685189532
1756	69.1707673674182	69.1707673674182
1757	69.22133031998717	69.22133031998717
1758	69.26856819800919	69.26856819800919
1759	69.29221466148672	69.29221466148672
1760	69.31969024722984	69.31969024722984
1761	69.32808232372702	69.32808232372702
1762	69.33178553008521	69.33178553008521
1763	69.32462691668692	69.32462691668692
1764	69.32732903803745	69.32732903803745
1765	69.35231193784205	69.35231193784205
1766	69.38189051083397	69.38189051083397
1767	69.43008317749147	69.43008317749147
1768	69.48039290060166	69.48039290060166
1769	69.5560113174634	69.5560113174634
1770	69.61232209098873	69.61232209098873
1771	69.64917435563181	69.64917435563181
1772	69.66941468535313	69.66941468535313
1773	69.70426309308753	69.70426309308753
1774	69.73413077244152	69.73413077244152
1775	69.78979998808099	69.78979998808099
1776	69.81174420779902	69.81174420779902
1777	69.86525249564784	69.86525249564784
1778	69.89267969804438	69.89267969804438
1779	69.95409101120723	69.95409101120723
1780	70.00004099106204	70.00004099106204
1781	70.04850598779754	70.04850598779754
1782	70.07312043373078	70.07312043373078
1783	70.10638094216019	70.10638094216019
1784	70.07008110460374	70.07008110460374
1785	70.04959061985534	70.04959061985534
1786	69.99718771001102	69.99718771001102
1787	69.97131552173369	69.97131552173369
1788	69.91641119942415	69.91641119942415
1789	69.87172559004141	69.87172559004141
1790	69.7580752181526	69.7580752181526
1791	69.67447894383483	69.67447894383483
1792	69.60441274673718	69.60441274673718
1793	69.57042683748584	69.57042683748584
1794	69.51874866141853	69.51874866141853
1795	69.48857734610195	69.48857734610195
1796	69.42216324302899	69.42216324302899
1797	69.36418925508933	69.36418925508933
1798	69.30470452150594	69.30470452150594
1799	69.28366093832932	69.28366093832932
1800	69.26222998988428	69.26222998988428
1801	69.23069011013912	69.23069011013912
1802	69.1911407256149	69.1911407256149
1803	69.16280277309949	69.16280277309949
1804	69.13250623385379	69.13250623385379
1805	69.1048302451845	69.1048302451845
1806	69.11812109623395	69.11812109623395
1807	69.1099585500604	69.1099585500604
1808	69.10278129557663	69.10278129557663
1809	69.098358636389	69.098358636389
1810	69.09420341475217	69.09420341475217
1811	69.06139283920844	69.06139283920844
1812	69.03522650696353	69.03522650696353
1813	68.996000463425	68.996000463425
1814	68.96316514417165	68.96316514417165
1815	68.91619926173234	68.91619926173234
1816	68.87867594395742	68.87867594395742
1817	68.78244469144617	68.78244469144617
1818	68.72215655267306	68.72215655267306
1819	68.61592299326884	68.61592299326884
1820	68.51306627800517	68.51306627800517
1821	68.38791415376187	68.38791415376187
1822	68.27171785458911	68.27171785458911
1823	68.14972932369659	68.14972932369659
1824	68.03175588408621	68.03175588408621
1825	67.91053598830712	67.91053598830712
1826	67.82018675124603	67.82018675124603
1827	67.72007769755305	67.72007769755305
1828	67.62939577691157	67.62939577691157
1829	67.52844883683427	67.52844883683427
1830	67.41640218102451	67.41640218102451
1831	67.27141537743675	67.27141537743675
1832	67.10107517531632	67.10107517531632
1833	66.9463203324004	66.9463203324004
1834	66.78341585089372	66.78341585089372
1835	66.60706865193983	66.60706865193983
1836	66.39473492297255	66.39473492297255
1837	66.17094075338203	66.17094075338203
1838	65.97881076619288	65.97881076619288
1839	65.7673530616884	65.7673530616884
1840	65.54151724759767	65.54151724759767
1841	65.30562992145262	65.30562992145262
1842	65.02548416133588	65.02548416133588
1843	64.73011159002141	64.73011159002141
1844	64.39710517333738	64.39710517333738
1845	64.0748833448441	64.0748833448441
1846	63.7188030742986	63.7188030742986
1847	63.37346005361997	63.37346005361997
1848	63.00800562972535	63.00800562972535
1849	62.6540442575992	62.6540442575992
1850	62.27422265869978	62.27422265869978
1851	61.92871158284844	61.92871158284844
1852	61.58748098411809	61.58748098411809
1853	61.230025933572655	61.230025933572655
1854	60.84964738034776	60.84964738034776
1855	60.508238705430145	60.508238705430145
1856	60.202629270998266	60.202629270998266
1857	59.90588611706887	59.90588611706887
1858	59.619578066112076	59.619578066112076
1859	59.3115269200543	59.3115269200543
1860	58.98515867863311	58.98515867863311
1861	58.699659850026826	58.699659850026826
1862	58.433598822619736	58.433598822619736
1863	58.16836554473241	58.16836554473241
1864	57.92865500415089	57.92865500415089
1865	57.703919538683756	57.703919538683756
1866	57.43942042061501	57.43942042061501
1867	57.1863539379752	57.1863539379752
1868	56.91361093276179	56.91361093276179
1869	56.66655295753603	56.66655295753603
1870	56.42482069794691	56.42482069794691
1871	56.17591467758936	56.17591467758936
1872	55.91827130864318	55.91827130864318
1873	55.64380627424589	55.64380627424589
1874	55.36050331183981	55.36050331183981
1875	55.08036011665426	55.08036011665426
1876	54.81470069463789	54.81470069463789
1877	54.53084079532293	54.53084079532293
1878	54.24395295088819	54.24395295088819
1879	53.939446620633824	53.939446620633824
1880	53.6785040431762	53.6785040431762
1881	53.41095878640824	53.41095878640824
1882	53.1623435884012	53.1623435884012
1883	52.917585215060384	52.917585215060384
1884	52.65846043156771	52.65846043156771
1885	52.432041409669246	52.432041409669246
1886	52.188401271101576	52.188401271101576
1887	51.94927272096761	51.94927272096761
1888	51.70845224372614	51.70845224372614
1889	51.53789717990949	51.53789717990949
1890	51.36147871054865	51.36147871054865
1891	51.210975208976436	51.210975208976436
1892	51.08175847033014	51.08175847033014
1893	50.933156907941814	50.933156907941814
1894	50.788614004311704	50.788614004311704
1895	50.64466391276916	50.64466391276916
1896	50.49418178283909	50.49418178283909
1897	50.31688965447582	50.31688965447582
1898	50.110295211528715	50.110295211528715
1899	49.925712888958024	49.925712888958024
1900	49.740840002527904	49.740840002527904
1901	49.58813536383419	49.58813536383419
1902	49.404832478913434	49.404832478913434
1903	49.23518865711277	49.23518865711277
1904	49.069636114628864	49.069636114628864
1905	48.85502124340761	48.85502124340761
1906	48.635114739275444	48.635114739275444
1907	48.4506000966702	48.4506000966702
1908	48.218455783949196	48.218455783949196
1909	48.021718061929306	48.021718061929306
1910	47.79667162792313	47.79667162792313
1911	47.567920569879	47.567920569879
1912	47.3910550235901	47.3910550235901
1913	47.21069922208256	47.21069922208256
1914	47.006141666207704	47.006141666207704
1915	46.81599224814806	46.81599224814806
1916	46.55925180795825	46.55925180795825
1917	46.29087405175675	46.29087405175675
1918	46.087286926587446	46.087286926587446
1919	45.96706969887163	45.96706969887163
1920	45.85427253483586	45.85427253483586
1921	45.765009279146504	45.765009279146504
1922	45.66538837016927	45.66538837016927
1923	45.60513947397957	45.60513947397957
1924	45.58094875747496	45.58094875747496
1925	45.568274108690005	45.568274108690005
1926	45.53853686227808	45.53853686227808
1927	45.494257678048136	45.494257678048136
1928	45.468504585733186	45.468504585733186
1929	45.46628577418607	45.46628577418607
1930	45.440404885279946	45.440404885279946
1931	45.38092088817407	45.38092088817407
1932	45.36087519619058	45.36087519619058
1933	45.335235108873306	45.335235108873306
1934	45.29003647785063	45.29003647785063
1935	45.257521044597375	45.257521044597375
1936	45.201664694769875	45.201664694769875
1937	45.19270363119908	45.19270363119908
1938	45.18565204490019	45.18565204490019
1939	45.18628433822276	45.18628433822276
1940	45.14941059791605	45.14941059791605
1941	45.0913106424253	45.0913106424253
1942	45.02653069741553	45.02653069741553
1943	44.94983724957259	44.94983724957259
1944	44.855539252346304	44.855539252346304
1945	44.736252006962786	44.736252006962786
1946	44.59309013479815	44.59309013479815
1947	44.40279365384079	44.40279365384079
1948	44.24476563715754	44.24476563715754
1949	44.133647160607	44.133647160607
1950	44.02358842952103	44.02358842952103
1951	43.86126842003186	43.86126842003186
1952	43.70964135191411	43.70964135191411
1953	43.52313205763367	43.52313205763367
1954	43.28740050897089	43.28740050897089
1955	43.009658478832144	43.009658478832144
1956	42.69676830119357	42.69676830119357
1957	42.41579708321607	42.41579708321607
1958	42.244246450771854	42.244246450771854
1959	42.07778394655584	42.07778394655584
1960	41.95343387308388	41.95343387308388
1961	41.81989726028368	41.81989726028368
1962	41.76006288235123	41.76006288235123
1963	41.68146917266734	41.68146917266734
1964	41.656255594359045	41.656255594359045
1965	41.61900296313229	41.61900296313229
1966	41.55065330111017	41.55065330111017
1967	41.511469484763076	41.511469484763076
1968	41.5003595752285	41.5003595752285
1969	41.54428217582391	41.54428217582391
1970	41.56211285274103	41.56211285274103
1971	41.596429072110084	41.596429072110084
1972	41.62001439171497	41.62001439171497
1973	41.6970297433205	41.6970297433205
1974	41.807954538229154	41.807954538229154
1975	41.927346005936606	41.927346005936606
1976	42.06308620628311	42.06308620628311
1977	42.17641515859803	42.17641515859803
1978	42.22381435976651	42.22381435976651
1979	42.293396386953916	42.293396386953916
1980	42.39951381476034	42.39951381476034
1981	42.523549667799415	42.523549667799415
1982	42.59492039109711	42.59492039109711
1983	42.63925467300023	42.63925467300023
1984	42.63571458329706	42.63571458329706
1985	42.63683526693774	42.63683526693774
1986	42.57057875202308	42.57057875202308
1987	42.492555068546146	42.492555068546146
1988	42.48451144698955	42.48451144698955
1989	42.51038810316041	42.51038810316041
1990	42.46202134649951	42.46202134649951
1991	42.46090430921809	42.46090430921809
1992	42.4083219566433	42.4083219566433
1993	42.35076444572181	42.35076444572181
1994	42.29158341809727	42.29158341809727
1995	42.258447625994776	42.258447625994776
1996	42.28244309365563	42.28244309365563
1997	42.36829715219806	42.36829715219806
1998	42.48200790955167	42.48200790955167
1999	42.68310599017402	42.68310599017402
2000	42.940021901541414	42.940021901541414
2001	43.208435592667676	43.208435592667676
2002	43.407547114314234	43.407547114314234
2003	43.611392392293965	43.611392392293965
2004	43.77124547884123	43.77124547884123
2005	43.90909817732917	43.90909817732917
2006	44.011936868549014	44.011936868549014
2007	44.17654257348616	44.17654257348616
2008	44.35179389035525	44.35179389035525
2009	44.58188812692745	44.58188812692745
2010	44.802913529508345	44.802913529508345
2011	45.0061531582428	45.0061531582428
2012	45.154058736956124	45.154058736956124
2013	45.253691490649025	45.253691490649025
2014	45.362186430260465	45.362186430260465
2015	45.4444412460904	45.4444412460904
2016	45.52325641997375	45.52325641997375
2017	45.52137639744477	45.52137639744477
2018	45.565849918842225	45.565849918842225
2019	45.57230119081255	45.57230119081255
2020	45.5351065198803	45.5351065198803
2021	45.58322199185032	45.58322199185032
2022	45.57542689372768	45.57542689372768
2023	45.542672494550516	45.542672494550516
2024	45.49716750310538	45.49716750310538
2025	45.452643121740266	45.452643121740266
2026	45.45323050220845	45.45323050220845
2027	45.52275753363632	45.52275753363632
2028	45.60436712399768	45.60436712399768
2029	45.66764704732046	45.66764704732046
2030	45.585278420546544	45.585278420546544
2031	45.41698341608958	45.41698341608958
2032	45.1547091381249	45.1547091381249
2033	44.88383198318824	44.88383198318824
2034	44.63565043510978	44.63565043510978
2035	44.50710019009784	44.50710019009784
2036	44.379137971409875	44.379137971409875
2037	44.36115788044688	44.36115788044688
2038	44.38034065508008	44.38034065508008
2039	44.38468946446473	44.38468946446473
2040	44.51511915833911	44.51511915833911
2041	44.55268274721419	44.55268274721419
2042	44.55799709466746	44.55799709466746
2043	44.40354107141039	44.40354107141039
2044	44.19731714310823	44.19731714310823
2045	44.16550710797733	44.16550710797733
2046	44.103086828612845	44.103086828612845
2047	44.02781802864506	44.02781802864506
2048	43.92707157238139	43.92707157238139
2049	43.81439381189061	43.81439381189061
2050	43.75099379351306	43.75099379351306
2051	43.60154046606293	43.60154046606293
2052	43.51034882855728	43.51034882855728
2053	43.33066767314993	43.33066767314993
2054	42.87810814439171	42.87810814439171
2055	42.30883409517229	42.30883409517229
2056	41.87088785565696	41.87088785565696
2057	41.46337367478124	41.46337367478124
2058	41.20703593291307	41.20703593291307
2059	41.10249212655157	41.10249212655157
2060	40.89096126022929	40.89096126022929
2061	40.52261181131733	40.52261181131733
2062	40.31596623154504	40.31596623154504
2063	40.16085165297859	40.16085165297859
2064	39.688571427176136	39.688571427176136
2065	39.078390702644775	39.078390702644775
2066	38.813452331840665	38.813452331840665
2067	38.33126138607942	38.33126138607942
2068	38.171817739572596	38.171817739572596
2069	37.754434468029835	37.754434468029835
2070	37.340217168583514	37.340217168583514
2071	36.92196557197433	36.92196557197433
2072	37.111968925254345	37.111968925254345
2073	37.383982661249384	37.383982661249384
2074	37.52723310856442	37.52723310856442
2075	38.02143034527913	38.02143034527913
2076	38.511033316390645	38.511033316390645
2077	38.85090221014422	38.85090221014422
2078	38.6476020551111	38.6476020551111
2079	38.85733611333586	38.85733611333586
2080	38.00938472016113	38.00938472016113
2081	37.179195849531666	37.179195849531666
2082	37.099047599164706	37.099047599164706
2083	38.377982499853005	38.377982499853005
2084	38.115022514946666	38.115022514946666
