#Calcul du déplacement moyen
#Time	dqmoy	part_0
1	0.08427760962215824	0.08427760962215824
2	0.19100314261794193	0.19100314261794193
3	0.2994893131001949	0.2994893131001949
4	0.40438522458252113	0.40438522458252113
5	0.502864426823284	0.502864426823284
6	0.6030928172415575	0.6030928172415575
7	0.7082115927962991	0.7082115927962991
8	0.8155021143488406	0.8155021143488406
9	0.9200756314297064	0.9200756314297064
10	1.0217353103303413	1.0217353103303413
11	1.120319074831626	1.120319074831626
12	1.2239661114177103	1.2239661114177103
13	1.331365191368361	1.331365191368361
14	1.441891627072506	1.441891627072506
15	1.5508088219139236	1.5508088219139236
16	1.6576644291130704	1.6576644291130704
17	1.7625957922530744	1.7625957922530744
18	1.86712747311637	1.86712747311637
19	1.9754709890335298	1.9754709890335298
20	2.087595777822907	2.087595777822907
21	2.2015359255196767	2.2015359255196767
22	2.3147962361660994	2.3147962361660994
23	2.4238907887239236	2.4238907887239236
24	2.5353457623730016	2.5353457623730016
25	2.6542530661789945	2.6542530661789945
26	2.7736265069593733	2.7736265069593733
27	2.8929006304502844	2.8929006304502844
28	3.0057300781917538	3.0057300781917538
29	3.1148888927377856	3.1148888927377856
30	3.221156051888372	3.221156051888372
31	3.3306251075751208	3.3306251075751208
32	3.4405848541013615	3.4405848541013615
33	3.552694565808848	3.552694565808848
34	3.6651227874312866	3.6651227874312866
35	3.769365364545518	3.769365364545518
36	3.8672785014672955	3.8672785014672955
37	3.965852411812917	3.965852411812917
38	4.065029671824904	4.065029671824904
39	4.165817512787587	4.165817512787587
40	4.265357971044634	4.265357971044634
41	4.360166140008236	4.360166140008236
42	4.455630053344637	4.455630053344637
43	4.5507222579584665	4.5507222579584665
44	4.652433182711876	4.652433182711876
45	4.755295569920035	4.755295569920035
46	4.857285461457508	4.857285461457508
47	4.9585079750174135	4.9585079750174135
48	5.058255743929558	5.058255743929558
49	5.154877229204672	5.154877229204672
50	5.253182777147364	5.253182777147364
51	5.353788765961665	5.353788765961665
52	5.452733388130357	5.452733388130357
53	5.549169765659556	5.549169765659556
54	5.64546201701379	5.64546201701379
55	5.739720412221073	5.739720412221073
56	5.833126530166756	5.833126530166756
57	5.929545302964804	5.929545302964804
58	6.028383279244364	6.028383279244364
59	6.128740847860076	6.128740847860076
60	6.227897686877819	6.227897686877819
61	6.326478254631136	6.326478254631136
62	6.426419558664428	6.426419558664428
63	6.5336455025563565	6.5336455025563565
64	6.6443468770010945	6.6443468770010945
65	6.757393576824699	6.757393576824699
66	6.861801622936497	6.861801622936497
67	6.964727971416647	6.964727971416647
68	7.065222753290589	7.065222753290589
69	7.171395414363787	7.171395414363787
70	7.281808078158869	7.281808078158869
71	7.3979271797523944	7.3979271797523944
72	7.513245671690843	7.513245671690843
73	7.630235386162207	7.630235386162207
74	7.751511951430538	7.751511951430538
75	7.874378282691325	7.874378282691325
76	7.998177271023279	7.998177271023279
77	8.122560000260858	8.122560000260858
78	8.245266758351583	8.245266758351583
79	8.36368996779095	8.36368996779095
80	8.48667709158444	8.48667709158444
81	8.60938192020598	8.60938192020598
82	8.73860498723781	8.73860498723781
83	8.867483952748763	8.867483952748763
84	8.994947895625469	8.994947895625469
85	9.118895539665958	9.118895539665958
86	9.246592151117387	9.246592151117387
87	9.375024006462962	9.375024006462962
88	9.511740465785495	9.511740465785495
89	9.649666049718393	9.649666049718393
90	9.779940283690978	9.779940283690978
91	9.904674771747587	9.904674771747587
92	10.024551598746005	10.024551598746005
93	10.143994938808424	10.143994938808424
94	10.264039313904107	10.264039313904107
95	10.387678658873044	10.387678658873044
96	10.512466338968274	10.512466338968274
97	10.635839866082637	10.635839866082637
98	10.751935545052737	10.751935545052737
99	10.868774701803051	10.868774701803051
100	10.985709936810789	10.985709936810789
101	11.10167439038133	11.10167439038133
102	11.216644087799857	11.216644087799857
103	11.330503821529827	11.330503821529827
104	11.44020663356443	11.44020663356443
105	11.544795493366697	11.544795493366697
106	11.652262122687901	11.652262122687901
107	11.765813292164498	11.765813292164498
108	11.883269496949369	11.883269496949369
109	12.001866430188311	12.001866430188311
110	12.120067234358075	12.120067234358075
111	12.231422150469708	12.231422150469708
112	12.34479224367404	12.34479224367404
113	12.455619962034252	12.455619962034252
114	12.569304144327589	12.569304144327589
115	12.68013812532784	12.68013812532784
116	12.787296424070593	12.787296424070593
117	12.89174693914823	12.89174693914823
118	12.998251679208114	12.998251679208114
119	13.109324640051991	13.109324640051991
120	13.2197431339121	13.2197431339121
121	13.328625305719767	13.328625305719767
122	13.429035465383016	13.429035465383016
123	13.525723930149692	13.525723930149692
124	13.623789812118998	13.623789812118998
125	13.727686507421364	13.727686507421364
126	13.837494859217855	13.837494859217855
127	13.948925644339882	13.948925644339882
128	14.059567229956032	14.059567229956032
129	14.167117874088273	14.167117874088273
130	14.272904492063113	14.272904492063113
131	14.378205651728276	14.378205651728276
132	14.48251151419711	14.48251151419711
133	14.590522633388582	14.590522633388582
134	14.693288485460476	14.693288485460476
135	14.794639278848635	14.794639278848635
136	14.895927692075018	14.895927692075018
137	15.000644052777787	15.000644052777787
138	15.104991642605023	15.104991642605023
139	15.20858966815012	15.20858966815012
140	15.313523956337484	15.313523956337484
141	15.411150416587475	15.411150416587475
142	15.507216902445311	15.507216902445311
143	15.605426505626316	15.605426505626316
144	15.707758969994046	15.707758969994046
145	15.81194031161344	15.81194031161344
146	15.918273523917883	15.918273523917883
147	16.024048312739684	16.024048312739684
148	16.126616863176398	16.126616863176398
149	16.228689872066354	16.228689872066354
150	16.334101047750895	16.334101047750895
151	16.437893869702073	16.437893869702073
152	16.539408497921134	16.539408497921134
153	16.637084456601514	16.637084456601514
154	16.727718999323127	16.727718999323127
155	16.81762563543661	16.81762563543661
156	16.909635214933743	16.909635214933743
157	17.004425454342737	17.004425454342737
158	17.09889908993451	17.09889908993451
159	17.191982274584475	17.191982274584475
160	17.285425248190514	17.285425248190514
161	17.38797370534234	17.38797370534234
162	17.49302433923433	17.49302433923433
163	17.60261047632416	17.60261047632416
164	17.713204056194577	17.713204056194577
165	17.821444307686725	17.821444307686725
166	17.927839460979712	17.927839460979712
167	18.03664722459311	18.03664722459311
168	18.149727666429346	18.149727666429346
169	18.263844792425278	18.263844792425278
170	18.381705907260226	18.381705907260226
171	18.497202454456346	18.497202454456346
172	18.609041597101676	18.609041597101676
173	18.718497124115448	18.718497124115448
174	18.82798173195784	18.82798173195784
175	18.937460760240803	18.937460760240803
176	19.046676769432818	19.046676769432818
177	19.153876571931697	19.153876571931697
178	19.25911010611755	19.25911010611755
179	19.364971155344765	19.364971155344765
180	19.470853124058838	19.470853124058838
181	19.57587332032754	19.57587332032754
182	19.6777417309974	19.6777417309974
183	19.779055936799416	19.779055936799416
184	19.878611269328324	19.878611269328324
185	19.976707005728656	19.976707005728656
186	20.080371791392924	20.080371791392924
187	20.188040984792035	20.188040984792035
188	20.301007201621125	20.301007201621125
189	20.40734512564349	20.40734512564349
190	20.508131616873918	20.508131616873918
191	20.607377854161456	20.607377854161456
192	20.703378423674657	20.703378423674657
193	20.80105155775725	20.80105155775725
194	20.90018143931086	20.90018143931086
195	20.99805290236676	20.99805290236676
196	21.092578511236447	21.092578511236447
197	21.18797822935572	21.18797822935572
198	21.28526477797295	21.28526477797295
199	21.38189531894149	21.38189531894149
200	21.476016369915083	21.476016369915083
201	21.567621927330418	21.567621927330418
202	21.659361429540596	21.659361429540596
203	21.753462089528483	21.753462089528483
204	21.850621909078363	21.850621909078363
205	21.950917737848844	21.950917737848844
206	22.05681469032431	22.05681469032431
207	22.168457739038985	22.168457739038985
208	22.27747653463627	22.27747653463627
209	22.38199680292261	22.38199680292261
210	22.48811903422391	22.48811903422391
211	22.594533873629917	22.594533873629917
212	22.70595593377143	22.70595593377143
213	22.809604769652417	22.809604769652417
214	22.905368193102987	22.905368193102987
215	22.993340045081776	22.993340045081776
216	23.076421545461603	23.076421545461603
217	23.16019324626535	23.16019324626535
218	23.245988493221493	23.245988493221493
219	23.334956814427997	23.334956814427997
220	23.42286519994198	23.42286519994198
221	23.512363997683295	23.512363997683295
222	23.600761584419526	23.600761584419526
223	23.692567900388326	23.692567900388326
224	23.787329040412917	23.787329040412917
225	23.882471038542448	23.882471038542448
226	23.974937439124318	23.974937439124318
227	24.069768251332672	24.069768251332672
228	24.166731036714133	24.166731036714133
229	24.266211343505535	24.266211343505535
230	24.372145130739664	24.372145130739664
231	24.484013898435073	24.484013898435073
232	24.598664314949584	24.598664314949584
233	24.71612281132993	24.71612281132993
234	24.83662072976753	24.83662072976753
235	24.958511064025966	24.958511064025966
236	25.079837078735245	25.079837078735245
237	25.2041327239183	25.2041327239183
238	25.327838575678122	25.327838575678122
239	25.45852704661695	25.45852704661695
240	25.5914477235852	25.5914477235852
241	25.72373955729055	25.72373955729055
242	25.854400266493627	25.854400266493627
243	25.983935535609348	25.983935535609348
244	26.112540785964775	26.112540785964775
245	26.238429175198974	26.238429175198974
246	26.36794157383896	26.36794157383896
247	26.49915710245153	26.49915710245153
248	26.632809536158746	26.632809536158746
249	26.76807701560343	26.76807701560343
250	26.905533283852893	26.905533283852893
251	27.043042705416422	27.043042705416422
252	27.183844622233387	27.183844622233387
253	27.32640734746651	27.32640734746651
254	27.474281319698378	27.474281319698378
255	27.628103588459187	27.628103588459187
256	27.78544646047593	27.78544646047593
257	27.94270017389334	27.94270017389334
258	28.097022280374805	28.097022280374805
259	28.24905704787449	28.24905704787449
260	28.40235597000902	28.40235597000902
261	28.552106618464073	28.552106618464073
262	28.702416531136446	28.702416531136446
263	28.85213174370711	28.85213174370711
264	29.004926299160573	29.004926299160573
265	29.160059735965795	29.160059735965795
266	29.315619140618136	29.315619140618136
267	29.4782880128014	29.4782880128014
268	29.644887248252363	29.644887248252363
269	29.812661261945475	29.812661261945475
270	29.98163333078191	29.98163333078191
271	30.144140052526716	30.144140052526716
272	30.301843952833956	30.301843952833956
273	30.458964636150224	30.458964636150224
274	30.620544176890366	30.620544176890366
275	30.77940627630113	30.77940627630113
276	30.936285863297584	30.936285863297584
277	31.08448906319385	31.08448906319385
278	31.231232253529193	31.231232253529193
279	31.38036606692387	31.38036606692387
280	31.53459688402257	31.53459688402257
281	31.687284444808753	31.687284444808753
282	31.83851043847681	31.83851043847681
283	31.985210490797833	31.985210490797833
284	32.12837574631372	32.12837574631372
285	32.27245402441662	32.27245402441662
286	32.41530778714556	32.41530778714556
287	32.55852265540138	32.55852265540138
288	32.70619982567463	32.70619982567463
289	32.854605440547886	32.854605440547886
290	33.00374422910815	33.00374422910815
291	33.151558638859576	33.151558638859576
292	33.29740528314512	33.29740528314512
293	33.44439211281191	33.44439211281191
294	33.59149078418284	33.59149078418284
295	33.73725697719699	33.73725697719699
296	33.87867017082752	33.87867017082752
297	34.01759478809539	34.01759478809539
298	34.154817677148955	34.154817677148955
299	34.29488022142373	34.29488022142373
300	34.43367454084855	34.43367454084855
301	34.57571960469813	34.57571960469813
302	34.71901798030332	34.71901798030332
303	34.85742184771093	34.85742184771093
304	34.99713687367577	34.99713687367577
305	35.138963334330455	35.138963334330455
306	35.28129479248469	35.28129479248469
307	35.41681584556707	35.41681584556707
308	35.54330790923781	35.54330790923781
309	35.664653115106844	35.664653115106844
310	35.791032553451004	35.791032553451004
311	35.924688426713466	35.924688426713466
312	36.061870743864006	36.061870743864006
313	36.196127941316576	36.196127941316576
314	36.32746060207397	36.32746060207397
315	36.460722471170165	36.460722471170165
316	36.5961691986044	36.5961691986044
317	36.73058100412587	36.73058100412587
318	36.86523495635899	36.86523495635899
319	36.998100827504935	36.998100827504935
320	37.13002133895584	37.13002133895584
321	37.25836948036944	37.25836948036944
322	37.3856525858534	37.3856525858534
323	37.51318648047655	37.51318648047655
324	37.639184299896144	37.639184299896144
325	37.763080583299256	37.763080583299256
326	37.88318410105556	37.88318410105556
327	37.998746445519075	37.998746445519075
328	38.111219791575	38.111219791575
329	38.23078630932641	38.23078630932641
330	38.35511660581591	38.35511660581591
331	38.47883674193246	38.47883674193246
332	38.601997464849404	38.601997464849404
333	38.72281981567892	38.72281981567892
334	38.83886840236411	38.83886840236411
335	38.95470214257002	38.95470214257002
336	39.072132010442	39.072132010442
337	39.19220100701093	39.19220100701093
338	39.31178112645172	39.31178112645172
339	39.429797579144704	39.429797579144704
340	39.54640674686016	39.54640674686016
341	39.66686418623971	39.66686418623971
342	39.79613011007167	39.79613011007167
343	39.92896990411593	39.92896990411593
344	40.05672845985295	40.05672845985295
345	40.17065600213329	40.17065600213329
346	40.27971017846514	40.27971017846514
347	40.38828713133307	40.38828713133307
348	40.501913634058134	40.501913634058134
349	40.615256656806395	40.615256656806395
350	40.72171416461856	40.72171416461856
351	40.82018346731813	40.82018346731813
352	40.91651873950158	40.91651873950158
353	41.01483575292136	41.01483575292136
354	41.112990952404175	41.112990952404175
355	41.21490451720496	41.21490451720496
356	41.31694121737141	41.31694121737141
357	41.41630179550817	41.41630179550817
358	41.52054710102506	41.52054710102506
359	41.63100458832943	41.63100458832943
360	41.74378784798766	41.74378784798766
361	41.856888980255	41.856888980255
362	41.96491445518435	41.96491445518435
363	42.070995739862276	42.070995739862276
364	42.1746738602584	42.1746738602584
365	42.272963876744726	42.272963876744726
366	42.37247288067186	42.37247288067186
367	42.47517042740888	42.47517042740888
368	42.57502129584891	42.57502129584891
369	42.67151062699297	42.67151062699297
370	42.7668604487691	42.7668604487691
371	42.86488292015874	42.86488292015874
372	42.96420669972311	42.96420669972311
373	43.06517488523406	43.06517488523406
374	43.16959964580951	43.16959964580951
375	43.27307193954405	43.27307193954405
376	43.36953948815328	43.36953948815328
377	43.46349222809234	43.46349222809234
378	43.55970281100192	43.55970281100192
379	43.655296274103186	43.655296274103186
380	43.75440046624228	43.75440046624228
381	43.852086312250634	43.852086312250634
382	43.95195608018949	43.95195608018949
383	44.04905332929138	44.04905332929138
384	44.145561903786756	44.145561903786756
385	44.243750081506775	44.243750081506775
386	44.34197240649187	44.34197240649187
387	44.442589148014804	44.442589148014804
388	44.53722726170769	44.53722726170769
389	44.62721661193165	44.62721661193165
390	44.71288825429152	44.71288825429152
391	44.80022673517442	44.80022673517442
392	44.8878582141769	44.8878582141769
393	44.97472239328894	44.97472239328894
394	45.060592660082996	45.060592660082996
395	45.14555368521979	45.14555368521979
396	45.23276774074386	45.23276774074386
397	45.32306171407534	45.32306171407534
398	45.41411285173716	45.41411285173716
399	45.50781556738934	45.50781556738934
400	45.60058892072104	45.60058892072104
401	45.694529916699864	45.694529916699864
402	45.79228099457926	45.79228099457926
403	45.88784528960829	45.88784528960829
404	45.98277825780308	45.98277825780308
405	46.07567077382833	46.07567077382833
406	46.17122982023871	46.17122982023871
407	46.26667008790757	46.26667008790757
408	46.360728694227575	46.360728694227575
409	46.45936785529693	46.45936785529693
410	46.555930444439795	46.555930444439795
411	46.649355979023866	46.649355979023866
412	46.74549993981241	46.74549993981241
413	46.83850369926163	46.83850369926163
414	46.9320103199985	46.9320103199985
415	47.0273338269521	47.0273338269521
416	47.12848080297386	47.12848080297386
417	47.23651837301311	47.23651837301311
418	47.34103857447356	47.34103857447356
419	47.439698981197495	47.439698981197495
420	47.53262146977388	47.53262146977388
421	47.62753313507537	47.62753313507537
422	47.727916525965654	47.727916525965654
423	47.83101695268367	47.83101695268367
424	47.93498728821268	47.93498728821268
425	48.040887076076146	48.040887076076146
426	48.1478713528965	48.1478713528965
427	48.25397984967119	48.25397984967119
428	48.36139791590436	48.36139791590436
429	48.47077723556219	48.47077723556219
430	48.58493219384033	48.58493219384033
431	48.69592976435449	48.69592976435449
432	48.80486617383575	48.80486617383575
433	48.91365283583558	48.91365283583558
434	49.01892801082631	49.01892801082631
435	49.125923317641146	49.125923317641146
436	49.240644877287615	49.240644877287615
437	49.35694590475019	49.35694590475019
438	49.473010645701066	49.473010645701066
439	49.58278505656273	49.58278505656273
440	49.688648044278054	49.688648044278054
441	49.78820335600856	49.78820335600856
442	49.88754794413107	49.88754794413107
443	49.98214749039141	49.98214749039141
444	50.072556205065865	50.072556205065865
445	50.15608743771358	50.15608743771358
446	50.237087877554515	50.237087877554515
447	50.3221456880605	50.3221456880605
448	50.41343087707402	50.41343087707402
449	50.50211591131459	50.50211591131459
450	50.58859265850672	50.58859265850672
451	50.66989492815027	50.66989492815027
452	50.742131971997914	50.742131971997914
453	50.80988732632003	50.80988732632003
454	50.874816643611894	50.874816643611894
455	50.94353312817053	50.94353312817053
456	51.01335801843118	51.01335801843118
457	51.08004564406433	51.08004564406433
458	51.14157821010353	51.14157821010353
459	51.201122719973206	51.201122719973206
460	51.26361879092144	51.26361879092144
461	51.328965216743484	51.328965216743484
462	51.39481065267347	51.39481065267347
463	51.45759439359331	51.45759439359331
464	51.517552014385004	51.517552014385004
465	51.58221119558418	51.58221119558418
466	51.64885415251663	51.64885415251663
467	51.71663440800917	51.71663440800917
468	51.77998978097598	51.77998978097598
469	51.837706943500656	51.837706943500656
470	51.889524474352676	51.889524474352676
471	51.94044818854603	51.94044818854603
472	51.99487517376322	51.99487517376322
473	52.04956044883286	52.04956044883286
474	52.10656316113174	52.10656316113174
475	52.161629978102695	52.161629978102695
476	52.214570008103024	52.214570008103024
477	52.26189745970697	52.26189745970697
478	52.31215456122206	52.31215456122206
479	52.36938158985332	52.36938158985332
480	52.42979869422794	52.42979869422794
481	52.4856808666344	52.4856808666344
482	52.53582129890911	52.53582129890911
483	52.58216559222621	52.58216559222621
484	52.62731298009553	52.62731298009553
485	52.68070007352784	52.68070007352784
486	52.73551477307596	52.73551477307596
487	52.78985081914557	52.78985081914557
488	52.84238500125787	52.84238500125787
489	52.89313652449023	52.89313652449023
490	52.94688540977472	52.94688540977472
491	52.99828264286745	52.99828264286745
492	53.047906327409876	53.047906327409876
493	53.09562680415363	53.09562680415363
494	53.13948598762526	53.13948598762526
495	53.183215070500424	53.183215070500424
496	53.22723990422088	53.22723990422088
497	53.273926080613265	53.273926080613265
498	53.324643306647175	53.324643306647175
499	53.37058438099326	53.37058438099326
500	53.412013285893494	53.412013285893494
501	53.44705571323182	53.44705571323182
502	53.483041268604424	53.483041268604424
503	53.51514436390756	53.51514436390756
504	53.55433234398249	53.55433234398249
505	53.594082127261345	53.594082127261345
506	53.631607597345095	53.631607597345095
507	53.66924311099581	53.66924311099581
508	53.70658437419404	53.70658437419404
509	53.748235587467825	53.748235587467825
510	53.78520394021965	53.78520394021965
511	53.818817916342525	53.818817916342525
512	53.84505742556544	53.84505742556544
513	53.86298276092445	53.86298276092445
514	53.876693439442064	53.876693439442064
515	53.890153934192845	53.890153934192845
516	53.906896003925524	53.906896003925524
517	53.927915894822846	53.927915894822846
518	53.951443871806745	53.951443871806745
519	53.97915251231573	53.97915251231573
520	54.00697570248447	54.00697570248447
521	54.03645219861566	54.03645219861566
522	54.067306754690364	54.067306754690364
523	54.09661241235361	54.09661241235361
524	54.123202099009774	54.123202099009774
525	54.13984728871573	54.13984728871573
526	54.153326831095384	54.153326831095384
527	54.166917477759924	54.166917477759924
528	54.18003945995392	54.18003945995392
529	54.194987952339	54.194987952339
530	54.20391335183325	54.20391335183325
531	54.20667245730796	54.20667245730796
532	54.20768758901684	54.20768758901684
533	54.20806880273381	54.20806880273381
534	54.21242305780319	54.21242305780319
535	54.21568269725444	54.21568269725444
536	54.2095492951798	54.2095492951798
537	54.197643014673965	54.197643014673965
538	54.17756521615668	54.17756521615668
539	54.148630702387976	54.148630702387976
540	54.116551268355	54.116551268355
541	54.081026748863266	54.081026748863266
542	54.044706808166936	54.044706808166936
543	54.004797176991566	54.004797176991566
544	53.964897815630955	53.964897815630955
545	53.91666405546999	53.91666405546999
546	53.859732694746526	53.859732694746526
547	53.806062567602766	53.806062567602766
548	53.76003554296538	53.76003554296538
549	53.71286552008252	53.71286552008252
550	53.659699305804565	53.659699305804565
551	53.59901520953661	53.59901520953661
552	53.53505698291617	53.53505698291617
553	53.47092784089007	53.47092784089007
554	53.411932907091696	53.411932907091696
555	53.35197188630549	53.35197188630549
556	53.290151266367765	53.290151266367765
557	53.231500359002396	53.231500359002396
558	53.178732409848266	53.178732409848266
559	53.13214679109497	53.13214679109497
560	53.085108858313276	53.085108858313276
561	53.035628654768516	53.035628654768516
562	52.98656777230937	52.98656777230937
563	52.93113769403803	52.93113769403803
564	52.87426030809776	52.87426030809776
565	52.818273125870775	52.818273125870775
566	52.768384983247174	52.768384983247174
567	52.71651912343948	52.71651912343948
568	52.666180209783626	52.666180209783626
569	52.60942018686884	52.60942018686884
570	52.55524832479181	52.55524832479181
571	52.50303684485188	52.50303684485188
572	52.456216616048394	52.456216616048394
573	52.406550497775484	52.406550497775484
574	52.35607904953733	52.35607904953733
575	52.30205990358533	52.30205990358533
576	52.23646333556898	52.23646333556898
577	52.16888006572645	52.16888006572645
578	52.11046555177337	52.11046555177337
579	52.05230802043494	52.05230802043494
580	51.98986968492464	51.98986968492464
581	51.92686868932697	51.92686868932697
582	51.85529673399793	51.85529673399793
583	51.78555080666506	51.78555080666506
584	51.71991538659757	51.71991538659757
585	51.65619299676623	51.65619299676623
586	51.5902428308754	51.5902428308754
587	51.52274850367207	51.52274850367207
588	51.45700838012037	51.45700838012037
589	51.39637678456509	51.39637678456509
590	51.3403784968814	51.3403784968814
591	51.284661744082996	51.284661744082996
592	51.22681277130219	51.22681277130219
593	51.16823553079119	51.16823553079119
594	51.10958148450771	51.10958148450771
595	51.04614720628542	51.04614720628542
596	50.98404167674664	50.98404167674664
597	50.9211779371481	50.9211779371481
598	50.85590039678664	50.85590039678664
599	50.78154983344834	50.78154983344834
600	50.70372864549749	50.70372864549749
601	50.62287598840645	50.62287598840645
602	50.54153326568078	50.54153326568078
603	50.46006896311728	50.46006896311728
604	50.37648907083671	50.37648907083671
605	50.2875359831819	50.2875359831819
606	50.19949839463472	50.19949839463472
607	50.119013734177216	50.119013734177216
608	50.03512855078496	50.03512855078496
609	49.95321728978103	49.95321728978103
610	49.87235626512891	49.87235626512891
611	49.80184257935018	49.80184257935018
612	49.731923275260826	49.731923275260826
613	49.65948331947591	49.65948331947591
614	49.582761548504756	49.582761548504756
615	49.509774314861346	49.509774314861346
616	49.43863445087202	49.43863445087202
617	49.370423772797565	49.370423772797565
618	49.300701386488406	49.300701386488406
619	49.232691260877914	49.232691260877914
620	49.16456355669055	49.16456355669055
621	49.094292205284674	49.094292205284674
622	49.027797180416215	49.027797180416215
623	48.95791486062545	48.95791486062545
624	48.88521163659037	48.88521163659037
625	48.81370314787981	48.81370314787981
626	48.736676707434086	48.736676707434086
627	48.67292633252088	48.67292633252088
628	48.616311242306864	48.616311242306864
629	48.56369264576769	48.56369264576769
630	48.518259723764785	48.518259723764785
631	48.47209186392692	48.47209186392692
632	48.42575975434069	48.42575975434069
633	48.381686157690424	48.381686157690424
634	48.337335088534374	48.337335088534374
635	48.291028829547116	48.291028829547116
636	48.23563241779081	48.23563241779081
637	48.17368070728351	48.17368070728351
638	48.107962558148095	48.107962558148095
639	48.04607283042155	48.04607283042155
640	47.99340094077129	47.99340094077129
641	47.95119232972679	47.95119232972679
642	47.91546885915916	47.91546885915916
643	47.877557836239205	47.877557836239205
644	47.83283611265104	47.83283611265104
645	47.78091512124698	47.78091512124698
646	47.727705650542205	47.727705650542205
647	47.68277029258523	47.68277029258523
648	47.63520753153995	47.63520753153995
649	47.58399281603823	47.58399281603823
650	47.53015388310537	47.53015388310537
651	47.480568620191605	47.480568620191605
652	47.43649607896941	47.43649607896941
653	47.40036173343859	47.40036173343859
654	47.366423027704435	47.366423027704435
655	47.331835214226174	47.331835214226174
656	47.2952761929945	47.2952761929945
657	47.26233701554497	47.26233701554497
658	47.23318922720523	47.23318922720523
659	47.20355670998528	47.20355670998528
660	47.17514831506093	47.17514831506093
661	47.142136980920256	47.142136980920256
662	47.10282002586008	47.10282002586008
663	47.062396905170644	47.062396905170644
664	47.019768294927744	47.019768294927744
665	46.99074898414423	46.99074898414423
666	46.9656379235951	46.9656379235951
667	46.939998927490464	46.939998927490464
668	46.91877231747131	46.91877231747131
669	46.899404218393755	46.899404218393755
670	46.87528200587953	46.87528200587953
671	46.851586624592244	46.851586624592244
672	46.82574940361579	46.82574940361579
673	46.80219318984415	46.80219318984415
674	46.782047866999605	46.782047866999605
675	46.760626990381624	46.760626990381624
676	46.73669560226712	46.73669560226712
677	46.71463637733181	46.71463637733181
678	46.69431684392584	46.69431684392584
679	46.66910146372416	46.66910146372416
680	46.6316046572026	46.6316046572026
681	46.592897381216126	46.592897381216126
682	46.55626632924219	46.55626632924219
683	46.521468758427766	46.521468758427766
684	46.48640879139293	46.48640879139293
685	46.447698499182046	46.447698499182046
686	46.40935699524008	46.40935699524008
687	46.368971488871	46.368971488871
688	46.33002069779022	46.33002069779022
689	46.29524956260123	46.29524956260123
690	46.2589822385957	46.2589822385957
691	46.229607923068826	46.229607923068826
692	46.19053459658376	46.19053459658376
693	46.13950485479811	46.13950485479811
694	46.089803962141275	46.089803962141275
695	46.039867368532185	46.039867368532185
696	45.995851059550134	45.995851059550134
697	45.95602692110985	45.95602692110985
698	45.91448560072135	45.91448560072135
699	45.86576261257942	45.86576261257942
700	45.80750218772167	45.80750218772167
701	45.75017060079517	45.75017060079517
702	45.69627506737807	45.69627506737807
703	45.6431321146069	45.6431321146069
704	45.593849308240706	45.593849308240706
705	45.54579586632246	45.54579586632246
706	45.49288263164744	45.49288263164744
707	45.434767276753306	45.434767276753306
708	45.37617606992107	45.37617606992107
709	45.32121596959554	45.32121596959554
710	45.27163102292168	45.27163102292168
711	45.21949665753082	45.21949665753082
712	45.17484415085855	45.17484415085855
713	45.125256708967	45.125256708967
714	45.08076374850985	45.08076374850985
715	45.03389711485784	45.03389711485784
716	44.99342865381988	44.99342865381988
717	44.95225197574442	44.95225197574442
718	44.90885392789688	44.90885392789688
719	44.8632785361116	44.8632785361116
720	44.82067609735148	44.82067609735148
721	44.77681921042681	44.77681921042681
722	44.73175990235812	44.73175990235812
723	44.69154254122833	44.69154254122833
724	44.64925377911855	44.64925377911855
725	44.615350811682546	44.615350811682546
726	44.58678256558056	44.58678256558056
727	44.561467756283	44.561467756283
728	44.538628232870394	44.538628232870394
729	44.51642590105123	44.51642590105123
730	44.4924633412867	44.4924633412867
731	44.470277928626714	44.470277928626714
732	44.44313197097351	44.44313197097351
733	44.416414102991595	44.416414102991595
734	44.39425102761555	44.39425102761555
735	44.3742772658689	44.3742772658689
736	44.35391783823269	44.35391783823269
737	44.32996549803839	44.32996549803839
738	44.306757715876074	44.306757715876074
739	44.28397550880781	44.28397550880781
740	44.26516953326651	44.26516953326651
741	44.24980091300377	44.24980091300377
742	44.22711087935407	44.22711087935407
743	44.19183668034645	44.19183668034645
744	44.15716658261324	44.15716658261324
745	44.128560208077204	44.128560208077204
746	44.10042907073449	44.10042907073449
747	44.0743811001889	44.0743811001889
748	44.04677764660447	44.04677764660447
749	44.01950902025713	44.01950902025713
750	43.99135147766597	43.99135147766597
751	43.96977695766921	43.96977695766921
752	43.94928136450479	43.94928136450479
753	43.93242451190771	43.93242451190771
754	43.91319188992196	43.91319188992196
755	43.89006353419382	43.89006353419382
756	43.86176931926707	43.86176931926707
757	43.83789088354697	43.83789088354697
758	43.80877759329685	43.80877759329685
759	43.772775698395364	43.772775698395364
760	43.73682978291001	43.73682978291001
761	43.6948711159734	43.6948711159734
762	43.65440069073292	43.65440069073292
763	43.61460712607632	43.61460712607632
764	43.5864666214363	43.5864666214363
765	43.562318901212095	43.562318901212095
766	43.53613278024407	43.53613278024407
767	43.50714830126475	43.50714830126475
768	43.474978428720085	43.474978428720085
769	43.4457821072245	43.4457821072245
770	43.41633663839551	43.41633663839551
771	43.39904008444	43.39904008444
772	43.38270760826039	43.38270760826039
773	43.361835580566805	43.361835580566805
774	43.34011209348556	43.34011209348556
775	43.321425734375076	43.321425734375076
776	43.30771074786715	43.30771074786715
777	43.29594190010782	43.29594190010782
778	43.28413466145946	43.28413466145946
779	43.269688673002015	43.269688673002015
780	43.24525866173165	43.24525866173165
781	43.21635726446927	43.21635726446927
782	43.189049922857365	43.189049922857365
783	43.16008395134267	43.16008395134267
784	43.128851118114994	43.128851118114994
785	43.09684372807555	43.09684372807555
786	43.05891392341685	43.05891392341685
787	43.02269130452701	43.02269130452701
788	42.99030236700843	42.99030236700843
789	42.957556074317324	42.957556074317324
790	42.92999436329717	42.92999436329717
791	42.91192382986722	42.91192382986722
792	42.887312984298376	42.887312984298376
793	42.86031751549385	42.86031751549385
794	42.82716648801373	42.82716648801373
795	42.79638107793372	42.79638107793372
796	42.76925447281407	42.76925447281407
797	42.744124379403424	42.744124379403424
798	42.7165416422196	42.7165416422196
799	42.69137400269139	42.69137400269139
800	42.664658627087746	42.664658627087746
801	42.63639333358405	42.63639333358405
802	42.613286522544584	42.613286522544584
803	42.59175139348916	42.59175139348916
804	42.56945152743115	42.56945152743115
805	42.539745955129064	42.539745955129064
806	42.51066271545605	42.51066271545605
807	42.48813317613579	42.48813317613579
808	42.46213783794032	42.46213783794032
809	42.43667281836102	42.43667281836102
810	42.412983123534964	42.412983123534964
811	42.389532673424554	42.389532673424554
812	42.37050168326742	42.37050168326742
813	42.35873537448536	42.35873537448536
814	42.35514207457762	42.35514207457762
815	42.355587685583245	42.355587685583245
816	42.35445515344288	42.35445515344288
817	42.35283098399813	42.35283098399813
818	42.34553002114289	42.34553002114289
819	42.33774955638282	42.33774955638282
820	42.33699199607313	42.33699199607313
821	42.34312092689474	42.34312092689474
822	42.34771345324172	42.34771345324172
823	42.34968035775774	42.34968035775774
824	42.3480015932482	42.3480015932482
825	42.349084562946416	42.349084562946416
826	42.353149846186724	42.353149846186724
827	42.362707355632224	42.362707355632224
828	42.36704009726553	42.36704009726553
829	42.36593851889772	42.36593851889772
830	42.35871045245763	42.35871045245763
831	42.347510017645945	42.347510017645945
832	42.34125804507007	42.34125804507007
833	42.336221333181555	42.336221333181555
834	42.335791403263286	42.335791403263286
835	42.33643632338098	42.33643632338098
836	42.33804761678716	42.33804761678716
837	42.34652173920364	42.34652173920364
838	42.35594353731932	42.35594353731932
839	42.368064646660656	42.368064646660656
840	42.3797539177894	42.3797539177894
841	42.39051977852656	42.39051977852656
842	42.400819938931235	42.400819938931235
843	42.416995382020026	42.416995382020026
844	42.43900913895389	42.43900913895389
845	42.463118850207074	42.463118850207074
846	42.48678607860228	42.48678607860228
847	42.50755109163742	42.50755109163742
848	42.52777415269644	42.52777415269644
849	42.54192325515551	42.54192325515551
850	42.56192265460527	42.56192265460527
851	42.57862187449123	42.57862187449123
852	42.59452759477587	42.59452759477587
853	42.61467874944971	42.61467874944971
854	42.62150438979143	42.62150438979143
855	42.62925629442019	42.62925629442019
856	42.63785672596772	42.63785672596772
857	42.649496311463565	42.649496311463565
858	42.66526933772279	42.66526933772279
859	42.67473107588158	42.67473107588158
860	42.67662441455926	42.67662441455926
861	42.6758099924304	42.6758099924304
862	42.67306911806364	42.67306911806364
863	42.678496296834865	42.678496296834865
864	42.69406541463924	42.69406541463924
865	42.703117861643165	42.703117861643165
866	42.707764119845564	42.707764119845564
867	42.70397853026286	42.70397853026286
868	42.70154405925488	42.70154405925488
869	42.70346030424157	42.70346030424157
870	42.70882531828076	42.70882531828076
871	42.716776594685584	42.716776594685584
872	42.7309472213781	42.7309472213781
873	42.74123969865275	42.74123969865275
874	42.74777412477201	42.74777412477201
875	42.75140784203095	42.75140784203095
876	42.75861005421797	42.75861005421797
877	42.76420886172362	42.76420886172362
878	42.766200808720036	42.766200808720036
879	42.76389663081453	42.76389663081453
880	42.75937776043841	42.75937776043841
881	42.75682323570266	42.75682323570266
882	42.75149443879967	42.75149443879967
883	42.7485287136161	42.7485287136161
884	42.74336498313915	42.74336498313915
885	42.73771041505768	42.73771041505768
886	42.72758429321171	42.72758429321171
887	42.720592709499435	42.720592709499435
888	42.71588674688401	42.71588674688401
889	42.7182262805697	42.7182262805697
890	42.722712524897716	42.722712524897716
891	42.72800558352351	42.72800558352351
892	42.730979528707735	42.730979528707735
893	42.73686099294876	42.73686099294876
894	42.74849789462495	42.74849789462495
895	42.76415342820554	42.76415342820554
896	42.786016330314624	42.786016330314624
897	42.80976912161266	42.80976912161266
898	42.83696780972402	42.83696780972402
899	42.862951041481885	42.862951041481885
900	42.884088476600404	42.884088476600404
901	42.89990491761753	42.89990491761753
902	42.91515966078973	42.91515966078973
903	42.93172668913067	42.93172668913067
904	42.940967160031384	42.940967160031384
905	42.95536901960038	42.95536901960038
906	42.97331653184813	42.97331653184813
907	42.99338426759432	42.99338426759432
908	43.01666777823906	43.01666777823906
909	43.03748426482873	43.03748426482873
910	43.064344290633244	43.064344290633244
911	43.08648643161475	43.08648643161475
912	43.105925181623874	43.105925181623874
913	43.13337998094571	43.13337998094571
914	43.164126627032914	43.164126627032914
915	43.19420134725946	43.19420134725946
916	43.22653989846411	43.22653989846411
917	43.254845263956355	43.254845263956355
918	43.27770900993161	43.27770900993161
919	43.30170905741538	43.30170905741538
920	43.332020266955865	43.332020266955865
921	43.36199885063694	43.36199885063694
922	43.38562164112836	43.38562164112836
923	43.408889279350895	43.408889279350895
924	43.43177705501766	43.43177705501766
925	43.45421980768678	43.45421980768678
926	43.48189954268766	43.48189954268766
927	43.510886754907965	43.510886754907965
928	43.53699063415897	43.53699063415897
929	43.55961172638248	43.55961172638248
930	43.58019566396496	43.58019566396496
931	43.6019466705774	43.6019466705774
932	43.62847848695782	43.62847848695782
933	43.65410004059039	43.65410004059039
934	43.672459656076455	43.672459656076455
935	43.68785808525158	43.68785808525158
936	43.705783754973496	43.705783754973496
937	43.72476814063208	43.72476814063208
938	43.739989422155645	43.739989422155645
939	43.75130073810037	43.75130073810037
940	43.7637862512423	43.7637862512423
941	43.76793005973023	43.76793005973023
942	43.78067094200907	43.78067094200907
943	43.793077884201566	43.793077884201566
944	43.80361853526984	43.80361853526984
945	43.811051290808564	43.811051290808564
946	43.8029654133702	43.8029654133702
947	43.782387276192644	43.782387276192644
948	43.76088704437898	43.76088704437898
949	43.74009392800612	43.74009392800612
950	43.72370496834433	43.72370496834433
951	43.714573678821864	43.714573678821864
952	43.701376146311375	43.701376146311375
953	43.68805482853291	43.68805482853291
954	43.66770780288073	43.66770780288073
955	43.64657650151535	43.64657650151535
956	43.62847445785549	43.62847445785549
957	43.612047985769635	43.612047985769635
958	43.59603506693761	43.59603506693761
959	43.576755335183236	43.576755335183236
960	43.54718506666805	43.54718506666805
961	43.51128567764708	43.51128567764708
962	43.4658652801245	43.4658652801245
963	43.42227335389075	43.42227335389075
964	43.37689376032283	43.37689376032283
965	43.32982537296686	43.32982537296686
966	43.27608186849591	43.27608186849591
967	43.2224517595026	43.2224517595026
968	43.16520651150968	43.16520651150968
969	43.11779414046242	43.11779414046242
970	43.07722984764065	43.07722984764065
971	43.03569284858408	43.03569284858408
972	42.984277768350275	42.984277768350275
973	42.93958987555029	42.93958987555029
974	42.90416729963787	42.90416729963787
975	42.871003056954095	42.871003056954095
976	42.83616541983004	42.83616541983004
977	42.79961939265844	42.79961939265844
978	42.767463538763764	42.767463538763764
979	42.736680345048526	42.736680345048526
980	42.70862997539389	42.70862997539389
981	42.68949633351566	42.68949633351566
982	42.670574995361314	42.670574995361314
983	42.651530408045886	42.651530408045886
984	42.622852504940184	42.622852504940184
985	42.59028496747625	42.59028496747625
986	42.55446019887883	42.55446019887883
987	42.523031653337185	42.523031653337185
988	42.49335536693553	42.49335536693553
989	42.4712571820796	42.4712571820796
990	42.44975422026174	42.44975422026174
991	42.42577005764715	42.42577005764715
992	42.406322581420994	42.406322581420994
993	42.400739498842924	42.400739498842924
994	42.400736898217495	42.400736898217495
995	42.39963644472095	42.39963644472095
996	42.3934787344474	42.3934787344474
997	42.38657581049954	42.38657581049954
998	42.38038712545523	42.38038712545523
999	42.37946086009859	42.37946086009859
1000	42.38012374412571	42.38012374412571
1001	42.387820044711454	42.387820044711454
1002	42.39536683223933	42.39536683223933
1003	42.400664215185	42.400664215185
1004	42.403175899328616	42.403175899328616
1005	42.402932272998044	42.402932272998044
1006	42.40158533400951	42.40158533400951
1007	42.3973741256052	42.3973741256052
1008	42.38611069811558	42.38611069811558
1009	42.372092105169884	42.372092105169884
1010	42.35408674060159	42.35408674060159
1011	42.333420871912956	42.333420871912956
1012	42.30647680531517	42.30647680531517
1013	42.27397915276783	42.27397915276783
1014	42.23915748564119	42.23915748564119
1015	42.20290699382343	42.20290699382343
1016	42.16503200062181	42.16503200062181
1017	42.134384161416676	42.134384161416676
1018	42.10819238995375	42.10819238995375
1019	42.086469493656466	42.086469493656466
1020	42.06896216961635	42.06896216961635
1021	42.04892311472507	42.04892311472507
1022	42.02330147997645	42.02330147997645
1023	42.000180023004575	42.000180023004575
1024	41.973111028032946	41.973111028032946
1025	41.94492092061527	41.94492092061527
1026	41.91338541384289	41.91338541384289
1027	41.880849087386466	41.880849087386466
1028	41.84636314195816	41.84636314195816
1029	41.80974670623112	41.80974670623112
1030	41.77719501244732	41.77719501244732
1031	41.74254020665742	41.74254020665742
1032	41.708057139005945	41.708057139005945
1033	41.67520811821509	41.67520811821509
1034	41.63893579454674	41.63893579454674
1035	41.608256621393984	41.608256621393984
1036	41.5874741775942	41.5874741775942
1037	41.572141319641425	41.572141319641425
1038	41.551396939793165	41.551396939793165
1039	41.527840109805375	41.527840109805375
1040	41.505380051883336	41.505380051883336
1041	41.4876807382267	41.4876807382267
1042	41.46796220514054	41.46796220514054
1043	41.45047809579995	41.45047809579995
1044	41.4313110411702	41.4313110411702
1045	41.40973325900297	41.40973325900297
1046	41.38344111777414	41.38344111777414
1047	41.357799368441874	41.357799368441874
1048	41.33321393247771	41.33321393247771
1049	41.315695794300424	41.315695794300424
1050	41.30267494506991	41.30267494506991
1051	41.30098433254865	41.30098433254865
1052	41.302544955386644	41.302544955386644
1053	41.30227777845242	41.30227777845242
1054	41.31382612417962	41.31382612417962
1055	41.33368290561414	41.33368290561414
1056	41.35363873758089	41.35363873758089
1057	41.376179967058434	41.376179967058434
1058	41.399623545813846	41.399623545813846
1059	41.429361216407976	41.429361216407976
1060	41.45989129231874	41.45989129231874
1061	41.492256953673724	41.492256953673724
1062	41.53244453199342	41.53244453199342
1063	41.57485703699912	41.57485703699912
1064	41.62345321414431	41.62345321414431
1065	41.676589374875036	41.676589374875036
1066	41.73826651189827	41.73826651189827
1067	41.80293805990469	41.80293805990469
1068	41.86919532016216	41.86919532016216
1069	41.94078308392715	41.94078308392715
1070	42.01160075315081	42.01160075315081
1071	42.08298932547186	42.08298932547186
1072	42.158385291161196	42.158385291161196
1073	42.23116233670255	42.23116233670255
1074	42.30601836498748	42.30601836498748
1075	42.38529600895278	42.38529600895278
1076	42.471521854821205	42.471521854821205
1077	42.56055657590335	42.56055657590335
1078	42.64659836354047	42.64659836354047
1079	42.73475329903377	42.73475329903377
1080	42.825706157465575	42.825706157465575
1081	42.915097308148276	42.915097308148276
1082	42.997805221966594	42.997805221966594
1083	43.07688025588412	43.07688025588412
1084	43.1494878172642	43.1494878172642
1085	43.218774464337194	43.218774464337194
1086	43.28604858906458	43.28604858906458
1087	43.35296048186537	43.35296048186537
1088	43.42002348172906	43.42002348172906
1089	43.484064554790656	43.484064554790656
1090	43.54098839538142	43.54098839538142
1091	43.59047627796813	43.59047627796813
1092	43.6404317875937	43.6404317875937
1093	43.6893596521352	43.6893596521352
1094	43.73912616203048	43.73912616203048
1095	43.79002221193359	43.79002221193359
1096	43.84827467416375	43.84827467416375
1097	43.905300105767374	43.905300105767374
1098	43.96604397921595	43.96604397921595
1099	44.02269872584882	44.02269872584882
1100	44.08069103285202	44.08069103285202
1101	44.132250843865684	44.132250843865684
1102	44.18928244094816	44.18928244094816
1103	44.25149759091926	44.25149759091926
1104	44.31698007648008	44.31698007648008
1105	44.39056120055541	44.39056120055541
1106	44.466260903715664	44.466260903715664
1107	44.551079143627135	44.551079143627135
1108	44.641161212326196	44.641161212326196
1109	44.73229585120349	44.73229585120349
1110	44.8264059570171	44.8264059570171
1111	44.924888597148794	44.924888597148794
1112	45.02959462135715	45.02959462135715
1113	45.13080089865951	45.13080089865951
1114	45.226938927258175	45.226938927258175
1115	45.32553649933793	45.32553649933793
1116	45.42341448266631	45.42341448266631
1117	45.52272888341022	45.52272888341022
1118	45.62438729159069	45.62438729159069
1119	45.723747437533035	45.723747437533035
1120	45.815910473660296	45.815910473660296
1121	45.90767869120155	45.90767869120155
1122	46.00062076732414	46.00062076732414
1123	46.0957182359946	46.0957182359946
1124	46.19211265104742	46.19211265104742
1125	46.294010865183786	46.294010865183786
1126	46.39727459525888	46.39727459525888
1127	46.50028161753041	46.50028161753041
1128	46.60240838380717	46.60240838380717
1129	46.70576559433529	46.70576559433529
1130	46.810652784364244	46.810652784364244
1131	46.91719367506495	46.91719367506495
1132	47.02058455255268	47.02058455255268
1133	47.11741105788061	47.11741105788061
1134	47.208227804374296	47.208227804374296
1135	47.30190219843996	47.30190219843996
1136	47.395592583013475	47.395592583013475
1137	47.486213271626845	47.486213271626845
1138	47.57814638111408	47.57814638111408
1139	47.6640081682761	47.6640081682761
1140	47.73937466425001	47.73937466425001
1141	47.80893185208142	47.80893185208142
1142	47.87330380655582	47.87330380655582
1143	47.93955042825434	47.93955042825434
1144	48.01009616926938	48.01009616926938
1145	48.08231175611274	48.08231175611274
1146	48.14559199957081	48.14559199957081
1147	48.20712610688622	48.20712610688622
1148	48.27121211450631	48.27121211450631
1149	48.34153504617376	48.34153504617376
1150	48.41481672151738	48.41481672151738
1151	48.48015736159837	48.48015736159837
1152	48.54338782339322	48.54338782339322
1153	48.60895727656405	48.60895727656405
1154	48.67355443160212	48.67355443160212
1155	48.741355563285516	48.741355563285516
1156	48.806818155198194	48.806818155198194
1157	48.868434494096746	48.868434494096746
1158	48.929690377940105	48.929690377940105
1159	48.99406342053718	48.99406342053718
1160	49.06310785365816	49.06310785365816
1161	49.13652890492045	49.13652890492045
1162	49.21046448177724	49.21046448177724
1163	49.27906005859239	49.27906005859239
1164	49.3415113787495	49.3415113787495
1165	49.396281465625385	49.396281465625385
1166	49.45036988537809	49.45036988537809
1167	49.49986018600154	49.49986018600154
1168	49.53962015138818	49.53962015138818
1169	49.57123035458225	49.57123035458225
1170	49.59984518196945	49.59984518196945
1171	49.633140920591835	49.633140920591835
1172	49.67106600235212	49.67106600235212
1173	49.707742445724264	49.707742445724264
1174	49.74338167639708	49.74338167639708
1175	49.78074175377102	49.78074175377102
1176	49.82335153626147	49.82335153626147
1177	49.86404114842507	49.86404114842507
1178	49.90114590739241	49.90114590739241
1179	49.93958113154291	49.93958113154291
1180	49.97508214959286	49.97508214959286
1181	50.00986526104119	50.00986526104119
1182	50.04255922888339	50.04255922888339
1183	50.07456351827414	50.07456351827414
1184	50.10462668049867	50.10462668049867
1185	50.135242140722205	50.135242140722205
1186	50.16502121159653	50.16502121159653
1187	50.19349606800877	50.19349606800877
1188	50.220332396266514	50.220332396266514
1189	50.24388313727478	50.24388313727478
1190	50.269532821767704	50.269532821767704
1191	50.30698650242163	50.30698650242163
1192	50.344221242814726	50.344221242814726
1193	50.374102049410496	50.374102049410496
1194	50.40560245014085	50.40560245014085
1195	50.435227747674766	50.435227747674766
1196	50.471617079167515	50.471617079167515
1197	50.50282691396188	50.50282691396188
1198	50.53620346739055	50.53620346739055
1199	50.5696590540869	50.5696590540869
1200	50.59837549050062	50.59837549050062
1201	50.619979632346265	50.619979632346265
1202	50.638819192329414	50.638819192329414
1203	50.654283631387614	50.654283631387614
1204	50.66832385944957	50.66832385944957
1205	50.67749347215423	50.67749347215423
1206	50.69376598032781	50.69376598032781
1207	50.71075613772617	50.71075613772617
1208	50.720648973864556	50.720648973864556
1209	50.72526728064125	50.72526728064125
1210	50.72988551938565	50.72988551938565
1211	50.73849182971782	50.73849182971782
1212	50.745587067363374	50.745587067363374
1213	50.7509566911581	50.7509566911581
1214	50.752939063827	50.752939063827
1215	50.748522956891236	50.748522956891236
1216	50.73988439674308	50.73988439674308
1217	50.743010290005685	50.743010290005685
1218	50.74919970210952	50.74919970210952
1219	50.76093365236696	50.76093365236696
1220	50.78023143415367	50.78023143415367
1221	50.794717119599156	50.794717119599156
1222	50.804152939107965	50.804152939107965
1223	50.8256365358764	50.8256365358764
1224	50.84792153818728	50.84792153818728
1225	50.86732436047716	50.86732436047716
1226	50.89386075430597	50.89386075430597
1227	50.92032118647595	50.92032118647595
1228	50.95180749958964	50.95180749958964
1229	50.979249095167944	50.979249095167944
1230	51.010772060315176	51.010772060315176
1231	51.04331247493727	51.04331247493727
1232	51.071500137713066	51.071500137713066
1233	51.09992340472942	51.09992340472942
1234	51.12586839228472	51.12586839228472
1235	51.148409222197294	51.148409222197294
1236	51.16450948546225	51.16450948546225
1237	51.18234465715867	51.18234465715867
1238	51.19835313702408	51.19835313702408
1239	51.214406285491854	51.214406285491854
1240	51.233067371951364	51.233067371951364
1241	51.25204961576339	51.25204961576339
1242	51.27243059093779	51.27243059093779
1243	51.291298548002814	51.291298548002814
1244	51.30304032916912	51.30304032916912
1245	51.31104427586361	51.31104427586361
1246	51.31825223194271	51.31825223194271
1247	51.3242867074909	51.3242867074909
1248	51.33765365344224	51.33765365344224
1249	51.344620857078056	51.344620857078056
1250	51.34937059543496	51.34937059543496
1251	51.353468392687944	51.353468392687944
1252	51.36337165998678	51.36337165998678
1253	51.37843437545375	51.37843437545375
1254	51.39386577011517	51.39386577011517
1255	51.41257918092739	51.41257918092739
1256	51.4393235061889	51.4393235061889
1257	51.468522125012576	51.468522125012576
1258	51.49830225386655	51.49830225386655
1259	51.527270699076766	51.527270699076766
1260	51.56085108105351	51.56085108105351
1261	51.597940907739044	51.597940907739044
1262	51.63818843682807	51.63818843682807
1263	51.66836246174725	51.66836246174725
1264	51.70286872708784	51.70286872708784
1265	51.73477689027617	51.73477689027617
1266	51.76428605522626	51.76428605522626
1267	51.79305179901976	51.79305179901976
1268	51.82834602392181	51.82834602392181
1269	51.873355465372995	51.873355465372995
1270	51.92197312202441	51.92197312202441
1271	51.97126164357306	51.97126164357306
1272	52.017875886647545	52.017875886647545
1273	52.06023592088676	52.06023592088676
1274	52.09071163431083	52.09071163431083
1275	52.112533149666554	52.112533149666554
1276	52.12159712307414	52.12159712307414
1277	52.125740485492685	52.125740485492685
1278	52.13695077921736	52.13695077921736
1279	52.148400277681446	52.148400277681446
1280	52.15794050468816	52.15794050468816
1281	52.177447056473014	52.177447056473014
1282	52.19246184139146	52.19246184139146
1283	52.214409959701754	52.214409959701754
1284	52.24601849053313	52.24601849053313
1285	52.287834939871885	52.287834939871885
1286	52.335209505650866	52.335209505650866
1287	52.38199272300424	52.38199272300424
1288	52.427409827140536	52.427409827140536
1289	52.467346796222884	52.467346796222884
1290	52.50453024654102	52.50453024654102
1291	52.54350107357946	52.54350107357946
1292	52.58367495939957	52.58367495939957
1293	52.621251527163395	52.621251527163395
1294	52.65349896306369	52.65349896306369
1295	52.684625644996956	52.684625644996956
1296	52.71468927387696	52.71468927387696
1297	52.74717692450635	52.74717692450635
1298	52.791039970925084	52.791039970925084
1299	52.84992947971874	52.84992947971874
1300	52.90571207992341	52.90571207992341
1301	52.95800553507416	52.95800553507416
1302	53.0143093147283	53.0143093147283
1303	53.070743490695094	53.070743490695094
1304	53.13013069759062	53.13013069759062
1305	53.19239079365872	53.19239079365872
1306	53.256312948201945	53.256312948201945
1307	53.31809404332368	53.31809404332368
1308	53.37817683947924	53.37817683947924
1309	53.44005206077029	53.44005206077029
1310	53.507691532308215	53.507691532308215
1311	53.5781436535669	53.5781436535669
1312	53.658811831076726	53.658811831076726
1313	53.739037923275916	53.739037923275916
1314	53.82980779405591	53.82980779405591
1315	53.92021199178458	53.92021199178458
1316	54.0154351115776	54.0154351115776
1317	54.11024497821148	54.11024497821148
1318	54.20646254418658	54.20646254418658
1319	54.29773163258943	54.29773163258943
1320	54.383991303638616	54.383991303638616
1321	54.46884178574264	54.46884178574264
1322	54.558817747319736	54.558817747319736
1323	54.66387065748238	54.66387065748238
1324	54.76804874969924	54.76804874969924
1325	54.86188982915513	54.86188982915513
1326	54.94063228336863	54.94063228336863
1327	55.02291748367808	55.02291748367808
1328	55.11665129537032	55.11665129537032
1329	55.216182103836594	55.216182103836594
1330	55.32320961777364	55.32320961777364
1331	55.42708139830074	55.42708139830074
1332	55.53456720113272	55.53456720113272
1333	55.64784446679345	55.64784446679345
1334	55.772158443221954	55.772158443221954
1335	55.90072525420594	55.90072525420594
1336	56.01889153772315	56.01889153772315
1337	56.135931059960086	56.135931059960086
1338	56.24439354044898	56.24439354044898
1339	56.34551602590419	56.34551602590419
1340	56.44943719753161	56.44943719753161
1341	56.552616690250375	56.552616690250375
1342	56.66084678035979	56.66084678035979
1343	56.77625604144772	56.77625604144772
1344	56.89019063895799	56.89019063895799
1345	57.00239208276142	57.00239208276142
1346	57.11193016917484	57.11193016917484
1347	57.21084750518024	57.21084750518024
1348	57.30499720085679	57.30499720085679
1349	57.40120217749883	57.40120217749883
1350	57.50273477071774	57.50273477071774
1351	57.60718281178693	57.60718281178693
1352	57.71338518288669	57.71338518288669
1353	57.82546315399332	57.82546315399332
1354	57.93699798421353	57.93699798421353
1355	58.057760917721225	58.057760917721225
1356	58.18399397821064	58.18399397821064
1357	58.30312166438206	58.30312166438206
1358	58.41983979333145	58.41983979333145
1359	58.526920720336285	58.526920720336285
1360	58.631943256885705	58.631943256885705
1361	58.7290759797976	58.7290759797976
1362	58.832806827739454	58.832806827739454
1363	58.93648618518252	58.93648618518252
1364	59.037125510777905	59.037125510777905
1365	59.14272828616605	59.14272828616605
1366	59.24628618479966	59.24628618479966
1367	59.342002889751996	59.342002889751996
1368	59.429190105096055	59.429190105096055
1369	59.510428919251545	59.510428919251545
1370	59.5835414184224	59.5835414184224
1371	59.65176484493291	59.65176484493291
1372	59.71560125549804	59.71560125549804
1373	59.76886184101755	59.76886184101755
1374	59.81971281574882	59.81971281574882
1375	59.860260483428476	59.860260483428476
1376	59.91906046535138	59.91906046535138
1377	59.97613080672702	59.97613080672702
1378	60.026543067087	60.026543067087
1379	60.070593536959535	60.070593536959535
1380	60.11779745350763	60.11779745350763
1381	60.15660188263546	60.15660188263546
1382	60.19193433774707	60.19193433774707
1383	60.2250394744302	60.2250394744302
1384	60.2628017466307	60.2628017466307
1385	60.30949158592557	60.30949158592557
1386	60.359302120477665	60.359302120477665
1387	60.40901799425877	60.40901799425877
1388	60.44836441607538	60.44836441607538
1389	60.50352201031511	60.50352201031511
1390	60.55025959714844	60.55025959714844
1391	60.59354674370564	60.59354674370564
1392	60.64016307034072	60.64016307034072
1393	60.702490837194844	60.702490837194844
1394	60.77338325122938	60.77338325122938
1395	60.84195916722864	60.84195916722864
1396	60.89541226363378	60.89541226363378
1397	60.94277626783499	60.94277626783499
1398	60.9881438115814	60.9881438115814
1399	61.02358907057226	61.02358907057226
1400	61.063277877388735	61.063277877388735
1401	61.09872623748955	61.09872623748955
1402	61.12029089282603	61.12029089282603
1403	61.14087872502479	61.14087872502479
1404	61.166550519924726	61.166550519924726
1405	61.19844291235161	61.19844291235161
1406	61.229089115266554	61.229089115266554
1407	61.25200037463803	61.25200037463803
1408	61.2807886647706	61.2807886647706
1409	61.305036728802285	61.305036728802285
1410	61.32159988023269	61.32159988023269
1411	61.34420336914137	61.34420336914137
1412	61.37360427082384	61.37360427082384
1413	61.42222553933601	61.42222553933601
1414	61.477178229677236	61.477178229677236
1415	61.54243733215463	61.54243733215463
1416	61.604064469430426	61.604064469430426
1417	61.672651156800946	61.672651156800946
1418	61.732092694717366	61.732092694717366
1419	61.77919576556535	61.77919576556535
1420	61.81561058707197	61.81561058707197
1421	61.84935550696187	61.84935550696187
1422	61.892299915060576	61.892299915060576
1423	61.94228193906034	61.94228193906034
1424	61.98829758713467	61.98829758713467
1425	62.02337493221092	62.02337493221092
1426	62.047049207578404	62.047049207578404
1427	62.063941801526084	62.063941801526084
1428	62.08427688298403	62.08427688298403
1429	62.11729186046189	62.11729186046189
1430	62.15686209617647	62.15686209617647
1431	62.18963445632042	62.18963445632042
1432	62.216321186568194	62.216321186568194
1433	62.23946456921797	62.23946456921797
1434	62.261300002989536	62.261300002989536
1435	62.27956456843101	62.27956456843101
1436	62.29291667027762	62.29291667027762
1437	62.309970577403156	62.309970577403156
1438	62.31971784423615	62.31971784423615
1439	62.320752644153124	62.320752644153124
1440	62.311013488343576	62.311013488343576
1441	62.30420526596254	62.30420526596254
1442	62.285556590000915	62.285556590000915
1443	62.25676660247112	62.25676660247112
1444	62.22114974229011	62.22114974229011
1445	62.17987703832733	62.17987703832733
1446	62.13321955264411	62.13321955264411
1447	62.1045844804052	62.1045844804052
1448	62.08618056278377	62.08618056278377
1449	62.07502096967035	62.07502096967035
1450	62.04794091916652	62.04794091916652
1451	62.01878595238623	62.01878595238623
1452	61.99047462495554	61.99047462495554
1453	61.96561162969222	61.96561162969222
1454	61.93763294731777	61.93763294731777
1455	61.915326594198504	61.915326594198504
1456	61.88220727153376	61.88220727153376
1457	61.85989427422223	61.85989427422223
1458	61.8465088991029	61.8465088991029
1459	61.83015865351919	61.83015865351919
1460	61.81773479791978	61.81773479791978
1461	61.80716620783984	61.80716620783984
1462	61.794183058960684	61.794183058960684
1463	61.77976303424953	61.77976303424953
1464	61.75333831163505	61.75333831163505
1465	61.71486583378618	61.71486583378618
1466	61.66228077585427	61.66228077585427
1467	61.6136358265652	61.6136358265652
1468	61.55749699392132	61.55749699392132
1469	61.501291151550625	61.501291151550625
1470	61.43729566422961	61.43729566422961
1471	61.36463474894781	61.36463474894781
1472	61.30175654537561	61.30175654537561
1473	61.23480328131936	61.23480328131936
1474	61.16720052353657	61.16720052353657
1475	61.10134973550633	61.10134973550633
1476	61.032335359434185	61.032335359434185
1477	60.962522957928655	60.962522957928655
1478	60.891107835017735	60.891107835017735
1479	60.83899394364278	60.83899394364278
1480	60.782478048039415	60.782478048039415
1481	60.73580574521942	60.73580574521942
1482	60.67682892679028	60.67682892679028
1483	60.62715515728709	60.62715515728709
1484	60.5839685644239	60.5839685644239
1485	60.55558158175288	60.55558158175288
1486	60.52074241260084	60.52074241260084
1487	60.47495521629388	60.47495521629388
1488	60.442614162815985	60.442614162815985
1489	60.42537356734859	60.42537356734859
1490	60.428736612173054	60.428736612173054
1491	60.46054677607262	60.46054677607262
1492	60.51254108598786	60.51254108598786
1493	60.56102360203951	60.56102360203951
1494	60.62268704899422	60.62268704899422
1495	60.69472461692922	60.69472461692922
1496	60.76757077695603	60.76757077695603
1497	60.83345906145678	60.83345906145678
1498	60.89558755552294	60.89558755552294
1499	60.93878270459322	60.93878270459322
1500	60.978473664565016	60.978473664565016
1501	61.02605558741421	61.02605558741421
1502	61.0828217732659	61.0828217732659
1503	61.13060347455618	61.13060347455618
1504	61.17977027412816	61.17977027412816
1505	61.22125182643401	61.22125182643401
1506	61.25522894124993	61.25522894124993
1507	61.294217876064266	61.294217876064266
1508	61.329689147943164	61.329689147943164
1509	61.36410454601573	61.36410454601573
1510	61.40138228955574	61.40138228955574
1511	61.45011372760335	61.45011372760335
1512	61.49276015650163	61.49276015650163
1513	61.53718719567752	61.53718719567752
1514	61.57801644503252	61.57801644503252
1515	61.61644335910044	61.61644335910044
1516	61.65327192617822	61.65327192617822
1517	61.70421616498655	61.70421616498655
1518	61.76498854258724	61.76498854258724
1519	61.8210674312062	61.8210674312062
1520	61.87625768809845	61.87625768809845
1521	61.94611855836463	61.94611855836463
1522	62.01715692479206	62.01715692479206
1523	62.07688174583434	62.07688174583434
1524	62.14012407114232	62.14012407114232
1525	62.19856491356232	62.19856491356232
1526	62.245559848763754	62.245559848763754
1527	62.28729893809819	62.28729893809819
1528	62.33229730250941	62.33229730250941
1529	62.36940252503996	62.36940252503996
1530	62.40849705887938	62.40849705887938
1531	62.45003105973302	62.45003105973302
1532	62.494887334920065	62.494887334920065
1533	62.546394176352564	62.546394176352564
1534	62.594502279924455	62.594502279924455
1535	62.646052422153865	62.646052422153865
1536	62.69734287377639	62.69734287377639
1537	62.73626576972646	62.73626576972646
1538	62.779180681749025	62.779180681749025
1539	62.80683768571932	62.80683768571932
1540	62.82360542799111	62.82360542799111
1541	62.820805563829566	62.820805563829566
1542	62.81384983746586	62.81384983746586
1543	62.817940824954846	62.817940824954846
1544	62.81642341315995	62.81642341315995
1545	62.80863479492715	62.80863479492715
1546	62.78687101617841	62.78687101617841
1547	62.78559627413911	62.78559627413911
1548	62.79531688958319	62.79531688958319
1549	62.826777132692854	62.826777132692854
1550	62.86800285288613	62.86800285288613
1551	62.91841747155567	62.91841747155567
1552	62.971946640491225	62.971946640491225
1553	63.034994508492076	63.034994508492076
1554	63.1127626161023	63.1127626161023
1555	63.20130198112197	63.20130198112197
1556	63.28192255670984	63.28192255670984
1557	63.36205180075629	63.36205180075629
1558	63.43934470406122	63.43934470406122
1559	63.52102067755376	63.52102067755376
1560	63.6090652441024	63.6090652441024
1561	63.713588076621846	63.713588076621846
1562	63.826516339144824	63.826516339144824
1563	63.93098890124041	63.93098890124041
1564	64.02994064324395	64.02994064324395
1565	64.11942107144506	64.11942107144506
1566	64.21362733208436	64.21362733208436
1567	64.303982709146	64.303982709146
1568	64.40801431526171	64.40801431526171
1569	64.49579225708094	64.49579225708094
1570	64.57126243229028	64.57126243229028
1571	64.65999290971344	64.65999290971344
1572	64.7606634604781	64.7606634604781
1573	64.85363818400788	64.85363818400788
1574	64.9356582801482	64.9356582801482
1575	65.01582279999883	65.01582279999883
1576	65.08861463279835	65.08861463279835
1577	65.16068068697956	65.16068068697956
1578	65.23233495134824	65.23233495134824
1579	65.31006371294578	65.31006371294578
1580	65.3892354585119	65.3892354585119
1581	65.46747270371965	65.46747270371965
1582	65.53815809566592	65.53815809566592
1583	65.60357203314736	65.60357203314736
1584	65.65211844331843	65.65211844331843
1585	65.7046045232414	65.7046045232414
1586	65.74666090613208	65.74666090613208
1587	65.78113026957422	65.78113026957422
1588	65.81862300758377	65.81862300758377
1589	65.84288320241333	65.84288320241333
1590	65.88997923234776	65.88997923234776
1591	65.95164617556208	65.95164617556208
1592	66.01579280768902	66.01579280768902
1593	66.06273042181128	66.06273042181128
1594	66.10953076528332	66.10953076528332
1595	66.14878792407126	66.14878792407126
1596	66.20121490849836	66.20121490849836
1597	66.26787035086888	66.26787035086888
1598	66.33169574511258	66.33169574511258
1599	66.40718368289167	66.40718368289167
1600	66.48282843976938	66.48282843976938
1601	66.53886499845608	66.53886499845608
1602	66.59483516665011	66.59483516665011
1603	66.64853844280343	66.64853844280343
1604	66.7012726196921	66.7012726196921
1605	66.73981850380599	66.73981850380599
1606	66.77417684824988	66.77417684824988
1607	66.80342642802185	66.80342642802185
1608	66.84955085579244	66.84955085579244
1609	66.90573268931585	66.90573268931585
1610	66.9396767189236	66.9396767189236
1611	66.9743212838535	66.9743212838535
1612	66.9957256625674	66.9957256625674
1613	67.01081557069074	67.01081557069074
1614	67.02271824998304	67.02271824998304
1615	67.04924653748078	67.04924653748078
1616	67.09650813966967	67.09650813966967
1617	67.13290253306718	67.13290253306718
1618	67.15934124023897	67.15934124023897
1619	67.18853833579747	67.18853833579747
1620	67.22090977608805	67.22090977608805
1621	67.2377042201651	67.2377042201651
1622	67.24490674002013	67.24490674002013
1623	67.2546370571505	67.2546370571505
1624	67.2617705532059	67.2617705532059
1625	67.27269573964153	67.27269573964153
1626	67.29380906936242	67.29380906936242
1627	67.31199439534515	67.31199439534515
1628	67.3087935450026	67.3087935450026
1629	67.29015672564535	67.29015672564535
1630	67.25799771756417	67.25799771756417
1631	67.24589163149916	67.24589163149916
1632	67.23218436934887	67.23218436934887
1633	67.21513799779905	67.21513799779905
1634	67.19695824584741	67.19695824584741
1635	67.1681439511882	67.1681439511882
1636	67.13448697682003	67.13448697682003
1637	67.09778414761513	67.09778414761513
1638	67.07312951695278	67.07312951695278
1639	67.05215368828259	67.05215368828259
1640	67.03173926156482	67.03173926156482
1641	67.0229016823119	67.0229016823119
1642	67.01733873216374	67.01733873216374
1643	67.02600276266442	67.02600276266442
1644	67.04448389276232	67.04448389276232
1645	67.0583448818915	67.0583448818915
1646	67.07602881877749	67.07602881877749
1647	67.09404486991308	67.09404486991308
1648	67.10947755799486	67.10947755799486
1649	67.11966259147334	67.11966259147334
1650	67.13234746055683	67.13234746055683
1651	67.15330043717952	67.15330043717952
1652	67.17809650238587	67.17809650238587
1653	67.21721043934916	67.21721043934916
1654	67.26265163350863	67.26265163350863
1655	67.3027397229897	67.3027397229897
1656	67.33792675976278	67.33792675976278
1657	67.37266006088024	67.37266006088024
1658	67.42328571687729	67.42328571687729
1659	67.49256053877036	67.49256053877036
1660	67.58023708071961	67.58023708071961
1661	67.65985794412722	67.65985794412722
1662	67.74088265665819	67.74088265665819
1663	67.81175266364491	67.81175266364491
1664	67.88229923191717	67.88229923191717
1665	67.9487063740304	67.9487063740304
1666	68.0204345796648	68.0204345796648
1667	68.08519218379386	68.08519218379386
1668	68.15368224139067	68.15368224139067
1669	68.23539684157402	68.23539684157402
1670	68.32418967578273	68.32418967578273
1671	68.40579045135837	68.40579045135837
1672	68.4918358610973	68.4918358610973
1673	68.58331772047416	68.58331772047416
1674	68.6760381705129	68.6760381705129
1675	68.77028459781755	68.77028459781755
1676	68.87468226934381	68.87468226934381
1677	69.00017660512435	69.00017660512435
1678	69.13173436070504	69.13173436070504
1679	69.27311350355514	69.27311350355514
1680	69.43082582944201	69.43082582944201
1681	69.58596382494179	69.58596382494179
1682	69.73347027129596	69.73347027129596
1683	69.8802772455434	69.8802772455434
1684	70.03416596953117	70.03416596953117
1685	70.18677641096568	70.18677641096568
1686	70.33356363573238	70.33356363573238
1687	70.47845196307554	70.47845196307554
1688	70.63128845304442	70.63128845304442
1689	70.77190023374119	70.77190023374119
1690	70.89329012878446	70.89329012878446
1691	71.00304206932115	71.00304206932115
1692	71.09159825137034	71.09159825137034
1693	71.1686534624471	71.1686534624471
1694	71.24835864959385	71.24835864959385
1695	71.3177700905482	71.3177700905482
1696	71.38034197939311	71.38034197939311
1697	71.45310172132821	71.45310172132821
1698	71.5210651574964	71.5210651574964
1699	71.58736701781076	71.58736701781076
1700	71.66263583948616	71.66263583948616
1701	71.73485512066773	71.73485512066773
1702	71.80023064099531	71.80023064099531
1703	71.88771549579451	71.88771549579451
1704	71.98566858859465	71.98566858859465
1705	72.08674873523931	72.08674873523931
1706	72.1849895527854	72.1849895527854
1707	72.30518004609748	72.30518004609748
1708	72.4156219377063	72.4156219377063
1709	72.52476841976929	72.52476841976929
1710	72.63502967646244	72.63502967646244
1711	72.73447373590676	72.73447373590676
1712	72.8248262692951	72.8248262692951
1713	72.92098524972701	72.92098524972701
1714	73.03247753233863	73.03247753233863
1715	73.14073096029016	73.14073096029016
1716	73.25902333503547	73.25902333503547
1717	73.38317868701753	73.38317868701753
1718	73.50908492648993	73.50908492648993
1719	73.63307614640343	73.63307614640343
1720	73.76360916493526	73.76360916493526
1721	73.91081253137375	73.91081253137375
1722	74.05392654360138	74.05392654360138
1723	74.18593170260385	74.18593170260385
1724	74.31148987482733	74.31148987482733
1725	74.425492892112	74.425492892112
1726	74.54101157453013	74.54101157453013
1727	74.64884889348794	74.64884889348794
1728	74.76940784702886	74.76940784702886
1729	74.87643660268185	74.87643660268185
1730	74.99205433418065	74.99205433418065
1731	75.1034385554983	75.1034385554983
1732	75.22356769998152	75.22356769998152
1733	75.36178549551299	75.36178549551299
1734	75.48914725443923	75.48914725443923
1735	75.59879783021724	75.59879783021724
1736	75.68472656341507	75.68472656341507
1737	75.76003726068313	75.76003726068313
1738	75.81206190622802	75.81206190622802
1739	75.89591615733893	75.89591615733893
1740	75.98326223780333	75.98326223780333
1741	76.07026615871648	76.07026615871648
1742	76.1548632664738	76.1548632664738
1743	76.21650677664846	76.21650677664846
1744	76.29696967872063	76.29696967872063
1745	76.3653484012635	76.3653484012635
1746	76.42040813828915	76.42040813828915
1747	76.48092056785099	76.48092056785099
1748	76.56661955036789	76.56661955036789
1749	76.64919724243231	76.64919724243231
1750	76.71808169257672	76.71808169257672
1751	76.76402562979594	76.76402562979594
1752	76.77551998125543	76.77551998125543
1753	76.77596305482354	76.77596305482354
1754	76.77810174682473	76.77810174682473
1755	76.78526563612894	76.78526563612894
1756	76.79574262550025	76.79574262550025
1757	76.82148076957209	76.82148076957209
1758	76.85262062939547	76.85262062939547
1759	76.89767653262138	76.89767653262138
1760	76.94481469958686	76.94481469958686
1761	76.98244699662986	76.98244699662986
1762	77.00608264619528	77.00608264619528
1763	77.02041102907775	77.02041102907775
1764	77.00905367319466	77.00905367319466
1765	77.02502549355981	77.02502549355981
1766	77.05670568322996	77.05670568322996
1767	77.1020425012284	77.1020425012284
1768	77.13699828506545	77.13699828506545
1769	77.1555203240333	77.1555203240333
1770	77.16697516521273	77.16697516521273
1771	77.16376590476212	77.16376590476212
1772	77.15894361797237	77.15894361797237
1773	77.15109295386284	77.15109295386284
1774	77.14552410924574	77.14552410924574
1775	77.13970910968823	77.13970910968823
1776	77.13478279057043	77.13478279057043
1777	77.14574297537209	77.14574297537209
1778	77.15758053748621	77.15758053748621
1779	77.18322616022272	77.18322616022272
1780	77.20645629379642	77.20645629379642
1781	77.23165849478737	77.23165849478737
1782	77.25675617277348	77.25675617277348
1783	77.28202653987944	77.28202653987944
1784	77.34076037848916	77.34076037848916
1785	77.3862318546166	77.3862318546166
1786	77.42430609567535	77.42430609567535
1787	77.46279206534739	77.46279206534739
1788	77.48765670952854	77.48765670952854
1789	77.5152506126519	77.5152506126519
1790	77.53238448882509	77.53238448882509
1791	77.54044188154427	77.54044188154427
1792	77.52394316533945	77.52394316533945
1793	77.46655559080685	77.46655559080685
1794	77.38836235262403	77.38836235262403
1795	77.31652660413602	77.31652660413602
1796	77.25461705322532	77.25461705322532
1797	77.20215479858183	77.20215479858183
1798	77.1281151388821	77.1281151388821
1799	77.07901787218621	77.07901787218621
1800	77.04286464489489	77.04286464489489
1801	77.01535914398725	77.01535914398725
1802	76.9951991007689	76.9951991007689
1803	76.97312961011404	76.97312961011404
1804	76.94767558385098	76.94767558385098
1805	76.91670513998321	76.91670513998321
1806	76.87604945493597	76.87604945493597
1807	76.84176012075137	76.84176012075137
1808	76.79581641810948	76.79581641810948
1809	76.76134843670205	76.76134843670205
1810	76.7517556579859	76.7517556579859
1811	76.76083931473799	76.76083931473799
1812	76.77183594336965	76.77183594336965
1813	76.77840432061879	76.77840432061879
1814	76.77835851617496	76.77835851617496
1815	76.77604815456398	76.77604815456398
1816	76.7666103510266	76.7666103510266
1817	76.76018272219044	76.76018272219044
1818	76.7483632134393	76.7483632134393
1819	76.71202952132238	76.71202952132238
1820	76.69065508976972	76.69065508976972
1821	76.6565909945019	76.6565909945019
1822	76.62194106142405	76.62194106142405
1823	76.57783942822091	76.57783942822091
1824	76.51913867609038	76.51913867609038
1825	76.49038796536581	76.49038796536581
1826	76.46811313729843	76.46811313729843
1827	76.47619578124547	76.47619578124547
1828	76.5179899819343	76.5179899819343
1829	76.56541700698284	76.56541700698284
1830	76.62569787288835	76.62569787288835
1831	76.67437599595058	76.67437599595058
1832	76.73443760351867	76.73443760351867
1833	76.78785412623186	76.78785412623186
1834	76.82923485230268	76.82923485230268
1835	76.87166492177293	76.87166492177293
1836	76.90570467646211	76.90570467646211
1837	76.93146830133881	76.93146830133881
1838	76.937715417488	76.937715417488
1839	76.94628338578237	76.94628338578237
1840	76.95703500762907	76.95703500762907
1841	76.94179729541332	76.94179729541332
1842	76.94572513100292	76.94572513100292
1843	76.9650432540156	76.9650432540156
1844	76.97564067261312	76.97564067261312
1845	76.96547139952513	76.96547139952513
1846	76.93450963920276	76.93450963920276
1847	76.86949138598234	76.86949138598234
1848	76.78006674667897	76.78006674667897
1849	76.66329899337077	76.66329899337077
1850	76.54449618276499	76.54449618276499
1851	76.40846605639403	76.40846605639403
1852	76.26740778689897	76.26740778689897
1853	76.11691346823216	76.11691346823216
1854	75.92401154062138	75.92401154062138
1855	75.73418598043101	75.73418598043101
1856	75.51434117695621	75.51434117695621
1857	75.2900344556714	75.2900344556714
1858	75.05267896408819	75.05267896408819
1859	74.79108873569336	74.79108873569336
1860	74.52818725362297	74.52818725362297
1861	74.27336991616289	74.27336991616289
1862	74.01624748769416	74.01624748769416
1863	73.7527384204457	73.7527384204457
1864	73.4883964170894	73.4883964170894
1865	73.23008869040822	73.23008869040822
1866	72.95112313121992	72.95112313121992
1867	72.682037047305	72.682037047305
1868	72.42189768317574	72.42189768317574
1869	72.16259765719961	72.16259765719961
1870	71.88851165428574	71.88851165428574
1871	71.59796155160822	71.59796155160822
1872	71.29732418868342	71.29732418868342
1873	71.00685117669612	71.00685117669612
1874	70.7059924334148	70.7059924334148
1875	70.42161014218259	70.42161014218259
1876	70.18827768782174	70.18827768782174
1877	69.94531217280986	69.94531217280986
1878	69.71929887246614	69.71929887246614
1879	69.50252459598697	69.50252459598697
1880	69.3120546211454	69.3120546211454
1881	69.09320925332433	69.09320925332433
1882	68.88720435190524	68.88720435190524
1883	68.71198054064236	68.71198054064236
1884	68.5555031310502	68.5555031310502
1885	68.40080451982085	68.40080451982085
1886	68.24863144129647	68.24863144129647
1887	68.1201038246849	68.1201038246849
1888	67.97128921064811	67.97128921064811
1889	67.8632774370064	67.8632774370064
1890	67.78099748641301	67.78099748641301
1891	67.68851049867797	67.68851049867797
1892	67.58654593442766	67.58654593442766
1893	67.48455672201023	67.48455672201023
1894	67.36415205365458	67.36415205365458
1895	67.21795203085881	67.21795203085881
1896	67.07435971881691	67.07435971881691
1897	66.95588397599893	66.95588397599893
1898	66.85833640161452	66.85833640161452
1899	66.76119360493823	66.76119360493823
1900	66.65238754811867	66.65238754811867
1901	66.56577804797584	66.56577804797584
1902	66.4986926018145	66.4986926018145
1903	66.43880313551901	66.43880313551901
1904	66.40537763338953	66.40537763338953
1905	66.40032505133554	66.40032505133554
1906	66.41972865675385	66.41972865675385
1907	66.46116730545971	66.46116730545971
1908	66.54462567317644	66.54462567317644
1909	66.6232096694096	66.6232096694096
1910	66.67193884789505	66.67193884789505
1911	66.69998930003787	66.69998930003787
1912	66.73779199895122	66.73779199895122
1913	66.81152423903988	66.81152423903988
1914	66.83138399587637	66.83138399587637
1915	66.84063489116205	66.84063489116205
1916	66.84599903001696	66.84599903001696
1917	66.85645429007957	66.85645429007957
1918	66.83084305118895	66.83084305118895
1919	66.83084169210963	66.83084169210963
1920	66.85065496357356	66.85065496357356
1921	66.89298112383197	66.89298112383197
1922	66.94409209362796	66.94409209362796
1923	67.02786002915695	67.02786002915695
1924	67.13708855450878	67.13708855450878
1925	67.27998453648843	67.27998453648843
1926	67.46514878621113	67.46514878621113
1927	67.64513966043206	67.64513966043206
1928	67.82497678494623	67.82497678494623
1929	68.01756044676861	68.01756044676861
1930	68.20601610280262	68.20601610280262
1931	68.39642836142403	68.39642836142403
1932	68.60481361562303	68.60481361562303
1933	68.7585759799307	68.7585759799307
1934	68.91858688500609	68.91858688500609
1935	69.08337538163026	69.08337538163026
1936	69.26896203340634	69.26896203340634
1937	69.47732925078004	69.47732925078004
1938	69.70332050879871	69.70332050879871
1939	69.91932724204678	69.91932724204678
1940	70.14916692031639	70.14916692031639
1941	70.41348124870996	70.41348124870996
1942	70.65661482896064	70.65661482896064
1943	70.90328642518634	70.90328642518634
1944	71.17100900734431	71.17100900734431
1945	71.42136733889659	71.42136733889659
1946	71.64491427786173	71.64491427786173
1947	71.87374890642893	71.87374890642893
1948	72.08467404130405	72.08467404130405
1949	72.27988546051323	72.27988546051323
1950	72.49507527913265	72.49507527913265
1951	72.70618059254684	72.70618059254684
1952	72.8348224460759	72.8348224460759
1953	72.93239623690155	72.93239623690155
1954	73.018413833424	73.018413833424
1955	73.04535005015669	73.04535005015669
1956	73.11548953293138	73.11548953293138
1957	73.16448255803859	73.16448255803859
1958	73.1735414450872	73.1735414450872
1959	73.2176448353143	73.2176448353143
1960	73.25045120980774	73.25045120980774
1961	73.28506616997291	73.28506616997291
1962	73.31031059643192	73.31031059643192
1963	73.33884109067824	73.33884109067824
1964	73.35348811132975	73.35348811132975
1965	73.31442794732634	73.31442794732634
1966	73.23000231738867	73.23000231738867
1967	73.12130855530107	73.12130855530107
1968	73.01601548996402	73.01601548996402
1969	72.96515879100556	72.96515879100556
1970	72.89718140591752	72.89718140591752
1971	72.88903795003516	72.88903795003516
1972	72.84545235300939	72.84545235300939
1973	72.80535795167367	72.80535795167367
1974	72.72405191039249	72.72405191039249
1975	72.61476240135461	72.61476240135461
1976	72.50187058651494	72.50187058651494
1977	72.31666893451688	72.31666893451688
1978	72.08795462945788	72.08795462945788
1979	71.77489562614764	71.77489562614764
1980	71.49753005658391	71.49753005658391
1981	71.22248010568397	71.22248010568397
1982	71.00216748074254	71.00216748074254
1983	70.72165842710871	70.72165842710871
1984	70.44593498244825	70.44593498244825
1985	70.1698365525427	70.1698365525427
1986	69.93192928214687	69.93192928214687
1987	69.64246648537944	69.64246648537944
1988	69.40078418119973	69.40078418119973
1989	69.2493911357426	69.2493911357426
1990	69.08101770654828	69.08101770654828
1991	68.9340514217098	68.9340514217098
1992	68.81389007450983	68.81389007450983
1993	68.7310355728881	68.7310355728881
1994	68.74419277705874	68.74419277705874
1995	68.80309630022039	68.80309630022039
1996	68.85392367064098	68.85392367064098
1997	68.95643367573211	68.95643367573211
1998	69.01444661449695	69.01444661449695
1999	69.15187213169227	69.15187213169227
2000	69.27893201496157	69.27893201496157
2001	69.2976780379288	69.2976780379288
2002	69.22504791378616	69.22504791378616
2003	69.14030401641408	69.14030401641408
2004	69.0215524536664	69.0215524536664
2005	68.85070766346551	68.85070766346551
2006	68.66679791484468	68.66679791484468
2007	68.46616147949473	68.46616147949473
2008	68.3196541450791	68.3196541450791
2009	68.20381203592699	68.20381203592699
2010	68.12284394694747	68.12284394694747
2011	68.03420207880815	68.03420207880815
2012	67.99162796116813	67.99162796116813
2013	67.94895690427208	67.94895690427208
2014	67.92932535153378	67.92932535153378
2015	67.88482513526873	67.88482513526873
2016	67.79149944831194	67.79149944831194
2017	67.65591862507574	67.65591862507574
2018	67.51043894512674	67.51043894512674
2019	67.3998572228154	67.3998572228154
2020	67.248876315341	67.248876315341
2021	67.12946986910524	67.12946986910524
2022	66.90414617862187	66.90414617862187
2023	66.56519392633373	66.56519392633373
2024	66.09018890420455	66.09018890420455
2025	65.54537120309479	65.54537120309479
2026	64.91578423410932	64.91578423410932
2027	64.35229627496354	64.35229627496354
2028	63.87659553889926	63.87659553889926
2029	63.404040701308354	63.404040701308354
2030	62.93113085696624	62.93113085696624
2031	62.5208665493957	62.5208665493957
2032	62.19566654906757	62.19566654906757
2033	61.87331482494712	61.87331482494712
2034	61.44544561052605	61.44544561052605
2035	60.947297004036905	60.947297004036905
2036	60.38814601409649	60.38814601409649
2037	59.945203749214556	59.945203749214556
2038	59.51902881353672	59.51902881353672
2039	59.13341947987139	59.13341947987139
2040	58.72386028396232	58.72386028396232
2041	58.303778456228954	58.303778456228954
2042	57.8943640298882	57.8943640298882
2043	57.47783660653697	57.47783660653697
2044	57.06026216455831	57.06026216455831
2045	56.817144618468994	56.817144618468994
2046	56.643999760187825	56.643999760187825
2047	56.3770095231783	56.3770095231783
2048	56.13165082040653	56.13165082040653
2049	55.8789345152352	55.8789345152352
2050	55.66525063018409	55.66525063018409
2051	55.435824771511896	55.435824771511896
2052	55.29213884913997	55.29213884913997
2053	55.07405309607948	55.07405309607948
2054	54.735359345868815	54.735359345868815
2055	54.63530549365348	54.63530549365348
2056	54.35469422747486	54.35469422747486
2057	53.93858068176986	53.93858068176986
2058	53.63679436291681	53.63679436291681
2059	53.447687927179636	53.447687927179636
2060	53.15881723011737	53.15881723011737
2061	52.731087263195455	52.731087263195455
2062	52.27136410685748	52.27136410685748
2063	51.8143408586135	51.8143408586135
2064	51.47935037949172	51.47935037949172
2065	51.244590420238	51.244590420238
2066	51.17275873129678	51.17275873129678
2067	51.14272650004358	51.14272650004358
2068	51.07418337021047	51.07418337021047
2069	51.06850798344725	51.06850798344725
2070	51.31919453810987	51.31919453810987
2071	51.21140886811696	51.21140886811696
2072	51.062618337313836	51.062618337313836
2073	51.01561343175747	51.01561343175747
2074	50.79049421119426	50.79049421119426
2075	50.60633325623841	50.60633325623841
2076	50.412299081229534	50.412299081229534
2077	49.93528157414137	49.93528157414137
2078	49.44760958063404	49.44760958063404
2079	48.693311522409005	48.693311522409005
2080	47.80729877960469	47.80729877960469
2081	45.67802571845954	45.67802571845954
2082	43.55646632675137	43.55646632675137
2083	40.861024529768116	40.861024529768116
2084	37.93282005048323	37.93282005048323
2085	35.046071815711876	35.046071815711876
2086	32.55654235250212	32.55654235250212
2087	30.965423977268557	30.965423977268557
2088	30.0031070311867	30.0031070311867
2089	29.53468995590348	29.53468995590348
2090	29.197743987345547	29.197743987345547
