#Calcul du déplacement moyen
#Time	dqmoy	part_0
1	0.10394151152559115	0.10394151152559115
2	0.19209885658749298	0.19209885658749298
3	0.3055466255398812	0.3055466255398812
4	0.3892724597447098	0.3892724597447098
5	0.49433778766421493	0.49433778766421493
6	0.5782868046834101	0.5782868046834101
7	0.6897271189605911	0.6897271189605911
8	0.7797785102029896	0.7797785102029896
9	0.8836852554628674	0.8836852554628674
10	0.9655029390881216	0.9655029390881216
11	1.0608258710264915	1.0608258710264915
12	1.1413128820311425	1.1413128820311425
13	1.2377351869181041	1.2377351869181041
14	1.3249052063278348	1.3249052063278348
15	1.4212499090165043	1.4212499090165043
16	1.5085883361171954	1.5085883361171954
17	1.5983551557075903	1.5983551557075903
18	1.6903110589857433	1.6903110589857433
19	1.7842662297728629	1.7842662297728629
20	1.8752174023069013	1.8752174023069013
21	1.9541301473625787	1.9541301473625787
22	2.037530902381543	2.037530902381543
23	2.1060875322639023	2.1060875322639023
24	2.189094829269756	2.189094829269756
25	2.259346076236066	2.259346076236066
26	2.3493777168008645	2.3493777168008645
27	2.4245934075125284	2.4245934075125284
28	2.516256245442057	2.516256245442057
29	2.584015512935257	2.584015512935257
30	2.6680331500104093	2.6680331500104093
31	2.728517993741198	2.728517993741198
32	2.8086947412117134	2.8086947412117134
33	2.867338203930182	2.867338203930182
34	2.95154862461819	2.95154862461819
35	3.00687533377557	3.00687533377557
36	3.0852674087469296	3.0852674087469296
37	3.13765724982998	3.13765724982998
38	3.2105745746443892	3.2105745746443892
39	3.257153325861725	3.257153325861725
40	3.3257267654541827	3.3257267654541827
41	3.373358472049502	3.373358472049502
42	3.4402351546649523	3.4402351546649523
43	3.4908092730699813	3.4908092730699813
44	3.5610859061573095	3.5610859061573095
45	3.616425779425545	3.616425779425545
46	3.69139830927944	3.69139830927944
47	3.7481769320498604	3.7481769320498604
48	3.813463048291717	3.813463048291717
49	3.8741598123083043	3.8741598123083043
50	3.94775112044551	3.94775112044551
51	4.024305854879202	4.024305854879202
52	4.107235082715309	4.107235082715309
53	4.182504780863832	4.182504780863832
54	4.25369551906971	4.25369551906971
55	4.328806750787297	4.328806750787297
56	4.397110525984228	4.397110525984228
57	4.477510077797193	4.477510077797193
58	4.554141758709614	4.554141758709614
59	4.63982257013719	4.63982257013719
60	4.7051685055575	4.7051685055575
61	4.786405735604423	4.786405735604423
62	4.848890313835651	4.848890313835651
63	4.943905203835774	4.943905203835774
64	5.019276219262748	5.019276219262748
65	5.114366456116891	5.114366456116891
66	5.185074410923399	5.185074410923399
67	5.278474956355625	5.278474956355625
68	5.348695216521221	5.348695216521221
69	5.445783179475332	5.445783179475332
70	5.514365580487635	5.514365580487635
71	5.605755953299736	5.605755953299736
72	5.668466575934046	5.668466575934046
73	5.7536403504327875	5.7536403504327875
74	5.817474983328401	5.817474983328401
75	5.907698486062648	5.907698486062648
76	5.975957888647426	5.975957888647426
77	6.065015343035451	6.065015343035451
78	6.1299517375110275	6.1299517375110275
79	6.210503987034002	6.210503987034002
80	6.275661469918057	6.275661469918057
81	6.359527176075682	6.359527176075682
82	6.4254130261574005	6.4254130261574005
83	6.5014744462988565	6.5014744462988565
84	6.571964251212224	6.571964251212224
85	6.644221169465077	6.644221169465077
86	6.717500131655681	6.717500131655681
87	6.79360066251904	6.79360066251904
88	6.8677339739827445	6.8677339739827445
89	6.945027079268241	6.945027079268241
90	7.029165265400691	7.029165265400691
91	7.109643649330877	7.109643649330877
92	7.1974823920760045	7.1974823920760045
93	7.272957301073097	7.272957301073097
94	7.363178481883088	7.363178481883088
95	7.443775560177857	7.443775560177857
96	7.537461141416216	7.537461141416216
97	7.618476549294897	7.618476549294897
98	7.715486574273347	7.715486574273347
99	7.789782771507516	7.789782771507516
100	7.878983797203818	7.878983797203818
101	7.948086480167005	7.948086480167005
102	8.036019449800174	8.036019449800174
103	8.102496988715426	8.102496988715426
104	8.194841874372258	8.194841874372258
105	8.259160957097057	8.259160957097057
106	8.344544763935799	8.344544763935799
107	8.406309847772281	8.406309847772281
108	8.49075103966915	8.49075103966915
109	8.55994029454262	8.55994029454262
110	8.65241867604574	8.65241867604574
111	8.71951932520954	8.71951932520954
112	8.80415530568158	8.80415530568158
113	8.870772294487345	8.870772294487345
114	8.956583496004209	8.956583496004209
115	9.025061037299302	9.025061037299302
116	9.106994774523457	9.106994774523457
117	9.179691029758821	9.179691029758821
118	9.258964852893374	9.258964852893374
119	9.330754105672991	9.330754105672991
120	9.40999808643729	9.40999808643729
121	9.488449062439672	9.488449062439672
122	9.568079262315761	9.568079262315761
123	9.648292980702113	9.648292980702113
124	9.726333347479827	9.726333347479827
125	9.806964433001355	9.806964433001355
126	9.880891834228098	9.880891834228098
127	9.964128480091812	9.964128480091812
128	10.03848566252432	10.03848566252432
129	10.127953954703402	10.127953954703402
130	10.19810192269468	10.19810192269468
131	10.28308093398979	10.28308093398979
132	10.347448480659851	10.347448480659851
133	10.433903156519936	10.433903156519936
134	10.497797483700104	10.497797483700104
135	10.587517047706761	10.587517047706761
136	10.65222434562002	10.65222434562002
137	10.740769532749365	10.740769532749365
138	10.814351312455713	10.814351312455713
139	10.91442923833593	10.91442923833593
140	10.986237783875094	10.986237783875094
141	11.08085722927834	11.08085722927834
142	11.15175597230982	11.15175597230982
143	11.244431190433065	11.244431190433065
144	11.312415848151264	11.312415848151264
145	11.405142507554665	11.405142507554665
146	11.477856419840698	11.477856419840698
147	11.566690369743437	11.566690369743437
148	11.641165095733914	11.641165095733914
149	11.730236274000081	11.730236274000081
150	11.80228763586017	11.80228763586017
151	11.892936679198296	11.892936679198296
152	11.974386178185654	11.974386178185654
153	12.066929645575403	12.066929645575403
154	12.145760032266299	12.145760032266299
155	12.225675463093163	12.225675463093163
156	12.296962954114168	12.296962954114168
157	12.371741086007408	12.371741086007408
158	12.447353086824956	12.447353086824956
159	12.523231569016446	12.523231569016446
160	12.602412358509458	12.602412358509458
161	12.668823608029633	12.668823608029633
162	12.739495875131164	12.739495875131164
163	12.797215595355823	12.797215595355823
164	12.86860213074132	12.86860213074132
165	12.933232491848475	12.933232491848475
166	13.003485050496105	13.003485050496105
167	13.052289098338196	13.052289098338196
168	13.114178377825189	13.114178377825189
169	13.162206559539317	13.162206559539317
170	13.230384594859379	13.230384594859379
171	13.277999222738671	13.277999222738671
172	13.341153809405789	13.341153809405789
173	13.375804066505749	13.375804066505749
174	13.433491984176655	13.433491984176655
175	13.462147845831385	13.462147845831385
176	13.51639853497332	13.51639853497332
177	13.558043794051786	13.558043794051786
178	13.621857186364503	13.621857186364503
179	13.66238650770342	13.66238650770342
180	13.716546808152966	13.716546808152966
181	13.753656277907542	13.753656277907542
182	13.811150014625724	13.811150014625724
183	13.855985871474026	13.855985871474026
184	13.913637450162309	13.913637450162309
185	13.950044255388399	13.950044255388399
186	13.994426058143404	13.994426058143404
187	14.027846882166646	14.027846882166646
188	14.071748105982712	14.071748105982712
189	14.111997064151403	14.111997064151403
190	14.159485672936356	14.159485672936356
191	14.203298764783044	14.203298764783044
192	14.248498018494033	14.248498018494033
193	14.303963149819344	14.303963149819344
194	14.35788075124039	14.35788075124039
195	14.423642042622369	14.423642042622369
196	14.47749082108135	14.47749082108135
197	14.540943552991868	14.540943552991868
198	14.590742719927448	14.590742719927448
199	14.652511166252033	14.652511166252033
200	14.709602014791708	14.709602014791708
201	14.781168497744854	14.781168497744854
202	14.834159271334062	14.834159271334062
203	14.901006890674292	14.901006890674292
204	14.944098475718123	14.944098475718123
205	15.010117621811409	15.010117621811409
206	15.060245982749022	15.060245982749022
207	15.142368488319699	15.142368488319699
208	15.208225545345224	15.208225545345224
209	15.291735560547163	15.291735560547163
210	15.353481191557142	15.353481191557142
211	15.441705395086384	15.441705395086384
212	15.509902580098782	15.509902580098782
213	15.603017417027107	15.603017417027107
214	15.673824126831068	15.673824126831068
215	15.766171023761487	15.766171023761487
216	15.840497025174109	15.840497025174109
217	15.928763911977434	15.928763911977434
218	16.00660297565225	16.00660297565225
219	16.10007516323124	16.10007516323124
220	16.181725852194923	16.181725852194923
221	16.274297874657066	16.274297874657066
222	16.357008417985906	16.357008417985906
223	16.44373526096489	16.44373526096489
224	16.527163179503763	16.527163179503763
225	16.615064173518707	16.615064173518707
226	16.70789330186873	16.70789330186873
227	16.80428209180603	16.80428209180603
228	16.90140373389525	16.90140373389525
229	16.98915819326167	16.98915819326167
230	17.082330328360808	17.082330328360808
231	17.164224123547278	17.164224123547278
232	17.26771342173112	17.26771342173112
233	17.358849735654637	17.358849735654637
234	17.463297906296162	17.463297906296162
235	17.548685803079763	17.548685803079763
236	17.653016600951794	17.653016600951794
237	17.74219349382689	17.74219349382689
238	17.851272847981285	17.851272847981285
239	17.94326551552152	17.94326551552152
240	18.060254046285216	18.060254046285216
241	18.1545872819781	18.1545872819781
242	18.277668213796083	18.277668213796083
243	18.385492934303876	18.385492934303876
244	18.51388943012935	18.51388943012935
245	18.618547724920838	18.618547724920838
246	18.741046991462415	18.741046991462415
247	18.839124557754843	18.839124557754843
248	18.953498512541294	18.953498512541294
249	19.04958826415364	19.04958826415364
250	19.16515452366842	19.16515452366842
251	19.270060462599908	19.270060462599908
252	19.391808083627968	19.391808083627968
253	19.503143736002976	19.503143736002976
254	19.628900063732015	19.628900063732015
255	19.743493428329096	19.743493428329096
256	19.871325285170506	19.871325285170506
257	19.994301441629702	19.994301441629702
258	20.122759851589684	20.122759851589684
259	20.252722884174737	20.252722884174737
260	20.381902647141068	20.381902647141068
261	20.510562377069945	20.510562377069945
262	20.63527534485008	20.63527534485008
263	20.76480591229755	20.76480591229755
264	20.884189777430542	20.884189777430542
265	21.01181533052103	21.01181533052103
266	21.12704422910853	21.12704422910853
267	21.25382048451345	21.25382048451345
268	21.368507827859382	21.368507827859382
269	21.502812864869966	21.502812864869966
270	21.622633793425926	21.622633793425926
271	21.756154185111498	21.756154185111498
272	21.858993708470678	21.858993708470678
273	21.97858766550881	21.97858766550881
274	22.073313261118027	22.073313261118027
275	22.18741686546564	22.18741686546564
276	22.280766539907695	22.280766539907695
277	22.398452618074757	22.398452618074757
278	22.491975167136065	22.491975167136065
279	22.60470796829609	22.60470796829609
280	22.691520079494023	22.691520079494023
281	22.79874196902255	22.79874196902255
282	22.883038674595255	22.883038674595255
283	22.989123926128414	22.989123926128414
284	23.079280172957027	23.079280172957027
285	23.18749498354797	23.18749498354797
286	23.273846072978834	23.273846072978834
287	23.378021565046765	23.378021565046765
288	23.462887557007853	23.462887557007853
289	23.570934000587528	23.570934000587528
290	23.67493826813007	23.67493826813007
291	23.776799226225606	23.776799226225606
292	23.870055660042738	23.870055660042738
293	23.96787109744158	23.96787109744158
294	24.063587210588857	24.063587210588857
295	24.15870516338628	24.15870516338628
296	24.257485860965737	24.257485860965737
297	24.349692473334997	24.349692473334997
298	24.44087727267845	24.44087727267845
299	24.524814494199177	24.524814494199177
300	24.61407234344044	24.61407234344044
301	24.693156389136174	24.693156389136174
302	24.78270538075132	24.78270538075132
303	24.85433942959458	24.85433942959458
304	24.93974588283953	24.93974588283953
305	25.006299557057325	25.006299557057325
306	25.08818156763332	25.08818156763332
307	25.14828983226973	25.14828983226973
308	25.23662349483488	25.23662349483488
309	25.309857152112997	25.309857152112997
310	25.40392651784808	25.40392651784808
311	25.482595671272442	25.482595671272442
312	25.58679730548826	25.58679730548826
313	25.663132297630614	25.663132297630614
314	25.764460742583147	25.764460742583147
315	25.846899495341773	25.846899495341773
316	25.948866300906786	25.948866300906786
317	26.02195297475607	26.02195297475607
318	26.110969735508988	26.110969735508988
319	26.1794113034669	26.1794113034669
320	26.261219098723885	26.261219098723885
321	26.333062082187794	26.333062082187794
322	26.4176708872808	26.4176708872808
323	26.491751337021796	26.491751337021796
324	26.572512404995145	26.572512404995145
325	26.65358271922404	26.65358271922404
326	26.747570388147327	26.747570388147327
327	26.839252436915785	26.839252436915785
328	26.93181415463021	26.93181415463021
329	27.02261508459418	27.02261508459418
330	27.121203812013945	27.121203812013945
331	27.220093692434133	27.220093692434133
332	27.324370698251926	27.324370698251926
333	27.435925204319105	27.435925204319105
334	27.54666963433789	27.54666963433789
335	27.67767221946726	27.67767221946726
336	27.792923771115333	27.792923771115333
337	27.92010334689388	27.92010334689388
338	28.03380858422027	28.03380858422027
339	28.168748757359047	28.168748757359047
340	28.28259774251142	28.28259774251142
341	28.409848004767667	28.409848004767667
342	28.517411465397167	28.517411465397167
343	28.64891949280683	28.64891949280683
344	28.76469110239352	28.76469110239352
345	28.90473308732539	28.90473308732539
346	29.024177383103137	29.024177383103137
347	29.16758074085746	29.16758074085746
348	29.289375013650027	29.289375013650027
349	29.425951009474012	29.425951009474012
350	29.54617527237267	29.54617527237267
351	29.689819541235515	29.689819541235515
352	29.819421983812635	29.819421983812635
353	29.970107073747066	29.970107073747066
354	30.098469472148295	30.098469472148295
355	30.237413397010727	30.237413397010727
356	30.368165083596246	30.368165083596246
357	30.51350840651214	30.51350840651214
358	30.655931882371245	30.655931882371245
359	30.808366423722298	30.808366423722298
360	30.957152375712106	30.957152375712106
361	31.11114607966828	31.11114607966828
362	31.26165615945725	31.26165615945725
363	31.413485167445295	31.413485167445295
364	31.568955314213675	31.568955314213675
365	31.71803127850484	31.71803127850484
366	31.866256151580764	31.866256151580764
367	32.00404785369902	32.00404785369902
368	32.15188281088202	32.15188281088202
369	32.29160891739238	32.29160891739238
370	32.44912923467234	32.44912923467234
371	32.591880318657324	32.591880318657324
372	32.74805997346021	32.74805997346021
373	32.884100879893154	32.884100879893154
374	33.04252119993015	33.04252119993015
375	33.186135217009046	33.186135217009046
376	33.34410522287139	33.34410522287139
377	33.48273942938479	33.48273942938479
378	33.64243146762563	33.64243146762563
379	33.78096509745167	33.78096509745167
380	33.93780034966217	33.93780034966217
381	34.06644827155636	34.06644827155636
382	34.21452516819045	34.21452516819045
383	34.33816375325338	34.33816375325338
384	34.47591884743369	34.47591884743369
385	34.58830488838388	34.58830488838388
386	34.720760588419225	34.720760588419225
387	34.844862580303605	34.844862580303605
388	34.989287968058875	34.989287968058875
389	35.120397614754566	35.120397614754566
390	35.2691502328452	35.2691502328452
391	35.40324399317913	35.40324399317913
392	35.54947443521927	35.54947443521927
393	35.689170043010904	35.689170043010904
394	35.84054798377086	35.84054798377086
395	35.98907705042703	35.98907705042703
396	36.14471983340021	36.14471983340021
397	36.29533059914717	36.29533059914717
398	36.44879151036302	36.44879151036302
399	36.601374064238485	36.601374064238485
400	36.75035113890535	36.75035113890535
401	36.90207608104065	36.90207608104065
402	37.03815322157971	37.03815322157971
403	37.18204244691347	37.18204244691347
404	37.31587411737893	37.31587411737893
405	37.47081451315003	37.47081451315003
406	37.60112138249937	37.60112138249937
407	37.7466452739142	37.7466452739142
408	37.87017802215044	37.87017802215044
409	38.012605247635996	38.012605247635996
410	38.14283576251397	38.14283576251397
411	38.29712821305074	38.29712821305074
412	38.4328519410029	38.4328519410029
413	38.58779833881493	38.58779833881493
414	38.72172903831533	38.72172903831533
415	38.878378568428154	38.878378568428154
416	39.010812322641144	39.010812322641144
417	39.166683435559456	39.166683435559456
418	39.298680770069986	39.298680770069986
419	39.448973652096626	39.448973652096626
420	39.58338094459879	39.58338094459879
421	39.7318033353882	39.7318033353882
422	39.86869613588942	39.86869613588942
423	40.01825645889639	40.01825645889639
424	40.151825580852645	40.151825580852645
425	40.29482850109918	40.29482850109918
426	40.432001112662014	40.432001112662014
427	40.583157510951025	40.583157510951025
428	40.72905497412224	40.72905497412224
429	40.881917751330576	40.881917751330576
430	41.03327970614017	41.03327970614017
431	41.19362029605876	41.19362029605876
432	41.358563922487704	41.358563922487704
433	41.52122794681581	41.52122794681581
434	41.68494305537689	41.68494305537689
435	41.84012268284661	41.84012268284661
436	42.00241202143339	42.00241202143339
437	42.156400342587226	42.156400342587226
438	42.31736481830191	42.31736481830191
439	42.47042482270497	42.47042482270497
440	42.64188210873326	42.64188210873326
441	42.79897331964048	42.79897331964048
442	42.97317112614489	42.97317112614489
443	43.13191256175639	43.13191256175639
444	43.30571085256878	43.30571085256878
445	43.46018020681292	43.46018020681292
446	43.63442454896853	43.63442454896853
447	43.786163161452805	43.786163161452805
448	43.956058494873	43.956058494873
449	44.10091197513855	44.10091197513855
450	44.26823254172761	44.26823254172761
451	44.416279477796124	44.416279477796124
452	44.58783275635612	44.58783275635612
453	44.744803468082985	44.744803468082985
454	44.91915210785126	44.91915210785126
455	45.066320601030235	45.066320601030235
456	45.23514917904805	45.23514917904805
457	45.381465862429394	45.381465862429394
458	45.54933259019661	45.54933259019661
459	45.71161004711124	45.71161004711124
460	45.88984476182773	45.88984476182773
461	46.05775653342286	46.05775653342286
462	46.23444430534239	46.23444430534239
463	46.4139877753631	46.4139877753631
464	46.59491325487106	46.59491325487106
465	46.777468257868044	46.777468257868044
466	46.96364404861385	46.96364404861385
467	47.159582153488245	47.159582153488245
468	47.354804349228374	47.354804349228374
469	47.551817472902016	47.551817472902016
470	47.74340705851297	47.74340705851297
471	47.93750358109947	47.93750358109947
472	48.12702266672483	48.12702266672483
473	48.33596418140741	48.33596418140741
474	48.5267276245707	48.5267276245707
475	48.72864628348461	48.72864628348461
476	48.91948036357299	48.91948036357299
477	49.13480943056272	49.13480943056272
478	49.33094483915059	49.33094483915059
479	49.54838332428125	49.54838332428125
480	49.74007670327295	49.74007670327295
481	49.95652453630123	49.95652453630123
482	50.1502933550927	50.1502933550927
483	50.37251696018929	50.37251696018929
484	50.56999746079495	50.56999746079495
485	50.789069818663414	50.789069818663414
486	50.98683389612275	50.98683389612275
487	51.20186377919591	51.20186377919591
488	51.396980728334455	51.396980728334455
489	51.605018913407704	51.605018913407704
490	51.79835606821703	51.79835606821703
491	51.99811783633533	51.99811783633533
492	52.16594787753971	52.16594787753971
493	52.34733992665701	52.34733992665701
494	52.50681383018414	52.50681383018414
495	52.6847678236995	52.6847678236995
496	52.84451741622163	52.84451741622163
497	53.01029520638786	53.01029520638786
498	53.168018035163136	53.168018035163136
499	53.321211708921204	53.321211708921204
500	53.46331828155223	53.46331828155223
501	53.61509798188662	53.61509798188662
502	53.77976397122198	53.77976397122198
503	53.941289856534	53.941289856534
504	54.10484176087383	54.10484176087383
505	54.254673064590165	54.254673064590165
506	54.415893017727655	54.415893017727655
507	54.56731182464877	54.56731182464877
508	54.734919127857864	54.734919127857864
509	54.87476494354395	54.87476494354395
510	55.0292076711535	55.0292076711535
511	55.160828520358216	55.160828520358216
512	55.30651821388079	55.30651821388079
513	55.42541821572573	55.42541821572573
514	55.56460116094419	55.56460116094419
515	55.674469667017895	55.674469667017895
516	55.80453026037202	55.80453026037202
517	55.90814012622894	55.90814012622894
518	56.038572081350736	56.038572081350736
519	56.15258241147453	56.15258241147453
520	56.294274471886695	56.294274471886695
521	56.40773024642931	56.40773024642931
522	56.549330511608524	56.549330511608524
523	56.67022297771423	56.67022297771423
524	56.8073709783217	56.8073709783217
525	56.923399999479784	56.923399999479784
526	57.060495521769475	57.060495521769475
527	57.170491048836325	57.170491048836325
528	57.3027399750813	57.3027399750813
529	57.423561816396365	57.423561816396365
530	57.560575064007736	57.560575064007736
531	57.68184447005201	57.68184447005201
532	57.822566108079464	57.822566108079464
533	57.9574937446481	57.9574937446481
534	58.095195314789855	58.095195314789855
535	58.2294192090756	58.2294192090756
536	58.36243116899498	58.36243116899498
537	58.48882455136233	58.48882455136233
538	58.611553972286295	58.611553972286295
539	58.73737967906423	58.73737967906423
540	58.84853354601555	58.84853354601555
541	58.96375620251273	58.96375620251273
542	59.05794871598604	59.05794871598604
543	59.16922398255383	59.16922398255383
544	59.2750885228898	59.2750885228898
545	59.401886958577336	59.401886958577336
546	59.51822744460666	59.51822744460666
547	59.652905093025055	59.652905093025055
548	59.75787682639914	59.75787682639914
549	59.88459853751408	59.88459853751408
550	59.991229981031665	59.991229981031665
551	60.122065245701144	60.122065245701144
552	60.23280994376015	60.23280994376015
553	60.362877984801436	60.362877984801436
554	60.46606715088013	60.46606715088013
555	60.60864297234896	60.60864297234896
556	60.728382743274125	60.728382743274125
557	60.871312386647496	60.871312386647496
558	60.98524362525937	60.98524362525937
559	61.11786911449774	61.11786911449774
560	61.224329366913764	61.224329366913764
561	61.36039526300696	61.36039526300696
562	61.482473137884355	61.482473137884355
563	61.62862091365199	61.62862091365199
564	61.77551671108329	61.77551671108329
565	61.933489441462115	61.933489441462115
566	62.081543380255425	62.081543380255425
567	62.240071025925985	62.240071025925985
568	62.389329674217024	62.389329674217024
569	62.54425058002545	62.54425058002545
570	62.6990405989824	62.6990405989824
571	62.851735565096504	62.851735565096504
572	63.01020950965485	63.01020950965485
573	63.1683392027464	63.1683392027464
574	63.33743926515119	63.33743926515119
575	63.49620533624433	63.49620533624433
576	63.66916063630459	63.66916063630459
577	63.82297460022508	63.82297460022508
578	63.98926508595665	63.98926508595665
579	64.12829478444785	64.12829478444785
580	64.27929942460345	64.27929942460345
581	64.40467299478676	64.40467299478676
582	64.54872264973741	64.54872264973741
583	64.67024010027237	64.67024010027237
584	64.81605371093748	64.81605371093748
585	64.93299104180596	64.93299104180596
586	65.07803854051043	65.07803854051043
587	65.19853831429272	65.19853831429272
588	65.3416436849194	65.3416436849194
589	65.45072916458568	65.45072916458568
590	65.57826654485079	65.57826654485079
591	65.67375614679464	65.67375614679464
592	65.80149194722496	65.80149194722496
593	65.91110166340485	65.91110166340485
594	66.04986027814546	66.04986027814546
595	66.17063740184409	66.17063740184409
596	66.31170383439871	66.31170383439871
597	66.4436384997077	66.4436384997077
598	66.59481709805995	66.59481709805995
599	66.72646437475001	66.72646437475001
600	66.86756965394133	66.86756965394133
601	66.99294729268787	66.99294729268787
602	67.12575918254687	67.12575918254687
603	67.26071417080306	67.26071417080306
604	67.39290932823972	67.39290932823972
605	67.52208677998048	67.52208677998048
606	67.65016041716328	67.65016041716328
607	67.77998543597273	67.77998543597273
608	67.91756819237663	67.91756819237663
609	68.07123079262581	68.07123079262581
610	68.21827990091	68.21827990091
611	68.36775299241322	68.36775299241322
612	68.50163213780048	68.50163213780048
613	68.63645002581659	68.63645002581659
614	68.75661208069307	68.75661208069307
615	68.89140709613864	68.89140709613864
616	69.00551392782309	69.00551392782309
617	69.13772461859152	69.13772461859152
618	69.25495180567391	69.25495180567391
619	69.39172854012753	69.39172854012753
620	69.50262358230894	69.50262358230894
621	69.64438735081288	69.64438735081288
622	69.76522265468532	69.76522265468532
623	69.9196810276029	69.9196810276029
624	70.04735090331383	70.04735090331383
625	70.19107606095243	70.19107606095243
626	70.31296163503903	70.31296163503903
627	70.45868668700842	70.45868668700842
628	70.57918702548835	70.57918702548835
629	70.73044945062917	70.73044945062917
630	70.87618207727213	70.87618207727213
631	71.0443309420758	71.0443309420758
632	71.193240318895	71.193240318895
633	71.35649216841384	71.35649216841384
634	71.50506044440345	71.50506044440345
635	71.66403058159084	71.66403058159084
636	71.81099797920287	71.81099797920287
637	71.94965573609194	71.94965573609194
638	72.08576328223978	72.08576328223978
639	72.2295668130501	72.2295668130501
640	72.38738129298684	72.38738129298684
641	72.54073448314364	72.54073448314364
642	72.69891850490495	72.69891850490495
643	72.84593132324056	72.84593132324056
644	73.0003536963824	73.0003536963824
645	73.14812409065266	73.14812409065266
646	73.31466749252455	73.31466749252455
647	73.4659530212854	73.4659530212854
648	73.64006561113939	73.64006561113939
649	73.79467151889065	73.79467151889065
650	73.95937410006015	73.95937410006015
651	74.10392815524432	74.10392815524432
652	74.28423046772487	74.28423046772487
653	74.44288776885865	74.44288776885865
654	74.62017276692035	74.62017276692035
655	74.77222925107412	74.77222925107412
656	74.94570113360638	74.94570113360638
657	75.10143137163026	75.10143137163026
658	75.28385825409181	75.28385825409181
659	75.4400856728586	75.4400856728586
660	75.61739115220425	75.61739115220425
661	75.7618157335653	75.7618157335653
662	75.9251360681591	75.9251360681591
663	76.07539898179718	76.07539898179718
664	76.25132645020972	76.25132645020972
665	76.41341138747394	76.41341138747394
666	76.59505489110542	76.59505489110542
667	76.76268545957397	76.76268545957397
668	76.94569289615538	76.94569289615538
669	77.11956558910036	77.11956558910036
670	77.30539196522389	77.30539196522389
671	77.48966643566337	77.48966643566337
672	77.6810193372081	77.6810193372081
673	77.86845685846166	77.86845685846166
674	78.05734955686326	78.05734955686326
675	78.24704921252166	78.24704921252166
676	78.43719997383708	78.43719997383708
677	78.63847019202967	78.63847019202967
678	78.83735454735292	78.83735454735292
679	79.04713231386847	79.04713231386847
680	79.2556945398111	79.2556945398111
681	79.48085179079705	79.48085179079705
682	79.70150989317955	79.70150989317955
683	79.93993325422903	79.93993325422903
684	80.16542272635944	80.16542272635944
685	80.40343285934163	80.40343285934163
686	80.62621310470917	80.62621310470917
687	80.8637254765658	80.8637254765658
688	81.07741405550695	81.07741405550695
689	81.31306598275302	81.31306598275302
690	81.51849636032163	81.51849636032163
691	81.74313275458593	81.74313275458593
692	81.94432723819934	81.94432723819934
693	82.1737332602602	82.1737332602602
694	82.38689598944246	82.38689598944246
695	82.6197239382022	82.6197239382022
696	82.83501228688863	82.83501228688863
697	83.07030017532713	83.07030017532713
698	83.28622989155562	83.28622989155562
699	83.51553278588203	83.51553278588203
700	83.72899277565486	83.72899277565486
701	83.96181255413107	83.96181255413107
702	84.18363890727677	84.18363890727677
703	84.41890438899578	84.41890438899578
704	84.64391282178188	84.64391282178188
705	84.87990596544957	84.87990596544957
706	85.1133359480164	85.1133359480164
707	85.3450060854457	85.3450060854457
708	85.57729378434969	85.57729378434969
709	85.81594492523307	85.81594492523307
710	86.05008647077248	86.05008647077248
711	86.27750416517996	86.27750416517996
712	86.50229350004156	86.50229350004156
713	86.71848422307976	86.71848422307976
714	86.94681718265683	86.94681718265683
715	87.15735762539977	87.15735762539977
716	87.37674500410563	87.37674500410563
717	87.57137659503246	87.57137659503246
718	87.79253619194759	87.79253619194759
719	88.00070239722665	88.00070239722665
720	88.23800112185003	88.23800112185003
721	88.46401380907992	88.46401380907992
722	88.71193420000802	88.71193420000802
723	88.92565108577	88.92565108577
724	89.16406043575238	89.16406043575238
725	89.39046907150663	89.39046907150663
726	89.64705765840083	89.64705765840083
727	89.88617692816356	89.88617692816356
728	90.14052323135874	90.14052323135874
729	90.37768564877916	90.37768564877916
730	90.6262081854438	90.6262081854438
731	90.85316716568582	90.85316716568582
732	91.09595242113386	91.09595242113386
733	91.32208776861064	91.32208776861064
734	91.56269891248037	91.56269891248037
735	91.79126250684196	91.79126250684196
736	92.03315245031291	92.03315245031291
737	92.26908701622668	92.26908701622668
738	92.50281335653946	92.50281335653946
739	92.72161733658922	92.72161733658922
740	92.94485995843661	92.94485995843661
741	93.16441787847496	93.16441787847496
742	93.3873261213201	93.3873261213201
743	93.60398544555916	93.60398544555916
744	93.81412238902612	93.81412238902612
745	94.02037976280104	94.02037976280104
746	94.22386356512547	94.22386356512547
747	94.42277940526746	94.42277940526746
748	94.6181438846894	94.6181438846894
749	94.81728175004052	94.81728175004052
750	95.01296193354719	95.01296193354719
751	95.22337729770649	95.22337729770649
752	95.4170734302207	95.4170734302207
753	95.63702119903702	95.63702119903702
754	95.84926089957827	95.84926089957827
755	96.0806920287709	96.0806920287709
756	96.29158686746001	96.29158686746001
757	96.5212007639592	96.5212007639592
758	96.7319708919373	96.7319708919373
759	96.9585879923446	96.9585879923446
760	97.17143417076127	97.17143417076127
761	97.40779917754669	97.40779917754669
762	97.62495949267301	97.62495949267301
763	97.8594117873941	97.8594117873941
764	98.06800364131483	98.06800364131483
765	98.30276225341919	98.30276225341919
766	98.52764779927087	98.52764779927087
767	98.7735147300412	98.7735147300412
768	99.01383363211939	99.01383363211939
769	99.2745183889064	99.2745183889064
770	99.51624270939438	99.51624270939438
771	99.76225316514643	99.76225316514643
772	99.99330389436497	99.99330389436497
773	100.22854123294239	100.22854123294239
774	100.46043844955395	100.46043844955395
775	100.68121167904309	100.68121167904309
776	100.89999716322802	100.89999716322802
777	101.11840301670577	101.11840301670577
778	101.33549958703969	101.33549958703969
779	101.55025313832856	101.55025313832856
780	101.77231526922785	101.77231526922785
781	101.99584613355485	101.99584613355485
782	102.22706632554657	102.22706632554657
783	102.45386361931442	102.45386361931442
784	102.68207575653106	102.68207575653106
785	102.88765035812007	102.88765035812007
786	103.10667308792323	103.10667308792323
787	103.31281945545385	103.31281945545385
788	103.53675619892931	103.53675619892931
789	103.74754959829734	103.74754959829734
790	103.99164662078411	103.99164662078411
791	104.21781568818537	104.21781568818537
792	104.4591056495178	104.4591056495178
793	104.67354776208171	104.67354776208171
794	104.92061820408784	104.92061820408784
795	105.14037322411701	105.14037322411701
796	105.38283837466943	105.38283837466943
797	105.61907365282208	105.61907365282208
798	105.88189525732717	105.88189525732717
799	106.13068593550267	106.13068593550267
800	106.40585438209884	106.40585438209884
801	106.66992038113607	106.66992038113607
802	106.94669315711779	106.94669315711779
803	107.22028523919623	107.22028523919623
804	107.51179982047768	107.51179982047768
805	107.78745903532602	107.78745903532602
806	108.08216130351306	108.08216130351306
807	108.37301381357034	108.37301381357034
808	108.67730045619366	108.67730045619366
809	108.98285019245961	108.98285019245961
810	109.29522883637797	109.29522883637797
811	109.6016917147273	109.6016917147273
812	109.919924442209	109.919924442209
813	110.24402187727226	110.24402187727226
814	110.56729246757166	110.56729246757166
815	110.90110560013883	110.90110560013883
816	111.22061248064732	111.22061248064732
817	111.5474340118471	111.5474340118471
818	111.86297348519521	111.86297348519521
819	112.18626623396437	112.18626623396437
820	112.48369637094027	112.48369637094027
821	112.79637611089132	112.79637611089132
822	113.09585078043116	113.09585078043116
823	113.41603462796594	113.41603462796594
824	113.70445280407556	113.70445280407556
825	114.0046992795945	114.0046992795945
826	114.27725137606123	114.27725137606123
827	114.56265432248392	114.56265432248392
828	114.82538759585327	114.82538759585327
829	115.11032316464596	115.11032316464596
830	115.38997109652944	115.38997109652944
831	115.68591049232688	115.68591049232688
832	115.95057811117823	115.95057811117823
833	116.23292898379225	116.23292898379225
834	116.48655156397261	116.48655156397261
835	116.74975490025696	116.74975490025696
836	117.0044010828139	117.0044010828139
837	117.28234583661295	117.28234583661295
838	117.54221184709559	117.54221184709559
839	117.82624104403027	117.82624104403027
840	118.09948490718637	118.09948490718637
841	118.37538464023092	118.37538464023092
842	118.63514556843965	118.63514556843965
843	118.89071082434334	118.89071082434334
844	119.15078058383769	119.15078058383769
845	119.41945619058497	119.41945619058497
846	119.66545820095536	119.66545820095536
847	119.90671821351877	119.90671821351877
848	120.15818570748255	120.15818570748255
849	120.4052543154047	120.4052543154047
850	120.66942468434281	120.66942468434281
851	120.92606793593242	120.92606793593242
852	121.19005580291483	121.19005580291483
853	121.46721333108685	121.46721333108685
854	121.76181671348431	121.76181671348431
855	122.045665298186	122.045665298186
856	122.34099773849688	122.34099773849688
857	122.61568070613279	122.61568070613279
858	122.90747869854137	122.90747869854137
859	123.18815618022305	123.18815618022305
860	123.48770253243659	123.48770253243659
861	123.77650570478231	123.77650570478231
862	124.0910523827497	124.0910523827497
863	124.3874353045496	124.3874353045496
864	124.70232473060966	124.70232473060966
865	125.00540974442843	125.00540974442843
866	125.32231021687048	125.32231021687048
867	125.6168513518823	125.6168513518823
868	125.92322538111966	125.92322538111966
869	126.20624755227405	126.20624755227405
870	126.51360975472598	126.51360975472598
871	126.80437458435145	126.80437458435145
872	127.10971215097196	127.10971215097196
873	127.39559851742612	127.39559851742612
874	127.69302831571369	127.69302831571369
875	127.97597690906505	127.97597690906505
876	128.27738710031974	128.27738710031974
877	128.58574933146903	128.58574933146903
878	128.90264533157864	128.90264533157864
879	129.22144250341097	129.22144250341097
880	129.5421882696234	129.5421882696234
881	129.8548163248322	129.8548163248322
882	130.16420033583427	130.16420033583427
883	130.47270776793883	130.47270776793883
884	130.78268427930243	130.78268427930243
885	131.09147506589105	131.09147506589105
886	131.38613745795797	131.38613745795797
887	131.70416631990747	131.70416631990747
888	132.01655687936125	132.01655687936125
889	132.33320572425788	132.33320572425788
890	132.64069019840443	132.64069019840443
891	132.97822888515526	132.97822888515526
892	133.29879500858286	133.29879500858286
893	133.63563580944697	133.63563580944697
894	133.9562501925164	133.9562501925164
895	134.30321939824177	134.30321939824177
896	134.62152123440228	134.62152123440228
897	134.9632005863841	134.9632005863841
898	135.29227104558717	135.29227104558717
899	135.63621637553763	135.63621637553763
900	135.9541426939275	135.9541426939275
901	136.29267880834416	136.29267880834416
902	136.60620349343785	136.60620349343785
903	136.93581140848008	136.93581140848008
904	137.25169897703907	137.25169897703907
905	137.5789042359902	137.5789042359902
906	137.89490053257202	137.89490053257202
907	138.22520528254884	138.22520528254884
908	138.53242360343566	138.53242360343566
909	138.83683394644092	138.83683394644092
910	139.13280657097914	139.13280657097914
911	139.4347670273454	139.4347670273454
912	139.7290749309019	139.7290749309019
913	140.0222386974949	140.0222386974949
914	140.30343432498609	140.30343432498609
915	140.5918119531254	140.5918119531254
916	140.89414907967785	140.89414907967785
917	141.20747875970903	141.20747875970903
918	141.51861094815592	141.51861094815592
919	141.8193819139883	141.8193819139883
920	142.12201882357934	142.12201882357934
921	142.41991075083544	142.41991075083544
922	142.71738907889963	142.71738907889963
923	142.98518420076746	142.98518420076746
924	143.26191533693682	143.26191533693682
925	143.5262206140177	143.5262206140177
926	143.7967313038015	143.7967313038015
927	144.05027627196804	144.05027627196804
928	144.3193948740605	144.3193948740605
929	144.5797813992989	144.5797813992989
930	144.87632418426276	144.87632418426276
931	145.15842011549907	145.15842011549907
932	145.46607660056094	145.46607660056094
933	145.75094964422368	145.75094964422368
934	146.0466334804255	146.0466334804255
935	146.3137611400732	146.3137611400732
936	146.5994713187217	146.5994713187217
937	146.86099000866187	146.86099000866187
938	147.14312288870252	147.14312288870252
939	147.40920460237535	147.40920460237535
940	147.68444271224905	147.68444271224905
941	147.94696819903334	147.94696819903334
942	148.23117310991267	148.23117310991267
943	148.49585572087298	148.49585572087298
944	148.76393489897603	148.76393489897603
945	149.02914247596735	149.02914247596735
946	149.2938027735344	149.2938027735344
947	149.56570765489155	149.56570765489155
948	149.84476986177523	149.84476986177523
949	150.1323354047024	150.1323354047024
950	150.42509225484997	150.42509225484997
951	150.71290669542063	150.71290669542063
952	151.00124634224915	151.00124634224915
953	151.30929751293223	151.30929751293223
954	151.6162112706058	151.6162112706058
955	151.93456138657294	151.93456138657294
956	152.24667793953404	152.24667793953404
957	152.56486800577247	152.56486800577247
958	152.86597602049267	152.86597602049267
959	153.1986747402661	153.1986747402661
960	153.5251023497327	153.5251023497327
961	153.8556286718966	153.8556286718966
962	154.16759998549108	154.16759998549108
963	154.49586951894645	154.49586951894645
964	154.7851790740709	154.7851790740709
965	155.1005318162639	155.1005318162639
966	155.39294927228792	155.39294927228792
967	155.69786082428502	155.69786082428502
968	155.97131737201798	155.97131737201798
969	156.24517863833037	156.24517863833037
970	156.50083509832456	156.50083509832456
971	156.76937730363457	156.76937730363457
972	157.0110607284348	157.0110607284348
973	157.26783539336512	157.26783539336512
974	157.50314898266072	157.50314898266072
975	157.74901159656585	157.74901159656585
976	157.97278589329434	157.97278589329434
977	158.20421071420105	158.20421071420105
978	158.41273040449337	158.41273040449337
979	158.63525782426666	158.63525782426666
980	158.85640363614945	158.85640363614945
981	159.08531688292302	159.08531688292302
982	159.32383071726068	159.32383071726068
983	159.56772365800632	159.56772365800632
984	159.80715745060797	159.80715745060797
985	160.06043877811032	160.06043877811032
986	160.31694162800184	160.31694162800184
987	160.56895947919577	160.56895947919577
988	160.84187806059336	160.84187806059336
989	161.11549717783473	161.11549717783473
990	161.39928309665783	161.39928309665783
991	161.66514537390768	161.66514537390768
992	161.93506913368387	161.93506913368387
993	162.19659156815274	162.19659156815274
994	162.486599207687	162.486599207687
995	162.76872968693553	162.76872968693553
996	163.07574779329437	163.07574779329437
997	163.36801118971883	163.36801118971883
998	163.6870775379433	163.6870775379433
999	164.00285220108833	164.00285220108833
1000	164.33115196807927	164.33115196807927
1001	164.6369277549085	164.6369277549085
1002	164.96540853817874	164.96540853817874
1003	165.27591802407494	165.27591802407494
1004	165.59219004915963	165.59219004915963
1005	165.88036007510277	165.88036007510277
1006	166.18850040143045	166.18850040143045
1007	166.48345539121817	166.48345539121817
1008	166.79364288243286	166.79364288243286
1009	167.0977580259416	167.0977580259416
1010	167.4131956885258	167.4131956885258
1011	167.69394861979941	167.69394861979941
1012	167.99667708194983	167.99667708194983
1013	168.304182711731	168.304182711731
1014	168.61456224939488	168.61456224939488
1015	168.92676559577822	168.92676559577822
1016	169.25882426549595	169.25882426549595
1017	169.60076336479975	169.60076336479975
1018	169.95562082969877	169.95562082969877
1019	170.30002784984237	170.30002784984237
1020	170.6236673894363	170.6236673894363
1021	170.94319127698924	170.94319127698924
1022	171.26475078148835	171.26475078148835
1023	171.59142774676386	171.59142774676386
1024	171.92370643601276	171.92370643601276
1025	172.25648030142204	172.25648030142204
1026	172.57290055544271	172.57290055544271
1027	172.90373984776218	172.90373984776218
1028	173.22078359894087	173.22078359894087
1029	173.5554376563501	173.5554376563501
1030	173.86757025672068	173.86757025672068
1031	174.18393115800967	174.18393115800967
1032	174.4806090670881	174.4806090670881
1033	174.80221369620372	174.80221369620372
1034	175.10668724874537	175.10668724874537
1035	175.4334762668719	175.4334762668719
1036	175.7275776294726	175.7275776294726
1037	176.0346320412914	176.0346320412914
1038	176.34367617114012	176.34367617114012
1039	176.703347276089	176.703347276089
1040	177.03335409705332	177.03335409705332
1041	177.37710263283557	177.37710263283557
1042	177.69123213081758	177.69123213081758
1043	178.0234561146109	178.0234561146109
1044	178.34333693033804	178.34333693033804
1045	178.68463889655231	178.68463889655231
1046	178.99458167656334	178.99458167656334
1047	179.31187677178679	179.31187677178679
1048	179.62379022691718	179.62379022691718
1049	179.95138447077545	179.95138447077545
1050	180.26829566056654	180.26829566056654
1051	180.59260151126387	180.59260151126387
1052	180.9008230964026	180.9008230964026
1053	181.22188524449015	181.22188524449015
1054	181.53050080381288	181.53050080381288
1055	181.8407970506688	181.8407970506688
1056	182.14277531148977	182.14277531148977
1057	182.4079254600895	182.4079254600895
1058	182.66664553821548	182.66664553821548
1059	182.93549085412323	182.93549085412323
1060	183.23864198653862	183.23864198653862
1061	183.53632065227055	183.53632065227055
1062	183.8588864783622	183.8588864783622
1063	184.16269348791997	184.16269348791997
1064	184.48819780676862	184.48819780676862
1065	184.80575695161048	184.80575695161048
1066	185.13280225778544	185.13280225778544
1067	185.439431347224	185.439431347224
1068	185.7792717095288	185.7792717095288
1069	186.09522999709057	186.09522999709057
1070	186.43737086625532	186.43737086625532
1071	186.75538439548944	186.75538439548944
1072	187.09032926550947	187.09032926550947
1073	187.38890870874692	187.38890870874692
1074	187.71241156577008	187.71241156577008
1075	188.01037952965024	188.01037952965024
1076	188.32024262831564	188.32024262831564
1077	188.60445811326557	188.60445811326557
1078	188.93459953181383	188.93459953181383
1079	189.25720949064709	189.25720949064709
1080	189.59522530464116	189.59522530464116
1081	189.91781967631655	189.91781967631655
1082	190.25764239704128	190.25764239704128
1083	190.59415399574297	190.59415399574297
1084	190.94461585171473	190.94461585171473
1085	191.29236602757578	191.29236602757578
1086	191.64308626396942	191.64308626396942
1087	191.98516913071728	191.98516913071728
1088	192.33273926330207	192.33273926330207
1089	192.69221332582512	192.69221332582512
1090	193.05431000451173	193.05431000451173
1091	193.42447231062806	193.42447231062806
1092	193.80130154464473	193.80130154464473
1093	194.18136000090118	194.18136000090118
1094	194.54859624106837	194.54859624106837
1095	194.9501834224132	194.9501834224132
1096	195.33581294177338	195.33581294177338
1097	195.74289021403928	195.74289021403928
1098	196.1342359791274	196.1342359791274
1099	196.54188044794452	196.54188044794452
1100	196.91849124948612	196.91849124948612
1101	197.30699945390108	197.30699945390108
1102	197.66627436480059	197.66627436480059
1103	198.06392146790134	198.06392146790134
1104	198.43603010608848	198.43603010608848
1105	198.81080725636855	198.81080725636855
1106	199.14198412929852	199.14198412929852
1107	199.50866427247945	199.50866427247945
1108	199.83770543939158	199.83770543939158
1109	200.18571004339015	200.18571004339015
1110	200.5212645024841	200.5212645024841
1111	200.88448839792434	200.88448839792434
1112	201.22889005875848	201.22889005875848
1113	201.57987983333507	201.57987983333507
1114	201.90842625886754	201.90842625886754
1115	202.26546860596173	202.26546860596173
1116	202.60267388109727	202.60267388109727
1117	202.96624046913507	202.96624046913507
1118	203.31701286860942	203.31701286860942
1119	203.67988450178146	203.67988450178146
1120	204.03998892453575	204.03998892453575
1121	204.40834108117443	204.40834108117443
1122	204.77909742131703	204.77909742131703
1123	205.15001215952805	205.15001215952805
1124	205.53007204535422	205.53007204535422
1125	205.9173243463145	205.9173243463145
1126	206.29049843986044	206.29049843986044
1127	206.6591454510384	206.6591454510384
1128	207.0564892734905	207.0564892734905
1129	207.44023986146206	207.44023986146206
1130	207.84546650967113	207.84546650967113
1131	208.220399174973	208.220399174973
1132	208.61954678217856	208.61954678217856
1133	208.99722207271242	208.99722207271242
1134	209.39459402050443	209.39459402050443
1135	209.7744932452356	209.7744932452356
1136	210.16722654122245	210.16722654122245
1137	210.52552862493374	210.52552862493374
1138	210.90192382377583	210.90192382377583
1139	211.264959539242	211.264959539242
1140	211.65740618803557	211.65740618803557
1141	212.02756438695428	212.02756438695428
1142	212.40114972105437	212.40114972105437
1143	212.7316301678998	212.7316301678998
1144	213.0771078130423	213.0771078130423
1145	213.4064913407573	213.4064913407573
1146	213.7633319319166	213.7633319319166
1147	214.12656448291116	214.12656448291116
1148	214.5206226189059	214.5206226189059
1149	214.88808452958273	214.88808452958273
1150	215.25979657726901	215.25979657726901
1151	215.6035270785805	215.6035270785805
1152	215.9743639443324	215.9743639443324
1153	216.32802981050241	216.32802981050241
1154	216.66957229438822	216.66957229438822
1155	216.98484290421723	216.98484290421723
1156	217.29175352398195	217.29175352398195
1157	217.59200032447688	217.59200032447688
1158	217.88389568026793	217.88389568026793
1159	218.16719105321462	218.16719105321462
1160	218.47041455474175	218.47041455474175
1161	218.7888059824352	218.7888059824352
1162	219.1004903580137	219.1004903580137
1163	219.4114472391303	219.4114472391303
1164	219.715812192854	219.715812192854
1165	220.03882214621643	220.03882214621643
1166	220.3468686928667	220.3468686928667
1167	220.66936159198423	220.66936159198423
1168	220.94984455359045	220.94984455359045
1169	221.23568801493383	221.23568801493383
1170	221.49644189635333	221.49644189635333
1171	221.79592427848746	221.79592427848746
1172	222.0665044049766	222.0665044049766
1173	222.36819439116425	222.36819439116425
1174	222.63310294918418	222.63310294918418
1175	222.9281930671338	222.9281930671338
1176	223.19461379972176	223.19461379972176
1177	223.47492967857667	223.47492967857667
1178	223.7197937450055	223.7197937450055
1179	223.9929790566689	223.9929790566689
1180	224.23799827814804	224.23799827814804
1181	224.50250463645742	224.50250463645742
1182	224.75528477342414	224.75528477342414
1183	225.02087910704594	225.02087910704594
1184	225.26539333075704	225.26539333075704
1185	225.51414883289405	225.51414883289405
1186	225.77040855927208	225.77040855927208
1187	226.05384674782817	226.05384674782817
1188	226.30949914197714	226.30949914197714
1189	226.59348569201828	226.59348569201828
1190	226.89623545417788	226.89623545417788
1191	227.19129351852345	227.19129351852345
1192	227.46965372718276	227.46965372718276
1193	227.75940610939537	227.75940610939537
1194	228.0449329436792	228.0449329436792
1195	228.3314581688317	228.3314581688317
1196	228.6283783518377	228.6283783518377
1197	228.9124112158604	228.9124112158604
1198	229.20978064684118	229.20978064684118
1199	229.4821565111557	229.4821565111557
1200	229.77737013880926	229.77737013880926
1201	230.0589704347426	230.0589704347426
1202	230.35245741521783	230.35245741521783
1203	230.61945393891688	230.61945393891688
1204	230.90157060384752	230.90157060384752
1205	231.1551562686352	231.1551562686352
1206	231.42870189973513	231.42870189973513
1207	231.67856833840864	231.67856833840864
1208	231.9524464068761	231.9524464068761
1209	232.18844033402866	232.18844033402866
1210	232.43966537581036	232.43966537581036
1211	232.6510126527462	232.6510126527462
1212	232.89779249140216	232.89779249140216
1213	233.1141992567166	233.1141992567166
1214	233.35630679995865	233.35630679995865
1215	233.58820988313053	233.58820988313053
1216	233.85414995293524	233.85414995293524
1217	234.0711378209247	234.0711378209247
1218	234.3016123126305	234.3016123126305
1219	234.5059482269182	234.5059482269182
1220	234.7238605690247	234.7238605690247
1221	234.9231890399315	234.9231890399315
1222	235.1569683251393	235.1569683251393
1223	235.38003309250536	235.38003309250536
1224	235.6528517042642	235.6528517042642
1225	235.9194782564981	235.9194782564981
1226	236.20215584040994	236.20215584040994
1227	236.49932808196422	236.49932808196422
1228	236.80309510281802	236.80309510281802
1229	237.11883980114624	237.11883980114624
1230	237.42464468378276	237.42464468378276
1231	237.70914301381055	237.70914301381055
1232	237.9995852252514	237.9995852252514
1233	238.3049701004232	238.3049701004232
1234	238.58556777158438	238.58556777158438
1235	238.8551064128062	238.8551064128062
1236	239.11933165708464	239.11933165708464
1237	239.40192552875683	239.40192552875683
1238	239.6763641872188	239.6763641872188
1239	239.9697946893163	239.9697946893163
1240	240.2672032434619	240.2672032434619
1241	240.58718323610898	240.58718323610898
1242	240.87434964405614	240.87434964405614
1243	241.1600153125858	241.1600153125858
1244	241.42766882729245	241.42766882729245
1245	241.71213550201986	241.71213550201986
1246	241.95957638766376	241.95957638766376
1247	242.2528422834747	242.2528422834747
1248	242.53176565634107	242.53176565634107
1249	242.8216054475961	242.8216054475961
1250	243.0430220436327	243.0430220436327
1251	243.28531400060035	243.28531400060035
1252	243.49206195202683	243.49206195202683
1253	243.687807650415	243.687807650415
1254	243.8840796333497	243.8840796333497
1255	244.1060719145596	244.1060719145596
1256	244.28994674255642	244.28994674255642
1257	244.4767138533256	244.4767138533256
1258	244.6419386755416	244.6419386755416
1259	244.82415604897201	244.82415604897201
1260	244.99627143228835	244.99627143228835
1261	245.15874570946798	245.15874570946798
1262	245.32761338978457	245.32761338978457
1263	245.501513329123	245.501513329123
1264	245.67444558647048	245.67444558647048
1265	245.8673801684578	245.8673801684578
1266	246.0547691944108	246.0547691944108
1267	246.23643596227635	246.23643596227635
1268	246.42672513661088	246.42672513661088
1269	246.61269527896656	246.61269527896656
1270	246.83173785225839	246.83173785225839
1271	247.07077741515872	247.07077741515872
1272	247.33879913412653	247.33879913412653
1273	247.6048069863469	247.6048069863469
1274	247.91685951122855	247.91685951122855
1275	248.2037573918949	248.2037573918949
1276	248.5203809042426	248.5203809042426
1277	248.81689215646284	248.81689215646284
1278	249.15046299135219	249.15046299135219
1279	249.4608442260369	249.4608442260369
1280	249.8251054970753	249.8251054970753
1281	250.15807695601998	250.15807695601998
1282	250.49781162011283	250.49781162011283
1283	250.83555544130098	250.83555544130098
1284	251.19130895082768	251.19130895082768
1285	251.52288294395927	251.52288294395927
1286	251.87856451793775	251.87856451793775
1287	252.23218605650325	252.23218605650325
1288	252.62503253695843	252.62503253695843
1289	253.0080618899954	253.0080618899954
1290	253.419177899935	253.419177899935
1291	253.82349202674303	253.82349202674303
1292	254.21814629585467	254.21814629585467
1293	254.56855599813426	254.56855599813426
1294	254.9206129476335	254.9206129476335
1295	255.25344001841023	255.25344001841023
1296	255.6140688445997	255.6140688445997
1297	255.9875317085997	255.9875317085997
1298	256.33837201963803	256.33837201963803
1299	256.67735749152325	256.67735749152325
1300	256.99574257989553	256.99574257989553
1301	257.3377978781026	257.3377978781026
1302	257.65205875788735	257.65205875788735
1303	257.9751405602695	257.9751405602695
1304	258.24653773134656	258.24653773134656
1305	258.5095598366783	258.5095598366783
1306	258.7208748991134	258.7208748991134
1307	258.93080469297564	258.93080469297564
1308	259.1424772055315	259.1424772055315
1309	259.40134870242986	259.40134870242986
1310	259.64047158561476	259.64047158561476
1311	259.9010710792888	259.9010710792888
1312	260.14601163900437	260.14601163900437
1313	260.39409357684303	260.39409357684303
1314	260.60886338556463	260.60886338556463
1315	260.8596979599582	260.8596979599582
1316	261.08941585933724	261.08941585933724
1317	261.36969927163733	261.36969927163733
1318	261.6166091043745	261.6166091043745
1319	261.8915249028339	261.8915249028339
1320	262.134319424824	262.134319424824
1321	262.382081458728	262.382081458728
1322	262.6282562532575	262.6282562532575
1323	262.88387645440986	262.88387645440986
1324	263.11669665132473	263.11669665132473
1325	263.3677187509157	263.3677187509157
1326	263.61805301226093	263.61805301226093
1327	263.91655433449694	263.91655433449694
1328	264.20379735397063	264.20379735397063
1329	264.5113429433598	264.5113429433598
1330	264.7954839859134	264.7954839859134
1331	265.0771835525996	265.0771835525996
1332	265.3151572443959	265.3151572443959
1333	265.5425577889945	265.5425577889945
1334	265.7785942610936	265.7785942610936
1335	265.99994789085326	265.99994789085326
1336	266.2398575205557	266.2398575205557
1337	266.4931655398543	266.4931655398543
1338	266.7607929135937	266.7607929135937
1339	266.98122074431654	266.98122074431654
1340	267.24167135552864	267.24167135552864
1341	267.47835655173986	267.47835655173986
1342	267.74130223607307	267.74130223607307
1343	267.97477968553596	267.97477968553596
1344	268.24432214235065	268.24432214235065
1345	268.5117032976616	268.5117032976616
1346	268.80435528024583	268.80435528024583
1347	269.0671759296034	269.0671759296034
1348	269.3744990676721	269.3744990676721
1349	269.6279982028403	269.6279982028403
1350	269.9080710944524	269.9080710944524
1351	270.15313759682454	270.15313759682454
1352	270.4590028458566	270.4590028458566
1353	270.7302232001205	270.7302232001205
1354	270.9879540837226	270.9879540837226
1355	271.2082081436301	271.2082081436301
1356	271.4645617150013	271.4645617150013
1357	271.71132956040657	271.71132956040657
1358	271.99093353774845	271.99093353774845
1359	272.25680545439695	272.25680545439695
1360	272.526266512576	272.526266512576
1361	272.76704313872455	272.76704313872455
1362	272.99485064384487	272.99485064384487
1363	273.2376315953103	273.2376315953103
1364	273.48608247354	273.48608247354
1365	273.7201134398846	273.7201134398846
1366	273.95837005718914	273.95837005718914
1367	274.15021735858693	274.15021735858693
1368	274.3357813169945	274.3357813169945
1369	274.52698754724673	274.52698754724673
1370	274.71905943424383	274.71905943424383
1371	274.93118502268766	274.93118502268766
1372	275.1629181876834	275.1629181876834
1373	275.3909139449126	275.3909139449126
1374	275.61845802922466	275.61845802922466
1375	275.8475458791859	275.8475458791859
1376	276.09890187409724	276.09890187409724
1377	276.3791411873217	276.3791411873217
1378	276.6155757989496	276.6155757989496
1379	276.8732978194331	276.8732978194331
1380	277.09298094522103	277.09298094522103
1381	277.3129176222874	277.3129176222874
1382	277.48843481532765	277.48843481532765
1383	277.7226519180937	277.7226519180937
1384	277.929919025892	277.929919025892
1385	278.14028477727095	278.14028477727095
1386	278.30965117908113	278.30965117908113
1387	278.4673252577441	278.4673252577441
1388	278.60118354096534	278.60118354096534
1389	278.74263266245197	278.74263266245197
1390	278.8661659833499	278.8661659833499
1391	278.99983505061886	278.99983505061886
1392	279.09426796583614	279.09426796583614
1393	279.20721955278464	279.20721955278464
1394	279.2847796198061	279.2847796198061
1395	279.37465441102285	279.37465441102285
1396	279.4328368628135	279.4328368628135
1397	279.56358810195997	279.56358810195997
1398	279.7064180779122	279.7064180779122
1399	279.8733842741827	279.8733842741827
1400	280.02352979113755	280.02352979113755
1401	280.20024511609466	280.20024511609466
1402	280.3814729203103	280.3814729203103
1403	280.5620654463162	280.5620654463162
1404	280.7534666974202	280.7534666974202
1405	280.9222451296818	280.9222451296818
1406	281.1000445556285	281.1000445556285
1407	281.2793674615917	281.2793674615917
1408	281.46157109634044	281.46157109634044
1409	281.6363806098465	281.6363806098465
1410	281.8373050855462	281.8373050855462
1411	282.0402370423908	282.0402370423908
1412	282.2666484341408	282.2666484341408
1413	282.47959349322787	282.47959349322787
1414	282.73040203081194	282.73040203081194
1415	282.9357617304152	282.9357617304152
1416	283.14769547277604	283.14769547277604
1417	283.33527191264926	283.33527191264926
1418	283.5166062394446	283.5166062394446
1419	283.6732983507604	283.6732983507604
1420	283.8811036209533	283.8811036209533
1421	284.0985869800724	284.0985869800724
1422	284.35180338791247	284.35180338791247
1423	284.57871652347694	284.57871652347694
1424	284.82922517411396	284.82922517411396
1425	285.10610452571126	285.10610452571126
1426	285.38307816098546	285.38307816098546
1427	285.60537198962845	285.60537198962845
1428	285.8612794006056	285.8612794006056
1429	286.0960058103458	286.0960058103458
1430	286.3543918157116	286.3543918157116
1431	286.61323816386255	286.61323816386255
1432	286.89440533467837	286.89440533467837
1433	287.17925538325187	287.17925538325187
1434	287.4450546879212	287.4450546879212
1435	287.69956021082055	287.69956021082055
1436	287.98528517419356	287.98528517419356
1437	288.29364905868795	288.29364905868795
1438	288.6278122665966	288.6278122665966
1439	288.9569251233811	288.9569251233811
1440	289.2146948838455	289.2146948838455
1441	289.4664164328099	289.4664164328099
1442	289.7007068214471	289.7007068214471
1443	289.95198326841967	289.95198326841967
1444	290.1637016601392	290.1637016601392
1445	290.3791891937218	290.3791891937218
1446	290.6013132891872	290.6013132891872
1447	290.83242129359627	290.83242129359627
1448	291.09068444999775	291.09068444999775
1449	291.35531177125984	291.35531177125984
1450	291.5910063199603	291.5910063199603
1451	291.84776580819164	291.84776580819164
1452	292.0643226263482	292.0643226263482
1453	292.3048435183868	292.3048435183868
1454	292.55073894015385	292.55073894015385
1455	292.8413046448093	292.8413046448093
1456	293.099576280655	293.099576280655
1457	293.36148362374894	293.36148362374894
1458	293.62933632068706	293.62933632068706
1459	293.94065935812466	293.94065935812466
1460	294.22664944989424	294.22664944989424
1461	294.5200951630471	294.5200951630471
1462	294.7676331709664	294.7676331709664
1463	295.0207983540471	295.0207983540471
1464	295.2148304687446	295.2148304687446
1465	295.4214929461143	295.4214929461143
1466	295.6087814944053	295.6087814944053
1467	295.8018642285985	295.8018642285985
1468	295.95598149123634	295.95598149123634
1469	296.151148608178	296.151148608178
1470	296.3246052927111	296.3246052927111
1471	296.5163254849224	296.5163254849224
1472	296.7009346182481	296.7009346182481
1473	296.9021259446451	296.9021259446451
1474	297.14334138567153	297.14334138567153
1475	297.4079655607413	297.4079655607413
1476	297.7034251716327	297.7034251716327
1477	297.9902801047382	297.9902801047382
1478	298.28427578144624	298.28427578144624
1479	298.58442493853016	298.58442493853016
1480	298.90878361802754	298.90878361802754
1481	299.2252759057841	299.2252759057841
1482	299.57034915431336	299.57034915431336
1483	299.9043558752515	299.9043558752515
1484	300.2722523532464	300.2722523532464
1485	300.64479171352747	300.64479171352747
1486	301.04543652647135	301.04543652647135
1487	301.41645598764075	301.41645598764075
1488	301.7858179415982	301.7858179415982
1489	302.11793871255696	302.11793871255696
1490	302.47046854011353	302.47046854011353
1491	302.82781356875125	302.82781356875125
1492	303.1940791178798	303.1940791178798
1493	303.55893454996817	303.55893454996817
1494	303.92990869998306	303.92990869998306
1495	304.25106786384345	304.25106786384345
1496	304.5937782029086	304.5937782029086
1497	304.9185181481419	304.9185181481419
1498	305.2296866777004	305.2296866777004
1499	305.5155060814379	305.5155060814379
1500	305.80684558492	305.80684558492
1501	306.0994442227889	306.0994442227889
1502	306.39606711997624	306.39606711997624
1503	306.7198395516102	306.7198395516102
1504	307.052446146483	307.052446146483
1505	307.35608781548274	307.35608781548274
1506	307.65257675875455	307.65257675875455
1507	307.96324274651016	307.96324274651016
1508	308.2669025435116	308.2669025435116
1509	308.57248924405815	308.57248924405815
1510	308.892603644885	308.892603644885
1511	309.22529216350677	309.22529216350677
1512	309.5694449190279	309.5694449190279
1513	309.98963758595903	309.98963758595903
1514	310.41604966904345	310.41604966904345
1515	310.8584017952735	310.8584017952735
1516	311.32401263497246	311.32401263497246
1517	311.7859499103745	311.7859499103745
1518	312.2186841907729	312.2186841907729
1519	312.67169077894823	312.67169077894823
1520	313.1180781588419	313.1180781588419
1521	313.59378908962333	313.59378908962333
1522	314.08350755280054	314.08350755280054
1523	314.6137549571985	314.6137549571985
1524	315.13902840516874	315.13902840516874
1525	315.69025214837643	315.69025214837643
1526	316.2493356427167	316.2493356427167
1527	316.8215505609989	316.8215505609989
1528	317.35186694315394	317.35186694315394
1529	317.88438298647935	317.88438298647935
1530	318.3666217456792	318.3666217456792
1531	318.8939493157603	318.8939493157603
1532	319.4069865581591	319.4069865581591
1533	319.98905768921577	319.98905768921577
1534	320.5633185418975	320.5633185418975
1535	321.1305830959209	321.1305830959209
1536	321.6811444393483	321.6811444393483
1537	322.2232625822557	322.2232625822557
1538	322.7485823340782	322.7485823340782
1539	323.27232107310135	323.27232107310135
1540	323.7770139762057	323.7770139762057
1541	324.30540479006595	324.30540479006595
1542	324.79385769560827	324.79385769560827
1543	325.26497843020195	325.26497843020195
1544	325.7685213148683	325.7685213148683
1545	326.26128895433845	326.26128895433845
1546	326.7369113337976	326.7369113337976
1547	327.21283724428605	327.21283724428605
1548	327.71193596025637	327.71193596025637
1549	328.21322504906317	328.21322504906317
1550	328.69589056360223	328.69589056360223
1551	329.2020270544437	329.2020270544437
1552	329.7275853173147	329.7275853173147
1553	330.19657848464215	330.19657848464215
1554	330.6901111399746	330.6901111399746
1555	331.16968354717284	331.16968354717284
1556	331.6914281769703	331.6914281769703
1557	332.2350718115489	332.2350718115489
1558	332.8454550012466	332.8454550012466
1559	333.42045783376824	333.42045783376824
1560	333.97458458847603	333.97458458847603
1561	334.5163209420785	334.5163209420785
1562	335.04612212206496	335.04612212206496
1563	335.5311888539167	335.5311888539167
1564	336.0214264647497	336.0214264647497
1565	336.4316534919541	336.4316534919541
1566	336.87597810606684	336.87597810606684
1567	337.2795060987885	337.2795060987885
1568	337.6503446987899	337.6503446987899
1569	338.0275328156697	338.0275328156697
1570	338.4397798090095	338.4397798090095
1571	338.8549933297323	338.8549933297323
1572	339.2410963861513	339.2410963861513
1573	339.65771347153753	339.65771347153753
1574	340.0712808681989	340.0712808681989
1575	340.49534355832384	340.49534355832384
1576	340.9517264873407	340.9517264873407
1577	341.40738142734136	341.40738142734136
1578	341.84142274770534	341.84142274770534
1579	342.33814958794846	342.33814958794846
1580	342.8460650826721	342.8460650826721
1581	343.3438719101463	343.3438719101463
1582	343.851763728259	343.851763728259
1583	344.3749523367437	344.3749523367437
1584	344.86863161952687	344.86863161952687
1585	345.3553223476412	345.3553223476412
1586	345.83205881529494	345.83205881529494
1587	346.33989481429853	346.33989481429853
1588	346.78570773662443	346.78570773662443
1589	347.2786638859103	347.2786638859103
1590	347.7289179258746	347.7289179258746
1591	348.23190088693633	348.23190088693633
1592	348.68409845515595	348.68409845515595
1593	349.0840095557472	349.0840095557472
1594	349.4687002384361	349.4687002384361
1595	349.91126780731605	349.91126780731605
1596	350.37133500164845	350.37133500164845
1597	350.86051540587295	350.86051540587295
1598	351.3211500172384	351.3211500172384
1599	351.8143487973412	351.8143487973412
1600	352.2801177143724	352.2801177143724
1601	352.82254284163963	352.82254284163963
1602	353.31655570065334	353.31655570065334
1603	353.8399551737417	353.8399551737417
1604	354.3805802202654	354.3805802202654
1605	354.919118556042	354.919118556042
1606	355.38446613979653	355.38446613979653
1607	355.8000219222447	355.8000219222447
1608	356.1403849518412	356.1403849518412
1609	356.46943624416014	356.46943624416014
1610	356.832135082446	356.832135082446
1611	357.1721132310472	357.1721132310472
1612	357.5219049028428	357.5219049028428
1613	357.8279559382127	357.8279559382127
1614	358.2037944295707	358.2037944295707
1615	358.5891406841507	358.5891406841507
1616	359.0274556716183	359.0274556716183
1617	359.4754183800187	359.4754183800187
1618	359.9978086303748	359.9978086303748
1619	360.4905230504051	360.4905230504051
1620	360.9978257750435	360.9978257750435
1621	361.4601326657882	361.4601326657882
1622	361.9555244230493	361.9555244230493
1623	362.4105785758102	362.4105785758102
1624	362.92622427431934	362.92622427431934
1625	363.3529257726842	363.3529257726842
1626	363.8407202985401	363.8407202985401
1627	364.2565298218166	364.2565298218166
1628	364.6839531296277	364.6839531296277
1629	365.0855601794061	365.0855601794061
1630	365.4994503098384	365.4994503098384
1631	365.89745815293975	365.89745815293975
1632	366.2971989764371	366.2971989764371
1633	366.6514456491135	366.6514456491135
1634	367.06223718605247	367.06223718605247
1635	367.4247791433356	367.4247791433356
1636	367.8406860775365	367.8406860775365
1637	368.21039109080374	368.21039109080374
1638	368.5552913316594	368.5552913316594
1639	368.88173483487355	368.88173483487355
1640	369.2499617365828	369.2499617365828
1641	369.5863372100357	369.5863372100357
1642	369.92867574316966	369.92867574316966
1643	370.260776683349	370.260776683349
1644	370.6068422828341	370.6068422828341
1645	370.94818413574325	370.94818413574325
1646	371.343133146128	371.343133146128
1647	371.81139220025943	371.81139220025943
1648	372.2749005290419	372.2749005290419
1649	372.776836933314	372.776836933314
1650	373.252027996973	373.252027996973
1651	373.782291219115	373.782291219115
1652	374.31030817227	374.31030817227
1653	374.85453381277785	374.85453381277785
1654	375.3555261333173	375.3555261333173
1655	375.8803563167391	375.8803563167391
1656	376.3268269788633	376.3268269788633
1657	376.826258055094	376.826258055094
1658	377.2596763570204	377.2596763570204
1659	377.7160750374582	377.7160750374582
1660	378.1624566709965	378.1624566709965
1661	378.53731893454375	378.53731893454375
1662	378.86640383158675	378.86640383158675
1663	379.2575497480115	379.2575497480115
1664	379.6356518446484	379.6356518446484
1665	380.05154827421217	380.05154827421217
1666	380.4495453077194	380.4495453077194
1667	380.90075845920427	380.90075845920427
1668	381.3359021387614	381.3359021387614
1669	381.7708765896121	381.7708765896121
1670	382.19275128253344	382.19275128253344
1671	382.63056796066275	382.63056796066275
1672	383.0574976821835	383.0574976821835
1673	383.5323642892935	383.5323642892935
1674	384.00028307919604	384.00028307919604
1675	384.46475487528414	384.46475487528414
1676	384.92872426139877	384.92872426139877
1677	385.44866488172516	385.44866488172516
1678	385.89814930078137	385.89814930078137
1679	386.39191732517975	386.39191732517975
1680	386.84674420998783	386.84674420998783
1681	387.30739112452903	387.30739112452903
1682	387.7489518254963	387.7489518254963
1683	388.18009294717604	388.18009294717604
1684	388.63441131913686	388.63441131913686
1685	389.0620873205368	389.0620873205368
1686	389.50829910552244	389.50829910552244
1687	389.88076622425507	389.88076622425507
1688	390.3320369832576	390.3320369832576
1689	390.7171054036737	390.7171054036737
1690	391.27419969359005	391.27419969359005
1691	391.8354587643214	391.8354587643214
1692	392.4219667930567	392.4219667930567
1693	392.88636003709775	392.88636003709775
1694	393.3800479244119	393.3800479244119
1695	393.82866332681107	393.82866332681107
1696	394.33970400182284	394.33970400182284
1697	394.80388986029203	394.80388986029203
1698	395.28622791832225	395.28622791832225
1699	395.6839544649421	395.6839544649421
1700	396.0867425362057	396.0867425362057
1701	396.37399326067515	396.37399326067515
1702	396.7012587958985	396.7012587958985
1703	397.0245369091376	397.0245369091376
1704	397.343893250482	397.343893250482
1705	397.5836068841662	397.5836068841662
1706	397.8922699340342	397.8922699340342
1707	398.17831823988456	398.17831823988456
1708	398.5766536615404	398.5766536615404
1709	398.90046982818205	398.90046982818205
1710	399.21466416241225	399.21466416241225
1711	399.4916212505344	399.4916212505344
1712	399.7871749925859	399.7871749925859
1713	400.10782587984164	400.10782587984164
1714	400.4650548430372	400.4650548430372
1715	400.7845905039274	400.7845905039274
1716	401.10633524702564	401.10633524702564
1717	401.39483363872125	401.39483363872125
1718	401.62942869173065	401.62942869173065
1719	401.8819800713161	401.8819800713161
1720	402.08718539909466	402.08718539909466
1721	402.3429223177066	402.3429223177066
1722	402.5100354886332	402.5100354886332
1723	402.7089815670145	402.7089815670145
1724	402.97296784287926	402.97296784287926
1725	403.2652904923844	403.2652904923844
1726	403.5558061456227	403.5558061456227
1727	403.870416102557	403.870416102557
1728	404.1355876664071	404.1355876664071
1729	404.505102466582	404.505102466582
1730	404.87470751105116	404.87470751105116
1731	405.2416954230043	405.2416954230043
1732	405.5772966801901	405.5772966801901
1733	406.0269960908236	406.0269960908236
1734	406.3891883242868	406.3891883242868
1735	406.79743927951404	406.79743927951404
1736	407.19915497715033	407.19915497715033
1737	407.60935576287676	407.60935576287676
1738	408.0299093671323	408.0299093671323
1739	408.50608338148857	408.50608338148857
1740	408.9462067292819	408.9462067292819
1741	409.4121449632161	409.4121449632161
1742	409.93868126657117	409.93868126657117
1743	410.53920408338985	410.53920408338985
1744	411.0357413071826	411.0357413071826
1745	411.64729554094737	411.64729554094737
1746	412.19683957468743	412.19683957468743
1747	412.82583236321307	412.82583236321307
1748	413.45635946852263	413.45635946852263
1749	414.07796716732054	414.07796716732054
1750	414.6957187198597	414.6957187198597
1751	415.2854678652466	415.2854678652466
1752	415.9590521531967	415.9590521531967
1753	416.54188610037284	416.54188610037284
1754	417.1743952201424	417.1743952201424
1755	417.8039978779126	417.8039978779126
1756	418.4548289897054	418.4548289897054
1757	419.01932997051847	419.01932997051847
1758	419.6536761684353	419.6536761684353
1759	420.3025877641531	420.3025877641531
1760	420.9804644778228	420.9804644778228
1761	421.646950525814	421.646950525814
1762	422.3586337199296	422.3586337199296
1763	423.0266742356134	423.0266742356134
1764	423.67970395865063	423.67970395865063
1765	424.3399940355215	424.3399940355215
1766	425.09689940255674	425.09689940255674
1767	425.82434876319957	425.82434876319957
1768	426.619699471505	426.619699471505
1769	427.3483038159205	427.3483038159205
1770	428.136320284776	428.136320284776
1771	428.88939067241864	428.88939067241864
1772	429.6437061131803	429.6437061131803
1773	430.3782271525265	430.3782271525265
1774	431.0543991601606	431.0543991601606
1775	431.6274107281006	431.6274107281006
1776	432.2652135661941	432.2652135661941
1777	432.8710688678739	432.8710688678739
1778	433.44413811501	433.44413811501
1779	433.9655455621808	433.9655455621808
1780	434.4710478679089	434.4710478679089
1781	434.9279583353369	434.9279583353369
1782	435.40306044571224	435.40306044571224
1783	435.89052839197984	435.89052839197984
1784	436.39925340903915	436.39925340903915
1785	436.8981587862006	436.8981587862006
1786	437.50309028276587	437.50309028276587
1787	438.1110168055461	438.1110168055461
1788	438.85529780594237	438.85529780594237
1789	439.51254109322167	439.51254109322167
1790	440.1672389139319	440.1672389139319
1791	440.86616646060713	440.86616646060713
1792	441.5841332015663	441.5841332015663
1793	442.3742212450605	442.3742212450605
1794	443.2021358829522	443.2021358829522
1795	444.0476687695687	444.0476687695687
1796	444.81530183971176	444.81530183971176
1797	445.64264769666977	445.64264769666977
1798	446.3755851602425	446.3755851602425
1799	447.1091557506112	447.1091557506112
1800	447.7852568363657	447.7852568363657
1801	448.4701460904424	448.4701460904424
1802	449.09190476375653	449.09190476375653
1803	449.7683209323741	449.7683209323741
1804	450.4005991500106	450.4005991500106
1805	450.9228063702572	450.9228063702572
1806	451.3382933750919	451.3382933750919
1807	451.807464471106	451.807464471106
1808	452.25783442981174	452.25783442981174
1809	452.6978207551158	452.6978207551158
1810	453.0767091221965	453.0767091221965
1811	453.5391122054544	453.5391122054544
1812	453.98922453685356	453.98922453685356
1813	454.47332319684784	454.47332319684784
1814	454.8711332256726	454.8711332256726
1815	455.3424947578754	455.3424947578754
1816	455.77757442705416	455.77757442705416
1817	456.2021837878126	456.2021837878126
1818	456.61731323246863	456.61731323246863
1819	457.0227383687461	457.0227383687461
1820	457.3274970128433	457.3274970128433
1821	457.6503498745364	457.6503498745364
1822	457.9891363152264	457.9891363152264
1823	458.4005982954122	458.4005982954122
1824	458.85446877223126	458.85446877223126
1825	459.19507385796885	459.19507385796885
1826	459.58009660088754	459.58009660088754
1827	459.98660357822325	459.98660357822325
1828	460.4993176426187	460.4993176426187
1829	461.0385306321658	461.0385306321658
1830	461.49978454634	461.49978454634
1831	461.770708229826	461.770708229826
1832	462.1102550209355	462.1102550209355
1833	462.36934741685417	462.36934741685417
1834	462.7209925745793	462.7209925745793
1835	462.98640600069064	462.98640600069064
1836	463.38673968925366	463.38673968925366
1837	463.7676903519072	463.7676903519072
1838	464.1858479225009	464.1858479225009
1839	464.6010104804537	464.6010104804537
1840	465.14528886370914	465.14528886370914
1841	465.5650485323738	465.5650485323738
1842	466.04041975890726	466.04041975890726
1843	466.3729439599759	466.3729439599759
1844	466.71958168378643	466.71958168378643
1845	467.17445411544736	467.17445411544736
1846	467.6777616314972	467.6777616314972
1847	468.1841012889766	468.1841012889766
1848	468.7052106393305	468.7052106393305
1849	469.017251122569	469.017251122569
1850	469.3187747258978	469.3187747258978
1851	469.6002012092614	469.6002012092614
1852	470.0363175091339	470.0363175091339
1853	470.4674616422876	470.4674616422876
1854	470.8417025562223	470.8417025562223
1855	471.077418283351	471.077418283351
1856	471.32370254657155	471.32370254657155
1857	471.64771131996173	471.64771131996173
1858	471.95877882909326	471.95877882909326
1859	472.42843891374616	472.42843891374616
1860	472.87212192034644	472.87212192034644
1861	473.3929968842249	473.3929968842249
1862	474.03384373338173	474.03384373338173
1863	474.43407909473734	474.43407909473734
1864	474.8534585012196	474.8534585012196
1865	475.3768952286747	475.3768952286747
1866	475.920834528072	475.920834528072
1867	476.50165836698926	476.50165836698926
1868	476.9956987706664	476.9956987706664
1869	477.51929044436747	477.51929044436747
1870	478.12179894073245	478.12179894073245
1871	478.79360578215227	478.79360578215227
1872	479.51078111744505	479.51078111744505
1873	480.3269357006372	480.3269357006372
1874	481.11359446889645	481.11359446889645
1875	482.0548209759638	482.0548209759638
1876	482.8528074102611	482.8528074102611
1877	483.81323359922243	483.81323359922243
1878	484.6755447552456	484.6755447552456
1879	485.6471645505674	485.6471645505674
1880	486.60587771272793	486.60587771272793
1881	487.4943776360036	487.4943776360036
1882	488.404556732985	488.404556732985
1883	489.4104548685886	489.4104548685886
1884	490.55543178621645	490.55543178621645
1885	491.771627617206	491.771627617206
1886	492.9709733275628	492.9709733275628
1887	494.24095499826973	494.24095499826973
1888	495.50251505563403	495.50251505563403
1889	496.78926887589245	496.78926887589245
1890	498.0502243457313	498.0502243457313
1891	499.3140626837815	499.3140626837815
1892	500.419795553779	500.419795553779
1893	501.43787988706424	501.43787988706424
1894	502.36158422452644	502.36158422452644
1895	503.2203690781453	503.2203690781453
1896	504.20805490174536	504.20805490174536
1897	505.12833341258766	505.12833341258766
1898	506.03465171259154	506.03465171259154
1899	506.9445193384337	506.9445193384337
1900	507.84246757842874	507.84246757842874
1901	508.81576457975564	508.81576457975564
1902	509.9415236250897	509.9415236250897
1903	510.9981177254847	510.9981177254847
1904	511.95698391256394	511.95698391256394
1905	512.7972482139189	512.7972482139189
1906	513.752666424054	513.752666424054
1907	514.662534864578	514.662534864578
1908	515.7479985584664	515.7479985584664
1909	516.8430132460223	516.8430132460223
1910	518.0076956518574	518.0076956518574
1911	518.9712910479487	518.9712910479487
1912	520.0769849036736	520.0769849036736
1913	521.1705945310337	521.1705945310337
1914	522.444843328545	522.444843328545
1915	523.6815481233479	523.6815481233479
1916	524.9092605277726	524.9092605277726
1917	526.0040767516346	526.0040767516346
1918	527.2752183141122	527.2752183141122
1919	528.4907633642025	528.4907633642025
1920	529.8127092499153	529.8127092499153
1921	530.9601189719671	530.9601189719671
1922	532.3629524905567	532.3629524905567
1923	533.5720830547519	533.5720830547519
1924	534.8547525156142	534.8547525156142
1925	536.1568547710008	536.1568547710008
1926	537.411114550784	537.411114550784
1927	538.6285974958391	538.6285974958391
1928	539.9569131092129	539.9569131092129
1929	541.3311641276174	541.3311641276174
1930	542.7573842707653	542.7573842707653
1931	544.0550097463309	544.0550097463309
1932	545.304962391141	545.304962391141
1933	546.4423546288037	546.4423546288037
1934	547.5237093301257	547.5237093301257
1935	548.6111785396251	548.6111785396251
1936	549.4933827188398	549.4933827188398
1937	550.4518227248307	550.4518227248307
1938	551.4121739297284	551.4121739297284
1939	552.5899183393944	552.5899183393944
1940	553.6666823917712	553.6666823917712
1941	554.8317591928719	554.8317591928719
1942	556.0565419476941	556.0565419476941
1943	557.2683232584989	557.2683232584989
1944	558.4080824490286	558.4080824490286
1945	559.5804971528338	559.5804971528338
1946	560.7903298458366	560.7903298458366
1947	562.0068214777933	562.0068214777933
1948	563.2438735124139	563.2438735124139
1949	564.7394171812964	564.7394171812964
1950	566.1339934032363	566.1339934032363
1951	567.6441011858292	567.6441011858292
1952	569.0186696823448	569.0186696823448
1953	570.6846664327463	570.6846664327463
1954	572.5128324099596	572.5128324099596
1955	574.670969507019	574.670969507019
1956	576.5196109585022	576.5196109585022
1957	578.3102375307832	578.3102375307832
1958	579.9952791474421	579.9952791474421
1959	581.9142533245871	581.9142533245871
1960	583.8536230621888	583.8536230621888
1961	585.8707763276406	585.8707763276406
1962	587.6115739710477	587.6115739710477
1963	589.3070746800646	589.3070746800646
1964	590.8661507578488	590.8661507578488
1965	592.5020508531887	592.5020508531887
1966	593.7043487320094	593.7043487320094
1967	595.1896804509589	595.1896804509589
1968	596.8224075169244	596.8224075169244
1969	598.3973906741894	598.3973906741894
1970	599.8345654654679	599.8345654654679
1971	601.2280620741407	601.2280620741407
1972	602.5828172657364	602.5828172657364
1973	604.15709056089	604.15709056089
1974	605.9485049590786	605.9485049590786
1975	607.7555507478849	607.7555507478849
1976	609.8577714854515	609.8577714854515
1977	611.8519269691074	611.8519269691074
1978	614.0960232814608	614.0960232814608
1979	616.3041396051726	616.3041396051726
1980	618.8032161895302	618.8032161895302
1981	620.9828599111585	620.9828599111585
1982	623.2681686099789	623.2681686099789
1983	625.4328476536921	625.4328476536921
1984	627.5639806882685	627.5639806882685
1985	629.3988981590122	629.3988981590122
1986	631.3805252793976	631.3805252793976
1987	633.0926244057264	633.0926244057264
1988	635.421803598172	635.421803598172
1989	637.428826085494	637.428826085494
1990	639.3294601761305	639.3294601761305
1991	641.4838328754943	641.4838328754943
1992	644.0295001410997	644.0295001410997
1993	646.7098265432691	646.7098265432691
1994	649.4826695233369	649.4826695233369
1995	651.9630303967807	651.9630303967807
1996	654.5541821317869	654.5541821317869
1997	657.0817549649977	657.0817549649977
1998	659.336533068386	659.336533068386
1999	661.353165964448	661.353165964448
2000	663.3366543228632	663.3366543228632
2001	665.0935913640916	665.0935913640916
2002	666.8303994745447	666.8303994745447
2003	668.9998958898414	668.9998958898414
2004	671.2465128810392	671.2465128810392
2005	674.0763293712358	674.0763293712358
2006	676.8245873674147	676.8245873674147
2007	679.1093516621693	679.1093516621693
2008	681.3934294690027	681.3934294690027
2009	683.7950689494891	683.7950689494891
2010	685.946336478783	685.946336478783
2011	687.7726425944977	687.7726425944977
2012	689.3988759981819	689.3988759981819
2013	690.824388111754	690.824388111754
2014	692.1886463086602	692.1886463086602
2015	693.3508885696971	693.3508885696971
2016	694.8455617092535	694.8455617092535
2017	696.596950376317	696.596950376317
2018	698.508244708148	698.508244708148
2019	700.396158756965	700.396158756965
2020	702.159598647036	702.159598647036
2021	704.4442139832634	704.4442139832634
2022	706.7952209216327	706.7952209216327
2023	709.4948540736962	709.4948540736962
2024	711.7627335771631	711.7627335771631
2025	714.2830379860702	714.2830379860702
2026	716.6788792101653	716.6788792101653
2027	719.3919928334626	719.3919928334626
2028	722.0738914980988	722.0738914980988
2029	724.5755364012784	724.5755364012784
2030	726.5552387127333	726.5552387127333
2031	728.3092526283643	728.3092526283643
2032	729.485257417918	729.485257417918
2033	730.6717660038026	730.6717660038026
2034	731.7471203827872	731.7471203827872
2035	733.3538218402915	733.3538218402915
2036	735.2560153716237	735.2560153716237
2037	737.6641334977296	737.6641334977296
2038	739.5596414853745	739.5596414853745
2039	741.6032443689721	741.6032443689721
2040	743.6843029149521	743.6843029149521
2041	745.4354716617908	745.4354716617908
2042	747.2050380340772	747.2050380340772
2043	748.7343011293385	748.7343011293385
2044	751.2039812893191	751.2039812893191
2045	753.9303626369273	753.9303626369273
2046	756.1388814364141	756.1388814364141
2047	757.8565653915521	757.8565653915521
2048	760.885573310127	760.885573310127
2049	764.1126166487306	764.1126166487306
2050	768.8519014118166	768.8519014118166
2051	773.2259478293687	773.2259478293687
2052	777.3640251633847	777.3640251633847
2053	782.3464464296653	782.3464464296653
2054	786.5595894098217	786.5595894098217
2055	789.9802197044712	789.9802197044712
2056	792.0756929040988	792.0756929040988
2057	793.6307762215671	793.6307762215671
2058	795.3662814567759	795.3662814567759
2059	796.466784112799	796.466784112799
2060	797.9952113344398	797.9952113344398
2061	798.7870346806131	798.7870346806131
2062	800.7378888004093	800.7378888004093
2063	802.2304892264397	802.2304892264397
2064	805.2898284804234	805.2898284804234
2065	808.9252474664974	808.9252474664974
2066	813.348759509612	813.348759509612
2067	817.1048853292755	817.1048853292755
2068	826.0657307720049	826.0657307720049
2069	835.6118078786541	835.6118078786541
2070	843.3542375479569	843.3542375479569
2071	848.6259626758628	848.6259626758628
2072	856.9177052770176	856.9177052770176
2073	857.4842460063015	857.4842460063015
2074	853.9528943114432	853.9528943114432
