#Calcul du déplacement moyen
#Time	dqmoy	part_0
1	0.11348205875690211	0.11348205875690211
2	0.2106443737485647	0.2106443737485647
3	0.33163900066002583	0.33163900066002583
4	0.4247186968356468	0.4247186968356468
5	0.5427332550914143	0.5427332550914143
6	0.6376997921593586	0.6376997921593586
7	0.7570365250208628	0.7570365250208628
8	0.8545743876541021	0.8545743876541021
9	0.9699331158521158	0.9699331158521158
10	1.0608455930365732	1.0608455930365732
11	1.1608013300417879	1.1608013300417879
12	1.2403912727474133	1.2403912727474133
13	1.3345537912548593	1.3345537912548593
14	1.4177622264920373	1.4177622264920373
15	1.5112358782549618	1.5112358782549618
16	1.5973735933788888	1.5973735933788888
17	1.68582161512083	1.68582161512083
18	1.7745682410181127	1.7745682410181127
19	1.862967176515153	1.862967176515153
20	1.9563630381698005	1.9563630381698005
21	2.041694012245496	2.041694012245496
22	2.1360243625668778	2.1360243625668778
23	2.2157489380130713	2.2157489380130713
24	2.310083345055455	2.310083345055455
25	2.3921007050339576	2.3921007050339576
26	2.4891697344920702	2.4891697344920702
27	2.5667567293608275	2.5667567293608275
28	2.6633915756532724	2.6633915756532724
29	2.7335411810924906	2.7335411810924906
30	2.817954686223498	2.817954686223498
31	2.880884554416102	2.880884554416102
32	2.967148878706012	2.967148878706012
33	3.036160270464987	3.036160270464987
34	3.1273042796654984	3.1273042796654984
35	3.191175357683391	3.191175357683391
36	3.2789113784056223	3.2789113784056223
37	3.3486145695643206	3.3486145695643206
38	3.43884300325566	3.43884300325566
39	3.5105153696178055	3.5105153696178055
40	3.607614575766913	3.607614575766913
41	3.6826131962091218	3.6826131962091218
42	3.7719784761902213	3.7719784761902213
43	3.8435020243200215	3.8435020243200215
44	3.931480750495493	3.931480750495493
45	4.008308003466723	4.008308003466723
46	4.0973544187531115	4.0973544187531115
47	4.173195522331862	4.173195522331862
48	4.260444710740316	4.260444710740316
49	4.339153261141215	4.339153261141215
50	4.429089552922162	4.429089552922162
51	4.522254968359148	4.522254968359148
52	4.621459231520081	4.621459231520081
53	4.719521611950624	4.719521611950624
54	4.812884541148917	4.812884541148917
55	4.912219696636485	4.912219696636485
56	5.002549227951285	5.002549227951285
57	5.1056062812270575	5.1056062812270575
58	5.193161177832528	5.193161177832528
59	5.292161868027152	5.292161868027152
60	5.373317599975056	5.373317599975056
61	5.4740416410302455	5.4740416410302455
62	5.554607490936677	5.554607490936677
63	5.657008212569982	5.657008212569982
64	5.738859943155582	5.738859943155582
65	5.844183797209259	5.844183797209259
66	5.929061614852598	5.929061614852598
67	6.033338660313284	6.033338660313284
68	6.109962552433464	6.109962552433464
69	6.213227624310136	6.213227624310136
70	6.291693560870341	6.291693560870341
71	6.3978720056724585	6.3978720056724585
72	6.477272832728178	6.477272832728178
73	6.58382688943791	6.58382688943791
74	6.659194823505451	6.659194823505451
75	6.755557965174512	6.755557965174512
76	6.830694171003968	6.830694171003968
77	6.929209822908675	6.929209822908675
78	7.0084137301715685	7.0084137301715685
79	7.110759538428919	7.110759538428919
80	7.198069207946836	7.198069207946836
81	7.301207688801364	7.301207688801364
82	7.394078055273614	7.394078055273614
83	7.501903868658562	7.501903868658562
84	7.6004046986101415	7.6004046986101415
85	7.700554793136905	7.700554793136905
86	7.788067693985138	7.788067693985138
87	7.88014351235106	7.88014351235106
88	7.978306538056789	7.978306538056789
89	8.078326527787256	8.078326527787256
90	8.180686912133222	8.180686912133222
91	8.26930179370471	8.26930179370471
92	8.366537383567426	8.366537383567426
93	8.457922447149123	8.457922447149123
94	8.563074501563094	8.563074501563094
95	8.654122553740761	8.654122553740761
96	8.768924098474393	8.768924098474393
97	8.864196883249521	8.864196883249521
98	8.977011880173466	8.977011880173466
99	9.070510538855324	9.070510538855324
100	9.188627605004971	9.188627605004971
101	9.294411541183234	9.294411541183234
102	9.426695358511122	9.426695358511122
103	9.53396136541101	9.53396136541101
104	9.662122990202949	9.662122990202949
105	9.760154835110495	9.760154835110495
106	9.883987352176671	9.883987352176671
107	9.978666333546451	9.978666333546451
108	10.098020348183463	10.098020348183463
109	10.189900603743641	10.189900603743641
110	10.301345806009548	10.301345806009548
111	10.39499908772264	10.39499908772264
112	10.507325396555292	10.507325396555292
113	10.60441180539976	10.60441180539976
114	10.720063805635085	10.720063805635085
115	10.823707062455256	10.823707062455256
116	10.942965631663322	10.942965631663322
117	11.053205233241439	11.053205233241439
118	11.171564655587098	11.171564655587098
119	11.288402447970991	11.288402447970991
120	11.41365957913273	11.41365957913273
121	11.538771278840173	11.538771278840173
122	11.663675927785132	11.663675927785132
123	11.784060439682724	11.784060439682724
124	11.902370859700635	11.902370859700635
125	12.023722480258394	12.023722480258394
126	12.137765618216047	12.137765618216047
127	12.262084653540825	12.262084653540825
128	12.3736602043999	12.3736602043999
129	12.499914990547275	12.499914990547275
130	12.607548546912025	12.607548546912025
131	12.731901030147398	12.731901030147398
132	12.839531083939137	12.839531083939137
133	12.968296808894321	12.968296808894321
134	13.071215728001295	13.071215728001295
135	13.195167712900417	13.195167712900417
136	13.292601334684065	13.292601334684065
137	13.40711530133661	13.40711530133661
138	13.501484373198704	13.501484373198704
139	13.624043282663177	13.624043282663177
140	13.726218964705247	13.726218964705247
141	13.856912517545485	13.856912517545485
142	13.957512506997404	13.957512506997404
143	14.084612670103024	14.084612670103024
144	14.189240142206259	14.189240142206259
145	14.316271581202354	14.316271581202354
146	14.421922316559337	14.421922316559337
147	14.554376286612964	14.554376286612964
148	14.658912168359999	14.658912168359999
149	14.777032486232486	14.777032486232486
150	14.879712620985247	14.879712620985247
151	14.996640596146051	14.996640596146051
152	15.108711537644023	15.108711537644023
153	15.226109843405549	15.226109843405549
154	15.3321425767502	15.3321425767502
155	15.448832299260523	15.448832299260523
156	15.559858531447073	15.559858531447073
157	15.664642648854045	15.664642648854045
158	15.769576401012666	15.769576401012666
159	15.869295277349652	15.869295277349652
160	15.975660682490494	15.975660682490494
161	16.07038373348959	16.07038373348959
162	16.171205191273135	16.171205191273135
163	16.256546473168882	16.256546473168882
164	16.355533753098985	16.355533753098985
165	16.4417453528248	16.4417453528248
166	16.549275780786804	16.549275780786804
167	16.63599954049767	16.63599954049767
168	16.742680929671955	16.742680929671955
169	16.829386416335087	16.829386416335087
170	16.940858146754184	16.940858146754184
171	17.032951422019053	17.032951422019053
172	17.146647463111034	17.146647463111034
173	17.23160795160494	17.23160795160494
174	17.339196739591763	17.339196739591763
175	17.42599374558346	17.42599374558346
176	17.538714597354435	17.538714597354435
177	17.627480064755368	17.627480064755368
178	17.73382399713591	17.73382399713591
179	17.81084666895254	17.81084666895254
180	17.91310657525096	17.91310657525096
181	17.995806786803044	17.995806786803044
182	18.094873098453395	18.094873098453395
183	18.1760885669473	18.1760885669473
184	18.277524591309678	18.277524591309678
185	18.366216674407696	18.366216674407696
186	18.466358953231612	18.466358953231612
187	18.559154503286596	18.559154503286596
188	18.663809653511052	18.663809653511052
189	18.769662584900104	18.769662584900104
190	18.885251057703424	18.885251057703424
191	18.997558880648842	18.997558880648842
192	19.10032422794538	19.10032422794538
193	19.205978502991286	19.205978502991286
194	19.315005283667865	19.315005283667865
195	19.432176962652022	19.432176962652022
196	19.539132554944743	19.539132554944743
197	19.660801677591692	19.660801677591692
198	19.772764234431826	19.772764234431826
199	19.902373275566134	19.902373275566134
200	20.01092830678394	20.01092830678394
201	20.14148440758019	20.14148440758019
202	20.249139271933664	20.249139271933664
203	20.38209195016875	20.38209195016875
204	20.488986612563732	20.488986612563732
205	20.613607805722445	20.613607805722445
206	20.71347169127973	20.71347169127973
207	20.83678207284325	20.83678207284325
208	20.938154331508212	20.938154331508212
209	21.067400828235918	21.067400828235918
210	21.168626059003557	21.168626059003557
211	21.29896880854284	21.29896880854284
212	21.4036131937032	21.4036131937032
213	21.531109087365284	21.531109087365284
214	21.63494791125123	21.63494791125123
215	21.757822089138912	21.757822089138912
216	21.858297069661376	21.858297069661376
217	21.971690217942246	21.971690217942246
218	22.062907903263536	22.062907903263536
219	22.17310710840922	22.17310710840922
220	22.269201727661223	22.269201727661223
221	22.38374918564231	22.38374918564231
222	22.49219530834585	22.49219530834585
223	22.600598825126553	22.600598825126553
224	22.7030508538376	22.7030508538376
225	22.807331390548043	22.807331390548043
226	22.907197656840196	22.907197656840196
227	23.009397206466893	23.009397206466893
228	23.109969248710435	23.109969248710435
229	23.20247254959161	23.20247254959161
230	23.30654918690097	23.30654918690097
231	23.397707482405202	23.397707482405202
232	23.498670207149402	23.498670207149402
233	23.59141526322429	23.59141526322429
234	23.70182038854006	23.70182038854006
235	23.798816460700408	23.798816460700408
236	23.914996372912086	23.914996372912086
237	24.00760580591944	24.00760580591944
238	24.118270606125925	24.118270606125925
239	24.205666831566194	24.205666831566194
240	24.31741988985332	24.31741988985332
241	24.397019233093953	24.397019233093953
242	24.5089546685304	24.5089546685304
243	24.588256123860937	24.588256123860937
244	24.693500004872774	24.693500004872774
245	24.780059421682946	24.780059421682946
246	24.89940852611749	24.89940852611749
247	24.996807786132745	24.996807786132745
248	25.11630277000335	25.11630277000335
249	25.209267618760457	25.209267618760457
250	25.324495692125353	25.324495692125353
251	25.41747970760154	25.41747970760154
252	25.525239749804864	25.525239749804864
253	25.612023122966324	25.612023122966324
254	25.709218507000493	25.709218507000493
255	25.789543124518673	25.789543124518673
256	25.87244477209515	25.87244477209515
257	25.94368814300857	25.94368814300857
258	26.02645829845542	26.02645829845542
259	26.11053725831289	26.11053725831289
260	26.197732978253264	26.197732978253264
261	26.28360816704474	26.28360816704474
262	26.364270706279683	26.364270706279683
263	26.451028171140173	26.451028171140173
264	26.5306476946877	26.5306476946877
265	26.62222199377818	26.62222199377818
266	26.702282170831772	26.702282170831772
267	26.795801786464033	26.795801786464033
268	26.878747230211687	26.878747230211687
269	26.973549620195065	26.973549620195065
270	27.051354137431318	27.051354137431318
271	27.152178761251783	27.152178761251783
272	27.23717993667625	27.23717993667625
273	27.33657285356759	27.33657285356759
274	27.40920621489755	27.40920621489755
275	27.507862831904305	27.507862831904305
276	27.589565490671312	27.589565490671312
277	27.69498125573594	27.69498125573594
278	27.775296971989007	27.775296971989007
279	27.874818559711496	27.874818559711496
280	27.944209322724028	27.944209322724028
281	28.04065022683261	28.04065022683261
282	28.117546219883025	28.117546219883025
283	28.22103243386963	28.22103243386963
284	28.297812204911445	28.297812204911445
285	28.391554378802493	28.391554378802493
286	28.462616559229602	28.462616559229602
287	28.547605182919916	28.547605182919916
288	28.611814950860676	28.611814950860676
289	28.69646510649365	28.69646510649365
290	28.780422137929506	28.780422137929506
291	28.88247801710782	28.88247801710782
292	28.97680447549645	28.97680447549645
293	29.068619882435343	29.068619882435343
294	29.155807318705307	29.155807318705307
295	29.248378871975838	29.248378871975838
296	29.343248865528942	29.343248865528942
297	29.436747941414215	29.436747941414215
298	29.533803032783283	29.533803032783283
299	29.61938412090765	29.61938412090765
300	29.70740253216092	29.70740253216092
301	29.792651197891217	29.792651197891217
302	29.894852301009788	29.894852301009788
303	29.978863631404145	29.978863631404145
304	30.078935350496355	30.078935350496355
305	30.154943069122858	30.154943069122858
306	30.252079829676358	30.252079829676358
307	30.32391924161053	30.32391924161053
308	30.422250831853965	30.422250831853965
309	30.495085122543976	30.495085122543976
310	30.591962972635898	30.591962972635898
311	30.66264899275927	30.66264899275927
312	30.756062595738566	30.756062595738566
313	30.828359353713637	30.828359353713637
314	30.932252990793728	30.932252990793728
315	31.015018326547935	31.015018326547935
316	31.124875037118883	31.124875037118883
317	31.20873539450004	31.20873539450004
318	31.314201894018403	31.314201894018403
319	31.3957415900681	31.3957415900681
320	31.49787694159447	31.49787694159447
321	31.58279670378348	31.58279670378348
322	31.68088505413464	31.68088505413464
323	31.7566700649747	31.7566700649747
324	31.844422811194413	31.844422811194413
325	31.925553134166428	31.925553134166428
326	32.02200496899075	32.02200496899075
327	32.11389793737264	32.11389793737264
328	32.21538169677473	32.21538169677473
329	32.31429415084038	32.31429415084038
330	32.41169776991213	32.41169776991213
331	32.50695034649844	32.50695034649844
332	32.59812810708207	32.59812810708207
333	32.69596019782565	32.69596019782565
334	32.779379339219744	32.779379339219744
335	32.87102018263941	32.87102018263941
336	32.94191571429127	32.94191571429127
337	33.02723178637361	33.02723178637361
338	33.0961477830421	33.0961477830421
339	33.191487952848234	33.191487952848234
340	33.269098182179064	33.269098182179064
341	33.36962369296566	33.36962369296566
342	33.43948623662777	33.43948623662777
343	33.52613222648759	33.52613222648759
344	33.58943161171992	33.58943161171992
345	33.67786354676585	33.67786354676585
346	33.75081611455386	33.75081611455386
347	33.848009262378866	33.848009262378866
348	33.91790815029066	33.91790815029066
349	34.004537313547296	34.004537313547296
350	34.060608430514726	34.060608430514726
351	34.1423741512448	34.1423741512448
352	34.211690439929946	34.211690439929946
353	34.30566552515003	34.30566552515003
354	34.380398203140516	34.380398203140516
355	34.47542409781225	34.47542409781225
356	34.54881185273127	34.54881185273127
357	34.63793588746016	34.63793588746016
358	34.711855722599395	34.711855722599395
359	34.80632243188288	34.80632243188288
360	34.900278482013235	34.900278482013235
361	35.00731464187042	35.00731464187042
362	35.10809080328479	35.10809080328479
363	35.21253835455727	35.21253835455727
364	35.31659217710499	35.31659217710499
365	35.41857120755323	35.41857120755323
366	35.51960670250509	35.51960670250509
367	35.607880807891156	35.607880807891156
368	35.698767224906014	35.698767224906014
369	35.7851998381504	35.7851998381504
370	35.885038366321226	35.885038366321226
371	35.96712159924999	35.96712159924999
372	36.06462223045515	36.06462223045515
373	36.15671210757951	36.15671210757951
374	36.263868920009436	36.263868920009436
375	36.349562709403045	36.349562709403045
376	36.45745995097059	36.45745995097059
377	36.54006779720497	36.54006779720497
378	36.64758724686688	36.64758724686688
379	36.72191491001987	36.72191491001987
380	36.8169909900702	36.8169909900702
381	36.881777092941576	36.881777092941576
382	36.97790592432989	36.97790592432989
383	37.046705349983924	37.046705349983924
384	37.13686596158947	37.13686596158947
385	37.19676315557233	37.19676315557233
386	37.28114502274022	37.28114502274022
387	37.33963048660704	37.33963048660704
388	37.42551156777939	37.42551156777939
389	37.49295439477118	37.49295439477118
390	37.58690999239235	37.58690999239235
391	37.66736617515029	37.66736617515029
392	37.76265276485537	37.76265276485537
393	37.83892944005598	37.83892944005598
394	37.919096413271085	37.919096413271085
395	37.989019278014396	37.989019278014396
396	38.07149134476398	38.07149134476398
397	38.14537745247844	38.14537745247844
398	38.221688039072795	38.221688039072795
399	38.294351385691506	38.294351385691506
400	38.36262275271564	38.36262275271564
401	38.43487645384222	38.43487645384222
402	38.50378551179145	38.50378551179145
403	38.57870632213566	38.57870632213566
404	38.647547824157485	38.647547824157485
405	38.720043075019255	38.720043075019255
406	38.782991665713624	38.782991665713624
407	38.87114043446776	38.87114043446776
408	38.94170264543636	38.94170264543636
409	39.03221855549563	39.03221855549563
410	39.113946191562874	39.113946191562874
411	39.22040113892158	39.22040113892158
412	39.30860513975456	39.30860513975456
413	39.41432656027008	39.41432656027008
414	39.49227515215733	39.49227515215733
415	39.59196661593964	39.59196661593964
416	39.665447184291814	39.665447184291814
417	39.76081082566116	39.76081082566116
418	39.84106841140257	39.84106841140257
419	39.94570803200712	39.94570803200712
420	40.026023169552346	40.026023169552346
421	40.128460661501606	40.128460661501606
422	40.211279520086116	40.211279520086116
423	40.31487319612417	40.31487319612417
424	40.39681523107643	40.39681523107643
425	40.49362294374676	40.49362294374676
426	40.57389252865552	40.57389252865552
427	40.663078507381314	40.663078507381314
428	40.74205938239616	40.74205938239616
429	40.835646560986476	40.835646560986476
430	40.92162948284171	40.92162948284171
431	41.00701509290093	41.00701509290093
432	41.090978817269615	41.090978817269615
433	41.17884108403071	41.17884108403071
434	41.26790164685511	41.26790164685511
435	41.352189328518705	41.352189328518705
436	41.43703330720345	41.43703330720345
437	41.50930232218261	41.50930232218261
438	41.59891695055582	41.59891695055582
439	41.67715176845354	41.67715176845354
440	41.7775782428237	41.7775782428237
441	41.86055121990583	41.86055121990583
442	41.95450101367844	41.95450101367844
443	42.02008869111954	42.02008869111954
444	42.11509024221593	42.11509024221593
445	42.18390505441894	42.18390505441894
446	42.28087043448533	42.28087043448533
447	42.354239811540396	42.354239811540396
448	42.45081074608106	42.45081074608106
449	42.514992554026705	42.514992554026705
450	42.60490169603443	42.60490169603443
451	42.66542829290245	42.66542829290245
452	42.74743291980318	42.74743291980318
453	42.80012015140046	42.80012015140046
454	42.88518910191618	42.88518910191618
455	42.946199957633965	42.946199957633965
456	43.03485087846401	43.03485087846401
457	43.10307965176719	43.10307965176719
458	43.1997778841559	43.1997778841559
459	43.27689723016268	43.27689723016268
460	43.37984248319646	43.37984248319646
461	43.4654419768048	43.4654419768048
462	43.56413029298091	43.56413029298091
463	43.64519838506054	43.64519838506054
464	43.735299916341134	43.735299916341134
465	43.82415571407708	43.82415571407708
466	43.90737829246052	43.90737829246052
467	43.9826259198275	43.9826259198275
468	44.05170041531484	44.05170041531484
469	44.11151247293708	44.11151247293708
470	44.170888866888845	44.170888866888845
471	44.23896874527432	44.23896874527432
472	44.292547085417795	44.292547085417795
473	44.3464974832697	44.3464974832697
474	44.386495599181316	44.386495599181316
475	44.43880333045354	44.43880333045354
476	44.47008947920219	44.47008947920219
477	44.51658501402875	44.51658501402875
478	44.55401105111339	44.55401105111339
479	44.61600014689705	44.61600014689705
480	44.646830029517886	44.646830029517886
481	44.697150531183	44.697150531183
482	44.729489526743905	44.729489526743905
483	44.793362914795956	44.793362914795956
484	44.83468699144305	44.83468699144305
485	44.89574658691522	44.89574658691522
486	44.93558738469582	44.93558738469582
487	45.004624614062266	45.004624614062266
488	45.052155009976374	45.052155009976374
489	45.124657853708996	45.124657853708996
490	45.17502508971509	45.17502508971509
491	45.24840156613922	45.24840156613922
492	45.302631084559835	45.302631084559835
493	45.372444321226865	45.372444321226865
494	45.419467551566065	45.419467551566065
495	45.48346625289443	45.48346625289443
496	45.530434828491096	45.530434828491096
497	45.58755582386068	45.58755582386068
498	45.638429436303774	45.638429436303774
499	45.69505714842737	45.69505714842737
500	45.74490616063136	45.74490616063136
501	45.795607002413476	45.795607002413476
502	45.84352299076036	45.84352299076036
503	45.89057578737311	45.89057578737311
504	45.94464863816708	45.94464863816708
505	45.99737181166464	45.99737181166464
506	46.059256474870025	46.059256474870025
507	46.099353890997826	46.099353890997826
508	46.15175694505088	46.15175694505088
509	46.20108942155086	46.20108942155086
510	46.280002173995534	46.280002173995534
511	46.34315732156474	46.34315732156474
512	46.42370494724041	46.42370494724041
513	46.47949643850174	46.47949643850174
514	46.55764857456151	46.55764857456151
515	46.61561270054315	46.61561270054315
516	46.69574952588717	46.69574952588717
517	46.744474682913	46.744474682913
518	46.81791641366058	46.81791641366058
519	46.865477561375386	46.865477561375386
520	46.93628106893513	46.93628106893513
521	46.97915592400121	46.97915592400121
522	47.04815066356576	47.04815066356576
523	47.094216774133706	47.094216774133706
524	47.16214094937645	47.16214094937645
525	47.20490420026616	47.20490420026616
526	47.279205520851036	47.279205520851036
527	47.340096277721784	47.340096277721784
528	47.420052818323256	47.420052818323256
529	47.48223869067	47.48223869067
530	47.55422699728115	47.55422699728115
531	47.60652958454798	47.60652958454798
532	47.669216734879086	47.669216734879086
533	47.726580746166164	47.726580746166164
534	47.79044941989283	47.79044941989283
535	47.85283386474681	47.85283386474681
536	47.91090574002773	47.91090574002773
537	47.96885889722655	47.96885889722655
538	48.02574837218174	48.02574837218174
539	48.08549916983665	48.08549916983665
540	48.14360485346901	48.14360485346901
541	48.211903727535784	48.211903727535784
542	48.26396009235137	48.26396009235137
543	48.321170653687275	48.321170653687275
544	48.36100343787837	48.36100343787837
545	48.40839848781276	48.40839848781276
546	48.44795052372953	48.44795052372953
547	48.51545851667321	48.51545851667321
548	48.557675683106524	48.557675683106524
549	48.62571532185645	48.62571532185645
550	48.66440229993804	48.66440229993804
551	48.71517682825588	48.71517682825588
552	48.742936159538445	48.742936159538445
553	48.793372612556	48.793372612556
554	48.82087471874347	48.82087471874347
555	48.86576172982975	48.86576172982975
556	48.891438688308	48.891438688308
557	48.95204662130409	48.95204662130409
558	49.00472606397941	49.00472606397941
559	49.07690470993329	49.07690470993329
560	49.12875066166636	49.12875066166636
561	49.20595945379377	49.20595945379377
562	49.268590458384594	49.268590458384594
563	49.33754945657616	49.33754945657616
564	49.39033851090235	49.39033851090235
565	49.459617503912256	49.459617503912256
566	49.513537126771915	49.513537126771915
567	49.57249095248057	49.57249095248057
568	49.61716984521185	49.61716984521185
569	49.661525761646935	49.661525761646935
570	49.70837506551058	49.70837506551058
571	49.750786253356694	49.750786253356694
572	49.797790610926356	49.797790610926356
573	49.83369054669106	49.83369054669106
574	49.877276890879955	49.877276890879955
575	49.91521492174628	49.91521492174628
576	49.958137668421486	49.958137668421486
577	49.987263957483734	49.987263957483734
578	50.02615350751652	50.02615350751652
579	50.04287137190476	50.04287137190476
580	50.081409963736164	50.081409963736164
581	50.0972402470631	50.0972402470631
582	50.13191356309559	50.13191356309559
583	50.13782578991093	50.13782578991093
584	50.17829705181529	50.17829705181529
585	50.19808031391099	50.19808031391099
586	50.24676147283052	50.24676147283052
587	50.26904055067756	50.26904055067756
588	50.31665072288679	50.31665072288679
589	50.338580625981486	50.338580625981486
590	50.3859832958435	50.3859832958435
591	50.40888250137914	50.40888250137914
592	50.45895616059295	50.45895616059295
593	50.477439421362675	50.477439421362675
594	50.50733609891204	50.50733609891204
595	50.51327875687893	50.51327875687893
596	50.543618047310474	50.543618047310474
597	50.55824719277561	50.55824719277561
598	50.59341489565215	50.59341489565215
599	50.60760816984368	50.60760816984368
600	50.63387464222757	50.63387464222757
601	50.649272846271856	50.649272846271856
602	50.67924735871017	50.67924735871017
603	50.70578035724573	50.70578035724573
604	50.73905434679823	50.73905434679823
605	50.77109919586306	50.77109919586306
606	50.80981204706737	50.80981204706737
607	50.84569856754108	50.84569856754108
608	50.886179580020894	50.886179580020894
609	50.93532808814072	50.93532808814072
610	50.97667949132855	50.97667949132855
611	51.022106640161624	51.022106640161624
612	51.05351721971395	51.05351721971395
613	51.09647334747669	51.09647334747669
614	51.1253717505131	51.1253717505131
615	51.16268386516994	51.16268386516994
616	51.180914462069666	51.180914462069666
617	51.21432061075045	51.21432061075045
618	51.226960040915344	51.226960040915344
619	51.265181375935036	51.265181375935036
620	51.2792291186644	51.2792291186644
621	51.32090015197472	51.32090015197472
622	51.3347707148175	51.3347707148175
623	51.368039156911536	51.368039156911536
624	51.37207854819915	51.37207854819915
625	51.39140230173787	51.39140230173787
626	51.38133712691565	51.38133712691565
627	51.38824798255567	51.38824798255567
628	51.37113846206644	51.37113846206644
629	51.36823878881002	51.36823878881002
630	51.33981554845077	51.33981554845077
631	51.330987412378505	51.330987412378505
632	51.30156426729306	51.30156426729306
633	51.30157035454867	51.30157035454867
634	51.289941917789164	51.289941917789164
635	51.28896072969006	51.28896072969006
636	51.27997298627464	51.27997298627464
637	51.2803212744347	51.2803212744347
638	51.2738291309413	51.2738291309413
639	51.27492346963069	51.27492346963069
640	51.28770200163204	51.28770200163204
641	51.309837911665106	51.309837911665106
642	51.33654521489714	51.33654521489714
643	51.34587238747141	51.34587238747141
644	51.368609697218574	51.368609697218574
645	51.37135454709528	51.37135454709528
646	51.39316551412594	51.39316551412594
647	51.40069985783745	51.40069985783745
648	51.42144605518564	51.42144605518564
649	51.422376266917155	51.422376266917155
650	51.44759290737804	51.44759290737804
651	51.44332466567266	51.44332466567266
652	51.47680803655411	51.47680803655411
653	51.49309805560323	51.49309805560323
654	51.537670646233735	51.537670646233735
655	51.556231480811995	51.556231480811995
656	51.59769893498395	51.59769893498395
657	51.607989497084986	51.607989497084986
658	51.64357241127796	51.64357241127796
659	51.65416820108021	51.65416820108021
660	51.68791201088299	51.68791201088299
661	51.693281118719696	51.693281118719696
662	51.72087302861389	51.72087302861389
663	51.72307354847803	51.72307354847803
664	51.74769849559105	51.74769849559105
665	51.74403629367359	51.74403629367359
666	51.764662696442855	51.764662696442855
667	51.76698477793375	51.76698477793375
668	51.78650866523567	51.78650866523567
669	51.787834289919914	51.787834289919914
670	51.79941907755533	51.79941907755533
671	51.79365339763818	51.79365339763818
672	51.79940707010229	51.79940707010229
673	51.79796482235963	51.79796482235963
674	51.79217854560041	51.79217854560041
675	51.786223356469776	51.786223356469776
676	51.774062789282965	51.774062789282965
677	51.7719720178045	51.7719720178045
678	51.76484207777045	51.76484207777045
679	51.762637834070574	51.762637834070574
680	51.7467794843013	51.7467794843013
681	51.73941683648076	51.73941683648076
682	51.70821888002791	51.70821888002791
683	51.69283878198915	51.69283878198915
684	51.6651992413226	51.6651992413226
685	51.65780642963278	51.65780642963278
686	51.62800564759115	51.62800564759115
687	51.622089776658314	51.622089776658314
688	51.58643868583337	51.58643868583337
689	51.58764725614756	51.58764725614756
690	51.55618313584043	51.55618313584043
691	51.54887399121286	51.54887399121286
692	51.52181044867949	51.52181044867949
693	51.515070007311294	51.515070007311294
694	51.4781040571159	51.4781040571159
695	51.46690254187047	51.46690254187047
696	51.42118911962626	51.42118911962626
697	51.405361850981166	51.405361850981166
698	51.3678274950801	51.3678274950801
699	51.352947211974836	51.352947211974836
700	51.32191149869305	51.32191149869305
701	51.30676159125237	51.30676159125237
702	51.28062586258909	51.28062586258909
703	51.26964010179232	51.26964010179232
704	51.244596617526184	51.244596617526184
705	51.231438021309955	51.231438021309955
706	51.2140502100742	51.2140502100742
707	51.20568886680606	51.20568886680606
708	51.20735389642203	51.20735389642203
709	51.20780981723898	51.20780981723898
710	51.21252361234692	51.21252361234692
711	51.20961741595522	51.20961741595522
712	51.21727274527715	51.21727274527715
713	51.20980373485201	51.20980373485201
714	51.20999922741624	51.20999922741624
715	51.19953820304123	51.19953820304123
716	51.20421490581091	51.20421490581091
717	51.184245856586166	51.184245856586166
718	51.18301418732143	51.18301418732143
719	51.16912354717029	51.16912354717029
720	51.177255262842344	51.177255262842344
721	51.1598409432956	51.1598409432956
722	51.173059342619105	51.173059342619105
723	51.16242508120801	51.16242508120801
724	51.18240536184973	51.18240536184973
725	51.172124490948036	51.172124490948036
726	51.18248436858667	51.18248436858667
727	51.16472774787738	51.16472774787738
728	51.175921907645375	51.175921907645375
729	51.16203932488267	51.16203932488267
730	51.17340108506741	51.17340108506741
731	51.16284678415457	51.16284678415457
732	51.17639802804263	51.17639802804263
733	51.16598907399647	51.16598907399647
734	51.17614233931472	51.17614233931472
735	51.16574993289051	51.16574993289051
736	51.17086918525709	51.17086918525709
737	51.155987006389026	51.155987006389026
738	51.14619057276015	51.14619057276015
739	51.11153776669531	51.11153776669531
740	51.07353895249385	51.07353895249385
741	51.03226293928594	51.03226293928594
742	50.991282431129555	50.991282431129555
743	50.94271874182209	50.94271874182209
744	50.888986739666876	50.888986739666876
745	50.837755283150614	50.837755283150614
746	50.78532551013384	50.78532551013384
747	50.74981298896657	50.74981298896657
748	50.70470482530341	50.70470482530341
749	50.67720211946674	50.67720211946674
750	50.64033969959736	50.64033969959736
751	50.62749961396254	50.62749961396254
752	50.60075297011494	50.60075297011494
753	50.59530422196251	50.59530422196251
754	50.57762149777727	50.57762149777727
755	50.58387916046232	50.58387916046232
756	50.563729475476464	50.563729475476464
757	50.57024582576739	50.57024582576739
758	50.55733203035781	50.55733203035781
759	50.56768213949884	50.56768213949884
760	50.55188081072028	50.55188081072028
761	50.555288842555214	50.555288842555214
762	50.52662616147888	50.52662616147888
763	50.50919463770468	50.50919463770468
764	50.470284098365624	50.470284098365624
765	50.44613155868605	50.44613155868605
766	50.40411563753426	50.40411563753426
767	50.38391117283378	50.38391117283378
768	50.34977255450494	50.34977255450494
769	50.339199296443226	50.339199296443226
770	50.31888885278545	50.31888885278545
771	50.318448105509745	50.318448105509745
772	50.31889348826313	50.31889348826313
773	50.33754474967532	50.33754474967532
774	50.347218161455885	50.347218161455885
775	50.35889407546022	50.35889407546022
776	50.36431102110778	50.36431102110778
777	50.37516329756433	50.37516329756433
778	50.391228855131814	50.391228855131814
779	50.410417845990885	50.410417845990885
780	50.42544005362213	50.42544005362213
781	50.43346453485566	50.43346453485566
782	50.44804352687892	50.44804352687892
783	50.44321835339266	50.44321835339266
784	50.44726233718174	50.44726233718174
785	50.43971676250155	50.43971676250155
786	50.442454945357255	50.442454945357255
787	50.42464173176042	50.42464173176042
788	50.41678706367007	50.41678706367007
789	50.38458962723969	50.38458962723969
790	50.37429953269982	50.37429953269982
791	50.34351065583224	50.34351065583224
792	50.34426367416381	50.34426367416381
793	50.310918967668755	50.310918967668755
794	50.30175437708217	50.30175437708217
795	50.26484472222131	50.26484472222131
796	50.254357229098275	50.254357229098275
797	50.21639784270718	50.21639784270718
798	50.207985752753814	50.207985752753814
799	50.184030755385535	50.184030755385535
800	50.18434839796713	50.18434839796713
801	50.17203753455359	50.17203753455359
802	50.188002177547105	50.188002177547105
803	50.17862935864249	50.17862935864249
804	50.186477506300115	50.186477506300115
805	50.17845581987313	50.17845581987313
806	50.184732720912095	50.184732720912095
807	50.175147342926586	50.175147342926586
808	50.181050668990125	50.181050668990125
809	50.17758993953211	50.17758993953211
810	50.17742674350923	50.17742674350923
811	50.160202170935534	50.160202170935534
812	50.1420802333126	50.1420802333126
813	50.11822207588193	50.11822207588193
814	50.081412736926694	50.081412736926694
815	50.05169391914954	50.05169391914954
816	50.02225454838262	50.02225454838262
817	50.0122980282858	50.0122980282858
818	49.99155312176907	49.99155312176907
819	49.97142712674416	49.97142712674416
820	49.93524412335729	49.93524412335729
821	49.91941023385794	49.91941023385794
822	49.89221831914728	49.89221831914728
823	49.88442078552769	49.88442078552769
824	49.852694020264394	49.852694020264394
825	49.839449376036036	49.839449376036036
826	49.80090811733278	49.80090811733278
827	49.78309176867873	49.78309176867873
828	49.73590243735852	49.73590243735852
829	49.72713178275846	49.72713178275846
830	49.68959964958044	49.68959964958044
831	49.67216922744298	49.67216922744298
832	49.6157844237352	49.6157844237352
833	49.577426489599446	49.577426489599446
834	49.51294746561108	49.51294746561108
835	49.475576688969355	49.475576688969355
836	49.41360196146495	49.41360196146495
837	49.37077058696006	49.37077058696006
838	49.30853388520485	49.30853388520485
839	49.26198027742518	49.26198027742518
840	49.20045664196536	49.20045664196536
841	49.165723996699704	49.165723996699704
842	49.13080502367591	49.13080502367591
843	49.116560506447314	49.116560506447314
844	49.092062696112635	49.092062696112635
845	49.070519725228834	49.070519725228834
846	49.05261150158906	49.05261150158906
847	49.04340200894163	49.04340200894163
848	49.04166913012291	49.04166913012291
849	49.040098386344184	49.040098386344184
850	49.0515005396557	49.0515005396557
851	49.05307068679586	49.05307068679586
852	49.06185538282577	49.06185538282577
853	49.05384722551196	49.05384722551196
854	49.06204596008857	49.06204596008857
855	49.056254462903496	49.056254462903496
856	49.071607043142	49.071607043142
857	49.068793751391865	49.068793751391865
858	49.08241955355879	49.08241955355879
859	49.07748460117895	49.07748460117895
860	49.09895533784376	49.09895533784376
861	49.09868907545356	49.09868907545356
862	49.11830439466283	49.11830439466283
863	49.10765298501718	49.10765298501718
864	49.11602184701587	49.11602184701587
865	49.09887555844158	49.09887555844158
866	49.113747624267546	49.113747624267546
867	49.10798786287055	49.10798786287055
868	49.12779181647535	49.12779181647535
869	49.12381238056453	49.12381238056453
870	49.138364009247255	49.138364009247255
871	49.13618983124279	49.13618983124279
872	49.1616791704558	49.1616791704558
873	49.180507711779285	49.180507711779285
874	49.22338412258665	49.22338412258665
875	49.245359164448715	49.245359164448715
876	49.28524178157929	49.28524178157929
877	49.31566207110028	49.31566207110028
878	49.36111440407913	49.36111440407913
879	49.40968139457109	49.40968139457109
880	49.46622956659633	49.46622956659633
881	49.5104484146009	49.5104484146009
882	49.55610414705121	49.55610414705121
883	49.601550291666456	49.601550291666456
884	49.644932824882076	49.644932824882076
885	49.70153427110796	49.70153427110796
886	49.7469922784671	49.7469922784671
887	49.80392710239569	49.80392710239569
888	49.84025373908209	49.84025373908209
889	49.8879677087267	49.8879677087267
890	49.91440714460644	49.91440714460644
891	49.959936529363716	49.959936529363716
892	49.98862356069237	49.98862356069237
893	50.03868403744207	50.03868403744207
894	50.06581356001373	50.06581356001373
895	50.12152986947055	50.12152986947055
896	50.148228873032416	50.148228873032416
897	50.20673875763974	50.20673875763974
898	50.24831796533412	50.24831796533412
899	50.33033933632481	50.33033933632481
900	50.37260492810968	50.37260492810968
901	50.43938541988608	50.43938541988608
902	50.47142270853622	50.47142270853622
903	50.52583578924367	50.52583578924367
904	50.55908109890659	50.55908109890659
905	50.607078477960535	50.607078477960535
906	50.6250384973263	50.6250384973263
907	50.678014749879736	50.678014749879736
908	50.71283444904424	50.71283444904424
909	50.768380480996626	50.768380480996626
910	50.8148253242093	50.8148253242093
911	50.875251765618444	50.875251765618444
912	50.92464837940687	50.92464837940687
913	50.97905896121708	50.97905896121708
914	51.02926479709677	51.02926479709677
915	51.08569101828532	51.08569101828532
916	51.14873378137795	51.14873378137795
917	51.211506198186605	51.211506198186605
918	51.27115667246173	51.27115667246173
919	51.320465872382016	51.320465872382016
920	51.37697914993072	51.37697914993072
921	51.43104890402472	51.43104890402472
922	51.49508574274958	51.49508574274958
923	51.53715185008123	51.53715185008123
924	51.593102440096345	51.593102440096345
925	51.61916951664552	51.61916951664552
926	51.658658686771574	51.658658686771574
927	51.68256476853632	51.68256476853632
928	51.72881373670555	51.72881373670555
929	51.764246301391445	51.764246301391445
930	51.824400821305794	51.824400821305794
931	51.863444798553125	51.863444798553125
932	51.922324833663865	51.922324833663865
933	51.962970614563844	51.962970614563844
934	52.03391702131539	52.03391702131539
935	52.08483047790925	52.08483047790925
936	52.157334336361544	52.157334336361544
937	52.20186319817652	52.20186319817652
938	52.265044179967305	52.265044179967305
939	52.30624007615725	52.30624007615725
940	52.36977042431701	52.36977042431701
941	52.421310555123796	52.421310555123796
942	52.49866994031878	52.49866994031878
943	52.56228695692471	52.56228695692471
944	52.64079763931501	52.64079763931501
945	52.70753812419679	52.70753812419679
946	52.784669149965026	52.784669149965026
947	52.856864184965225	52.856864184965225
948	52.94122348927864	52.94122348927864
949	53.02127474993805	53.02127474993805
950	53.10187882336605	53.10187882336605
951	53.17646344383488	53.17646344383488
952	53.254769485308245	53.254769485308245
953	53.33053816480064	53.33053816480064
954	53.394204518519004	53.394204518519004
955	53.46153944466208	53.46153944466208
956	53.51539875494353	53.51539875494353
957	53.586932131626305	53.586932131626305
958	53.634302230672475	53.634302230672475
959	53.70619640703859	53.70619640703859
960	53.75748101587834	53.75748101587834
961	53.827225727403516	53.827225727403516
962	53.8730020412881	53.8730020412881
963	53.93660181601517	53.93660181601517
964	53.98630475390735	53.98630475390735
965	54.068210327295986	54.068210327295986
966	54.13527703263589	54.13527703263589
967	54.231927768993295	54.231927768993295
968	54.301206421054644	54.301206421054644
969	54.38813738173634	54.38813738173634
970	54.43520864039817	54.43520864039817
971	54.50879174810492	54.50879174810492
972	54.555857596726	54.555857596726
973	54.620965439800166	54.620965439800166
974	54.65672850021355	54.65672850021355
975	54.7165629865284	54.7165629865284
976	54.749871920663466	54.749871920663466
977	54.8059470958945	54.8059470958945
978	54.84973198378595	54.84973198378595
979	54.913296661075464	54.913296661075464
980	54.95723435845013	54.95723435845013
981	55.0136792461351	55.0136792461351
982	55.05411654275508	55.05411654275508
983	55.09940571658102	55.09940571658102
984	55.139735650236545	55.139735650236545
985	55.17942465721794	55.17942465721794
986	55.22500206024324	55.22500206024324
987	55.27188174095483	55.27188174095483
988	55.31357362349401	55.31357362349401
989	55.35742037256028	55.35742037256028
990	55.4185807841663	55.4185807841663
991	55.475377402855656	55.475377402855656
992	55.54887113658057	55.54887113658057
993	55.60413841035263	55.60413841035263
994	55.6791883328461	55.6791883328461
995	55.74113811454606	55.74113811454606
996	55.8261028062487	55.8261028062487
997	55.88518243501596	55.88518243501596
998	55.969354965050584	55.969354965050584
999	56.03638174484884	56.03638174484884
1000	56.11830674929914	56.11830674929914
1001	56.16920607392579	56.16920607392579
1002	56.24284475163161	56.24284475163161
1003	56.29175015785968	56.29175015785968
1004	56.3681684619273	56.3681684619273
1005	56.42187746741942	56.42187746741942
1006	56.50004405735723	56.50004405735723
1007	56.557062610727016	56.557062610727016
1008	56.63314348209678	56.63314348209678
1009	56.68638878214064	56.68638878214064
1010	56.761137534554294	56.761137534554294
1011	56.81575325860666	56.81575325860666
1012	56.88421779242162	56.88421779242162
1013	56.943510901098975	56.943510901098975
1014	57.01504495267471	57.01504495267471
1015	57.07694958814186	57.07694958814186
1016	57.143923766280366	57.143923766280366
1017	57.20617422975757	57.20617422975757
1018	57.270108498802166	57.270108498802166
1019	57.33135631447615	57.33135631447615
1020	57.391013150182665	57.391013150182665
1021	57.45599243799401	57.45599243799401
1022	57.520420185902005	57.520420185902005
1023	57.58528355684555	57.58528355684555
1024	57.640975420379924	57.640975420379924
1025	57.7000529446791	57.7000529446791
1026	57.75097512034512	57.75097512034512
1027	57.813210701780406	57.813210701780406
1028	57.857299870990104	57.857299870990104
1029	57.92670626576628	57.92670626576628
1030	57.9821118680604	57.9821118680604
1031	58.06464966819641	58.06464966819641
1032	58.10887055704022	58.10887055704022
1033	58.171126971741636	58.171126971741636
1034	58.20927479971559	58.20927479971559
1035	58.267812967191425	58.267812967191425
1036	58.31117151161631	58.31117151161631
1037	58.38069115304365	58.38069115304365
1038	58.42739215880704	58.42739215880704
1039	58.500133554941876	58.500133554941876
1040	58.54320196719078	58.54320196719078
1041	58.6073041730341	58.6073041730341
1042	58.65057542682744	58.65057542682744
1043	58.72629932976428	58.72629932976428
1044	58.78186430779823	58.78186430779823
1045	58.86279200926988	58.86279200926988
1046	58.922737867573844	58.922737867573844
1047	58.99572040708074	58.99572040708074
1048	59.0500777731169	59.0500777731169
1049	59.12467253091641	59.12467253091641
1050	59.1816750112704	59.1816750112704
1051	59.246109462497444	59.246109462497444
1052	59.3038039095278	59.3038039095278
1053	59.37120189700539	59.37120189700539
1054	59.432338845447234	59.432338845447234
1055	59.49113979172674	59.49113979172674
1056	59.550463335685336	59.550463335685336
1057	59.610075821743195	59.610075821743195
1058	59.673857515257694	59.673857515257694
1059	59.7286264373943	59.7286264373943
1060	59.79039802613379	59.79039802613379
1061	59.851186242791826	59.851186242791826
1062	59.92914885845954	59.92914885845954
1063	59.98554869151561	59.98554869151561
1064	60.058061811488734	60.058061811488734
1065	60.11113720455872	60.11113720455872
1066	60.1885490927245	60.1885490927245
1067	60.24993734872225	60.24993734872225
1068	60.338486240673326	60.338486240673326
1069	60.39998091237604	60.39998091237604
1070	60.48597566962937	60.48597566962937
1071	60.54558161561848	60.54558161561848
1072	60.637847660975225	60.637847660975225
1073	60.702274725075604	60.702274725075604
1074	60.78363842795501	60.78363842795501
1075	60.836691536106414	60.836691536106414
1076	60.905711471711214	60.905711471711214
1077	60.950159116707994	60.950159116707994
1078	61.02364466571233	61.02364466571233
1079	61.08076789393131	61.08076789393131
1080	61.149992290028806	61.149992290028806
1081	61.2066407092031	61.2066407092031
1082	61.27570870580544	61.27570870580544
1083	61.329050308244824	61.329050308244824
1084	61.39960090486683	61.39960090486683
1085	61.45819060552947	61.45819060552947
1086	61.523603890500915	61.523603890500915
1087	61.58319298395335	61.58319298395335
1088	61.64187032573645	61.64187032573645
1089	61.703776245965884	61.703776245965884
1090	61.75701142343796	61.75701142343796
1091	61.81047363727258	61.81047363727258
1092	61.8702242374256	61.8702242374256
1093	61.93715291616171	61.93715291616171
1094	61.996400753382524	61.996400753382524
1095	62.072398193632345	62.072398193632345
1096	62.13204747314012	62.13204747314012
1097	62.21488627225267	62.21488627225267
1098	62.276764269412624	62.276764269412624
1099	62.35952589512412	62.35952589512412
1100	62.414573744755884	62.414573744755884
1101	62.49754548636949	62.49754548636949
1102	62.551743535056175	62.551743535056175
1103	62.62826932712693	62.62826932712693
1104	62.67609445455149	62.67609445455149
1105	62.75291228545936	62.75291228545936
1106	62.81000760096104	62.81000760096104
1107	62.890503178020694	62.890503178020694
1108	62.9458075400764	62.9458075400764
1109	63.03396295432261	63.03396295432261
1110	63.099566373616135	63.099566373616135
1111	63.1894423577471	63.1894423577471
1112	63.24989437446824	63.24989437446824
1113	63.33188649977413	63.33188649977413
1114	63.38344296787673	63.38344296787673
1115	63.455697817745374	63.455697817745374
1116	63.51066578981512	63.51066578981512
1117	63.597874437508715	63.597874437508715
1118	63.67101710526344	63.67101710526344
1119	63.75514622854512	63.75514622854512
1120	63.81624907221111	63.81624907221111
1121	63.87941964160802	63.87941964160802
1122	63.92836910909098	63.92836910909098
1123	63.97775990286203	63.97775990286203
1124	64.02958123520922	64.02958123520922
1125	64.07485367961877	64.07485367961877
1126	64.12140861402972	64.12140861402972
1127	64.15916647896185	64.15916647896185
1128	64.19662237170056	64.19662237170056
1129	64.21653225539137	64.21653225539137
1130	64.25366903551907	64.25366903551907
1131	64.28857682252122	64.28857682252122
1132	64.3416079620194	64.3416079620194
1133	64.36772586087102	64.36772586087102
1134	64.41110540345426	64.41110540345426
1135	64.42590213195935	64.42590213195935
1136	64.47077354750373	64.47077354750373
1137	64.49365762633764	64.49365762633764
1138	64.54258834475927	64.54258834475927
1139	64.56439018887832	64.56439018887832
1140	64.61065941146386	64.61065941146386
1141	64.63725949735719	64.63725949735719
1142	64.69426606881044	64.69426606881044
1143	64.73070824085173	64.73070824085173
1144	64.79326079639748	64.79326079639748
1145	64.83449090799559	64.83449090799559
1146	64.90395136954575	64.90395136954575
1147	64.95218394714843	64.95218394714843
1148	65.02015485383659	65.02015485383659
1149	65.0704864774334	65.0704864774334
1150	65.14650973857991	65.14650973857991
1151	65.19892076967741	65.19892076967741
1152	65.25752759880172	65.25752759880172
1153	65.31140769314314	65.31140769314314
1154	65.38204379174678	65.38204379174678
1155	65.44420840999052	65.44420840999052
1156	65.50587906606724	65.50587906606724
1157	65.55493537021633	65.55493537021633
1158	65.59920412774237	65.59920412774237
1159	65.65125974788748	65.65125974788748
1160	65.69090544867643	65.69090544867643
1161	65.74577329362862	65.74577329362862
1162	65.78949502714264	65.78949502714264
1163	65.84364627429241	65.84364627429241
1164	65.87292845625143	65.87292845625143
1165	65.908203749823	65.908203749823
1166	65.9237209889807	65.9237209889807
1167	65.9571415974281	65.9571415974281
1168	65.95928402366718	65.95928402366718
1169	65.99283863716451	65.99283863716451
1170	66.00065507599645	66.00065507599645
1171	66.02692000752889	66.02692000752889
1172	66.02669898563941	66.02669898563941
1173	66.05744039236163	66.05744039236163
1174	66.07002401761048	66.07002401761048
1175	66.1141145295535	66.1141145295535
1176	66.13413780289916	66.13413780289916
1177	66.17859218280476	66.17859218280476
1178	66.19724947602869	66.19724947602869
1179	66.2440246653998	66.2440246653998
1180	66.27342438852676	66.27342438852676
1181	66.32213031592434	66.32213031592434
1182	66.34066279504255	66.34066279504255
1183	66.3750806344789	66.3750806344789
1184	66.38270185284865	66.38270185284865
1185	66.41277835623669	66.41277835623669
1186	66.434133760338	66.434133760338
1187	66.47736368510283	66.47736368510283
1188	66.51620968838134	66.51620968838134
1189	66.56939888051053	66.56939888051053
1190	66.60667785546572	66.60667785546572
1191	66.64615015423293	66.64615015423293
1192	66.67166168014134	66.67166168014134
1193	66.69237536165537	66.69237536165537
1194	66.70987692676849	66.70987692676849
1195	66.71044877597083	66.71044877597083
1196	66.71237501808463	66.71237501808463
1197	66.71397817182705	66.71397817182705
1198	66.7288817534554	66.7288817534554
1199	66.73118927849197	66.73118927849197
1200	66.7425122449648	66.7425122449648
1201	66.7468227202007	66.7468227202007
1202	66.7694450665462	66.7694450665462
1203	66.76528681908333	66.76528681908333
1204	66.78296816102679	66.78296816102679
1205	66.77017487334669	66.77017487334669
1206	66.78556049684691	66.78556049684691
1207	66.76628334725471	66.76628334725471
1208	66.75143056889084	66.75143056889084
1209	66.71788546552162	66.71788546552162
1210	66.72343534371845	66.72343534371845
1211	66.70395655831793	66.70395655831793
1212	66.70869755915112	66.70869755915112
1213	66.66798050055209	66.66798050055209
1214	66.63669288028595	66.63669288028595
1215	66.5721009782439	66.5721009782439
1216	66.52515726561019	66.52515726561019
1217	66.44869909844678	66.44869909844678
1218	66.38990476562981	66.38990476562981
1219	66.32433671720426	66.32433671720426
1220	66.26098907491345	66.26098907491345
1221	66.17071306810927	66.17071306810927
1222	66.08583020305852	66.08583020305852
1223	66.00157529852146	66.00157529852146
1224	65.9262336219439	65.9262336219439
1225	65.83648095854372	65.83648095854372
1226	65.7510833944939	65.7510833944939
1227	65.66233636841406	65.66233636841406
1228	65.56534241497921	65.56534241497921
1229	65.4801089693218	65.4801089693218
1230	65.39159274532054	65.39159274532054
1231	65.33535457348881	65.33535457348881
1232	65.28223603036358	65.28223603036358
1233	65.23944448352066	65.23944448352066
1234	65.16568318925331	65.16568318925331
1235	65.11050698379854	65.11050698379854
1236	65.04393929735747	65.04393929735747
1237	64.99978785890114	64.99978785890114
1238	64.93160103867156	64.93160103867156
1239	64.89113121464567	64.89113121464567
1240	64.81807298080943	64.81807298080943
1241	64.77046528151544	64.77046528151544
1242	64.70193470444929	64.70193470444929
1243	64.65659045685044	64.65659045685044
1244	64.58338826292015	64.58338826292015
1245	64.53482240945493	64.53482240945493
1246	64.45692549986745	64.45692549986745
1247	64.40271027614737	64.40271027614737
1248	64.33346526413963	64.33346526413963
1249	64.28348897144542	64.28348897144542
1250	64.19654284343616	64.19654284343616
1251	64.11842706230996	64.11842706230996
1252	64.0195400298561	64.0195400298561
1253	63.94453294766798	63.94453294766798
1254	63.84515672170036	63.84515672170036
1255	63.764705189245014	63.764705189245014
1256	63.672863565355854	63.672863565355854
1257	63.59421632305643	63.59421632305643
1258	63.510283933818954	63.510283933818954
1259	63.444609317391745	63.444609317391745
1260	63.362928926130785	63.362928926130785
1261	63.296106461960605	63.296106461960605
1262	63.23045508529897	63.23045508529897
1263	63.16863050127604	63.16863050127604
1264	63.09844707314129	63.09844707314129
1265	63.01534741903745	63.01534741903745
1266	62.948850991256265	62.948850991256265
1267	62.86521741910968	62.86521741910968
1268	62.785694476997634	62.785694476997634
1269	62.69690962770852	62.69690962770852
1270	62.60998905068982	62.60998905068982
1271	62.51349716794827	62.51349716794827
1272	62.432221899537204	62.432221899537204
1273	62.33961200878284	62.33961200878284
1274	62.2634721553226	62.2634721553226
1275	62.16672428200004	62.16672428200004
1276	62.09422310871864	62.09422310871864
1277	62.005392854715886	62.005392854715886
1278	61.93889142078166	61.93889142078166
1279	61.85009467275209	61.85009467275209
1280	61.78803280524131	61.78803280524131
1281	61.69708850684792	61.69708850684792
1282	61.6356496937137	61.6356496937137
1283	61.54311576933485	61.54311576933485
1284	61.46999993332493	61.46999993332493
1285	61.37903618741006	61.37903618741006
1286	61.30742136585698	61.30742136585698
1287	61.217303512281376	61.217303512281376
1288	61.14518691698525	61.14518691698525
1289	61.05534331738856	61.05534331738856
1290	60.98890889306468	60.98890889306468
1291	60.92026156852313	60.92026156852313
1292	60.87483190618052	60.87483190618052
1293	60.82490935515207	60.82490935515207
1294	60.76965077339589	60.76965077339589
1295	60.70497403863155	60.70497403863155
1296	60.63541101025692	60.63541101025692
1297	60.56668399957766	60.56668399957766
1298	60.49053764209245	60.49053764209245
1299	60.41994839785107	60.41994839785107
1300	60.33200128755155	60.33200128755155
1301	60.25432216998805	60.25432216998805
1302	60.157144662780695	60.157144662780695
1303	60.076552167572544	60.076552167572544
1304	59.984619579274195	59.984619579274195
1305	59.903446682918	59.903446682918
1306	59.79056963556654	59.79056963556654
1307	59.70967929713588	59.70967929713588
1308	59.59608862141417	59.59608862141417
1309	59.51309659128198	59.51309659128198
1310	59.41132695039574	59.41132695039574
1311	59.3319292998235	59.3319292998235
1312	59.23223247320136	59.23223247320136
1313	59.176825401169495	59.176825401169495
1314	59.085154768285065	59.085154768285065
1315	59.02141524786036	59.02141524786036
1316	58.93128364002785	58.93128364002785
1317	58.874446187124846	58.874446187124846
1318	58.77658777585687	58.77658777585687
1319	58.69939704385565	58.69939704385565
1320	58.599886866151664	58.599886866151664
1321	58.51542218750362	58.51542218750362
1322	58.39771959572063	58.39771959572063
1323	58.28700296159191	58.28700296159191
1324	58.16747990016841	58.16747990016841
1325	58.069021295605054	58.069021295605054
1326	57.95949393349292	57.95949393349292
1327	57.86829540529558	57.86829540529558
1328	57.76442605214021	57.76442605214021
1329	57.67378765443391	57.67378765443391
1330	57.587341896030594	57.587341896030594
1331	57.506825552138324	57.506825552138324
1332	57.41650625088718	57.41650625088718
1333	57.31508847893538	57.31508847893538
1334	57.22822486211066	57.22822486211066
1335	57.119656161341936	57.119656161341936
1336	57.014973931777035	57.014973931777035
1337	56.887520773641015	56.887520773641015
1338	56.77640679800727	56.77640679800727
1339	56.64343675410947	56.64343675410947
1340	56.523291338805166	56.523291338805166
1341	56.39062756630847	56.39062756630847
1342	56.27453239302842	56.27453239302842
1343	56.13345313360451	56.13345313360451
1344	56.013237728405656	56.013237728405656
1345	55.854928584279826	55.854928584279826
1346	55.714452125119536	55.714452125119536
1347	55.548489330633025	55.548489330633025
1348	55.40295616892076	55.40295616892076
1349	55.231346600801814	55.231346600801814
1350	55.079214755656714	55.079214755656714
1351	54.916173404005676	54.916173404005676
1352	54.777569766274986	54.777569766274986
1353	54.62702744752793	54.62702744752793
1354	54.51549256116074	54.51549256116074
1355	54.38737256714608	54.38737256714608
1356	54.285300643030546	54.285300643030546
1357	54.153781729524525	54.153781729524525
1358	54.045607318340444	54.045607318340444
1359	53.91166821220213	53.91166821220213
1360	53.795493091180376	53.795493091180376
1361	53.67407576229054	53.67407576229054
1362	53.55755474918938	53.55755474918938
1363	53.441760766383936	53.441760766383936
1364	53.32266416221256	53.32266416221256
1365	53.19971395522076	53.19971395522076
1366	53.095823833482186	53.095823833482186
1367	52.983999093158914	52.983999093158914
1368	52.86719248963118	52.86719248963118
1369	52.757566205366075	52.757566205366075
1370	52.639081959212305	52.639081959212305
1371	52.51752658420261	52.51752658420261
1372	52.39169013065546	52.39169013065546
1373	52.270559159886645	52.270559159886645
1374	52.128311949766314	52.128311949766314
1375	52.0132402315335	52.0132402315335
1376	51.869111935416065	51.869111935416065
1377	51.76854066790398	51.76854066790398
1378	51.62229184505101	51.62229184505101
1379	51.510421510756586	51.510421510756586
1380	51.367876651864805	51.367876651864805
1381	51.26854821393961	51.26854821393961
1382	51.1567203511542	51.1567203511542
1383	51.06726707032313	51.06726707032313
1384	50.9379510745954	50.9379510745954
1385	50.85036515934617	50.85036515934617
1386	50.723996573007184	50.723996573007184
1387	50.62620145503816	50.62620145503816
1388	50.50907594889918	50.50907594889918
1389	50.40515284133073	50.40515284133073
1390	50.275590888629566	50.275590888629566
1391	50.17954244039265	50.17954244039265
1392	50.0644419844363	50.0644419844363
1393	49.955818135951056	49.955818135951056
1394	49.83630290473522	49.83630290473522
1395	49.72551882884298	49.72551882884298
1396	49.603991830983105	49.603991830983105
1397	49.47054484282198	49.47054484282198
1398	49.32658879269631	49.32658879269631
1399	49.19070377039422	49.19070377039422
1400	49.05309251771429	49.05309251771429
1401	48.897962602113104	48.897962602113104
1402	48.74800024190411	48.74800024190411
1403	48.60019805491166	48.60019805491166
1404	48.473437753783315	48.473437753783315
1405	48.348507498128015	48.348507498128015
1406	48.2391340881002	48.2391340881002
1407	48.11185318842736	48.11185318842736
1408	48.01788361812325	48.01788361812325
1409	47.90714245053266	47.90714245053266
1410	47.82211402507182	47.82211402507182
1411	47.721876075471556	47.721876075471556
1412	47.660302631059636	47.660302631059636
1413	47.564173295170406	47.564173295170406
1414	47.49131369544886	47.49131369544886
1415	47.39417943423447	47.39417943423447
1416	47.33255163596647	47.33255163596647
1417	47.257459883282095	47.257459883282095
1418	47.20411237424163	47.20411237424163
1419	47.11910161142068	47.11910161142068
1420	47.06365998904107	47.06365998904107
1421	46.986077340001536	46.986077340001536
1422	46.92567038077969	46.92567038077969
1423	46.835115367934485	46.835115367934485
1424	46.78673524868839	46.78673524868839
1425	46.72590317918613	46.72590317918613
1426	46.683903745634765	46.683903745634765
1427	46.61316924909884	46.61316924909884
1428	46.566579602776926	46.566579602776926
1429	46.515223402668035	46.515223402668035
1430	46.4804230283078	46.4804230283078
1431	46.425098953774594	46.425098953774594
1432	46.38332136484988	46.38332136484988
1433	46.3304961344442	46.3304961344442
1434	46.279530326747036	46.279530326747036
1435	46.23376015877432	46.23376015877432
1436	46.17975328342968	46.17975328342968
1437	46.13151052242598	46.13151052242598
1438	46.07883603315919	46.07883603315919
1439	46.03506612518511	46.03506612518511
1440	45.96392588514661	45.96392588514661
1441	45.91362297868041	45.91362297868041
1442	45.8611859864578	45.8611859864578
1443	45.829250527401264	45.829250527401264
1444	45.79077748934354	45.79077748934354
1445	45.77449349553747	45.77449349553747
1446	45.72509819217115	45.72509819217115
1447	45.70058186925868	45.70058186925868
1448	45.64436515385407	45.64436515385407
1449	45.60301862256996	45.60301862256996
1450	45.539471183566945	45.539471183566945
1451	45.49619864899713	45.49619864899713
1452	45.43784829799176	45.43784829799176
1453	45.41786065430581	45.41786065430581
1454	45.37418020419848	45.37418020419848
1455	45.37152296454738	45.37152296454738
1456	45.35001239077792	45.35001239077792
1457	45.340549738460254	45.340549738460254
1458	45.30164955854866	45.30164955854866
1459	45.28400468716144	45.28400468716144
1460	45.255336724145636	45.255336724145636
1461	45.25277535999797	45.25277535999797
1462	45.23318519667836	45.23318519667836
1463	45.220440310282214	45.220440310282214
1464	45.19753101304249	45.19753101304249
1465	45.18352928127894	45.18352928127894
1466	45.16432411478449	45.16432411478449
1467	45.15170071314261	45.15170071314261
1468	45.152774961277416	45.152774961277416
1469	45.1528837337096	45.1528837337096
1470	45.14131870827398	45.14131870827398
1471	45.11336851090455	45.11336851090455
1472	45.08781444759573	45.08781444759573
1473	45.05790696295918	45.05790696295918
1474	45.0387203219512	45.0387203219512
1475	45.00541293305395	45.00541293305395
1476	44.98922715268621	44.98922715268621
1477	44.95163079372958	44.95163079372958
1478	44.92819573089194	44.92819573089194
1479	44.88210704017312	44.88210704017312
1480	44.856387097650895	44.856387097650895
1481	44.81073763712692	44.81073763712692
1482	44.794631784931305	44.794631784931305
1483	44.737036828371274	44.737036828371274
1484	44.70188597287273	44.70188597287273
1485	44.630954630614205	44.630954630614205
1486	44.59371978403058	44.59371978403058
1487	44.54396972334591	44.54396972334591
1488	44.52686494573845	44.52686494573845
1489	44.47868253451327	44.47868253451327
1490	44.46071095304535	44.46071095304535
1491	44.39923844399063	44.39923844399063
1492	44.363957120323974	44.363957120323974
1493	44.3143889984814	44.3143889984814
1494	44.28136184537909	44.28136184537909
1495	44.220304669540255	44.220304669540255
1496	44.171407192050076	44.171407192050076
1497	44.10232521091736	44.10232521091736
1498	44.05551442752667	44.05551442752667
1499	44.0037127816458	44.0037127816458
1500	43.968780388311615	43.968780388311615
1501	43.905116760054504	43.905116760054504
1502	43.84636528599907	43.84636528599907
1503	43.78531652836052	43.78531652836052
1504	43.73097189256873	43.73097189256873
1505	43.67548746333435	43.67548746333435
1506	43.62638673093244	43.62638673093244
1507	43.58646958147229	43.58646958147229
1508	43.52849474519642	43.52849474519642
1509	43.480366442436754	43.480366442436754
1510	43.39782207389723	43.39782207389723
1511	43.31899729451015	43.31899729451015
1512	43.2306943145023	43.2306943145023
1513	43.14708866620475	43.14708866620475
1514	43.04154776859905	43.04154776859905
1515	42.93593040770422	42.93593040770422
1516	42.799118693273904	42.799118693273904
1517	42.6923246898666	42.6923246898666
1518	42.54420013733286	42.54420013733286
1519	42.427533130267655	42.427533130267655
1520	42.287567794197685	42.287567794197685
1521	42.18046006962406	42.18046006962406
1522	42.04337716552251	42.04337716552251
1523	41.944283199343715	41.944283199343715
1524	41.82436558850519	41.82436558850519
1525	41.753184222910406	41.753184222910406
1526	41.66796365710003	41.66796365710003
1527	41.586459621288384	41.586459621288384
1528	41.48097443712414	41.48097443712414
1529	41.39456709218412	41.39456709218412
1530	41.28016929096961	41.28016929096961
1531	41.17877714747941	41.17877714747941
1532	41.05523182522239	41.05523182522239
1533	40.94040438590636	40.94040438590636
1534	40.808789042787254	40.808789042787254
1535	40.68298690647775	40.68298690647775
1536	40.53684385858774	40.53684385858774
1537	40.37963003688557	40.37963003688557
1538	40.23134267101067	40.23134267101067
1539	40.07195968262432	40.07195968262432
1540	39.91625100961595	39.91625100961595
1541	39.74603807416304	39.74603807416304
1542	39.58946592942665	39.58946592942665
1543	39.40453103393276	39.40453103393276
1544	39.246500930084544	39.246500930084544
1545	39.075734958144736	39.075734958144736
1546	38.92347559694316	38.92347559694316
1547	38.76226811711395	38.76226811711395
1548	38.630174406081345	38.630174406081345
1549	38.4749367559507	38.4749367559507
1550	38.35641111193416	38.35641111193416
1551	38.209223439984285	38.209223439984285
1552	38.08931650321915	38.08931650321915
1553	37.941569832305106	37.941569832305106
1554	37.82649747371211	37.82649747371211
1555	37.68166228630842	37.68166228630842
1556	37.580460060700304	37.580460060700304
1557	37.43593505022081	37.43593505022081
1558	37.30473684880347	37.30473684880347
1559	37.160731676331096	37.160731676331096
1560	37.03571141329085	37.03571141329085
1561	36.89282087848381	36.89282087848381
1562	36.79000399782862	36.79000399782862
1563	36.671357905906646	36.671357905906646
1564	36.57948960899584	36.57948960899584
1565	36.45535938241868	36.45535938241868
1566	36.33723068128137	36.33723068128137
1567	36.190772833925344	36.190772833925344
1568	36.06225374129611	36.06225374129611
1569	35.92878756725628	35.92878756725628
1570	35.81915667227733	35.81915667227733
1571	35.686974901745415	35.686974901745415
1572	35.566610481320645	35.566610481320645
1573	35.448370677513715	35.448370677513715
1574	35.34589769707737	35.34589769707737
1575	35.251868696176565	35.251868696176565
1576	35.15327756203058	35.15327756203058
1577	35.042480788993835	35.042480788993835
1578	34.91338560203191	34.91338560203191
1579	34.791850936622566	34.791850936622566
1580	34.64024201577512	34.64024201577512
1581	34.50049815134954	34.50049815134954
1582	34.33240644357736	34.33240644357736
1583	34.19051720689696	34.19051720689696
1584	34.02902434109122	34.02902434109122
1585	33.90852430752824	33.90852430752824
1586	33.76488152809526	33.76488152809526
1587	33.64102911255092	33.64102911255092
1588	33.48223122091494	33.48223122091494
1589	33.36349586264524	33.36349586264524
1590	33.20187606231951	33.20187606231951
1591	33.06439603613215	33.06439603613215
1592	32.89584957962787	32.89584957962787
1593	32.771795144767644	32.771795144767644
1594	32.61356980974219	32.61356980974219
1595	32.4853848702932	32.4853848702932
1596	32.31748863688023	32.31748863688023
1597	32.17240559804461	32.17240559804461
1598	32.00528808641278	32.00528808641278
1599	31.87257452280439	31.87257452280439
1600	31.741783633500468	31.741783633500468
1601	31.615003760026518	31.615003760026518
1602	31.479500701343866	31.479500701343866
1603	31.357335839592814	31.357335839592814
1604	31.228489105876694	31.228489105876694
1605	31.111478167203487	31.111478167203487
1606	30.98405897760815	30.98405897760815
1607	30.877308961050055	30.877308961050055
1608	30.776951370410025	30.776951370410025
1609	30.67282224623135	30.67282224623135
1610	30.56375133580748	30.56375133580748
1611	30.442986437793934	30.442986437793934
1612	30.30566175500308	30.30566175500308
1613	30.16729379247296	30.16729379247296
1614	30.036010986207536	30.036010986207536
1615	29.868987018029195	29.868987018029195
1616	29.74380407929862	29.74380407929862
1617	29.59994357382749	29.59994357382749
1618	29.487450323508256	29.487450323508256
1619	29.355021261503296	29.355021261503296
1620	29.255445604110793	29.255445604110793
1621	29.12769365326372	29.12769365326372
1622	29.039056123992637	29.039056123992637
1623	28.912918738814042	28.912918738814042
1624	28.806305022212193	28.806305022212193
1625	28.685759216720633	28.685759216720633
1626	28.599761758491955	28.599761758491955
1627	28.49107187938541	28.49107187938541
1628	28.41055810280235	28.41055810280235
1629	28.315615118762405	28.315615118762405
1630	28.246122969137062	28.246122969137062
1631	28.153500867303073	28.153500867303073
1632	28.090840340387437	28.090840340387437
1633	28.012223209519224	28.012223209519224
1634	27.949219168655432	27.949219168655432
1635	27.87067404615925	27.87067404615925
1636	27.801102985873875	27.801102985873875
1637	27.720582378043822	27.720582378043822
1638	27.656647245673028	27.656647245673028
1639	27.59238478328816	27.59238478328816
1640	27.54403318539361	27.54403318539361
1641	27.491191011824856	27.491191011824856
1642	27.436522415102765	27.436522415102765
1643	27.376688723540546	27.376688723540546
1644	27.32344641772214	27.32344641772214
1645	27.274788028978776	27.274788028978776
1646	27.214490784295727	27.214490784295727
1647	27.154885723954983	27.154885723954983
1648	27.085938840339622	27.085938840339622
1649	27.037538737025486	27.037538737025486
1650	26.966468146630017	26.966468146630017
1651	26.89987948161899	26.89987948161899
1652	26.828246271660774	26.828246271660774
1653	26.770019471292624	26.770019471292624
1654	26.69474595977536	26.69474595977536
1655	26.620635254596635	26.620635254596635
1656	26.519371069590697	26.519371069590697
1657	26.436453015608414	26.436453015608414
1658	26.32341723010627	26.32341723010627
1659	26.223759966144605	26.223759966144605
1660	26.098103732424473	26.098103732424473
1661	25.9990801608877	25.9990801608877
1662	25.86987533264761	25.86987533264761
1663	25.784661022574642	25.784661022574642
1664	25.689489677052137	25.689489677052137
1665	25.606161322301652	25.606161322301652
1666	25.494861629581173	25.494861629581173
1667	25.3944504195472	25.3944504195472
1668	25.27050731258966	25.27050731258966
1669	25.17136940929189	25.17136940929189
1670	25.048421083243436	25.048421083243436
1671	24.949866314522072	24.949866314522072
1672	24.82112622194144	24.82112622194144
1673	24.70888039356871	24.70888039356871
1674	24.580155833455606	24.580155833455606
1675	24.48574091206785	24.48574091206785
1676	24.39821839404612	24.39821839404612
1677	24.30264232221335	24.30264232221335
1678	24.201435729150795	24.201435729150795
1679	24.11661802409686	24.11661802409686
1680	24.047987635016664	24.047987635016664
1681	23.97559863521275	23.97559863521275
1682	23.908551549548452	23.908551549548452
1683	23.838263688054028	23.838263688054028
1684	23.767379705462208	23.767379705462208
1685	23.676925726645518	23.676925726645518
1686	23.60507547205727	23.60507547205727
1687	23.526899646876	23.526899646876
1688	23.48572566426123	23.48572566426123
1689	23.39725503773295	23.39725503773295
1690	23.329946766913846	23.329946766913846
1691	23.25607580956167	23.25607580956167
1692	23.20903809035229	23.20903809035229
1693	23.133059221073907	23.133059221073907
1694	23.07603194928195	23.07603194928195
1695	22.996229760605917	22.996229760605917
1696	22.950792401260895	22.950792401260895
1697	22.886080738115773	22.886080738115773
1698	22.868202974524085	22.868202974524085
1699	22.829929618587812	22.829929618587812
1700	22.817757921631724	22.817757921631724
1701	22.790794348065493	22.790794348065493
1702	22.780126853141333	22.780126853141333
1703	22.731380062838635	22.731380062838635
1704	22.680025098723053	22.680025098723053
1705	22.612597488683047	22.612597488683047
1706	22.573204492994986	22.573204492994986
1707	22.52497503426353	22.52497503426353
1708	22.484897036699557	22.484897036699557
1709	22.43284327837121	22.43284327837121
1710	22.38283926175715	22.38283926175715
1711	22.31679482757768	22.31679482757768
1712	22.28017600083963	22.28017600083963
1713	22.27687391011529	22.27687391011529
1714	22.28444081717504	22.28444081717504
1715	22.291101612711937	22.291101612711937
1716	22.273711246978934	22.273711246978934
1717	22.258085540425242	22.258085540425242
1718	22.256828119970333	22.256828119970333
1719	22.27002720211237	22.27002720211237
1720	22.25334467004013	22.25334467004013
1721	22.244762019558706	22.244762019558706
1722	22.22212189260769	22.22212189260769
1723	22.222664539367937	22.222664539367937
1724	22.204774641317627	22.204774641317627
1725	22.219670460912923	22.219670460912923
1726	22.209392267026583	22.209392267026583
1727	22.214287720750086	22.214287720750086
1728	22.192456658704643	22.192456658704643
1729	22.194104788280384	22.194104788280384
1730	22.172210160794894	22.172210160794894
1731	22.159349107733583	22.159349107733583
1732	22.121413117109764	22.121413117109764
1733	22.12671852836357	22.12671852836357
1734	22.08674880230033	22.08674880230033
1735	22.08518275437265	22.08518275437265
1736	22.047458532177018	22.047458532177018
1737	22.032657565587556	22.032657565587556
1738	22.017253833828292	22.017253833828292
1739	22.031743262235096	22.031743262235096
1740	22.015583334547575	22.015583334547575
1741	22.02365550547721	22.02365550547721
1742	22.000459095523095	22.000459095523095
1743	21.99691173748782	21.99691173748782
1744	21.969378344614924	21.969378344614924
1745	21.95036195946991	21.95036195946991
1746	21.92273703398783	21.92273703398783
1747	21.904050950501507	21.904050950501507
1748	21.874347056590146	21.874347056590146
1749	21.841145603874146	21.841145603874146
1750	21.803371164756236	21.803371164756236
1751	21.749477073789073	21.749477073789073
1752	21.704969499959386	21.704969499959386
1753	21.65873038419144	21.65873038419144
1754	21.60268309265473	21.60268309265473
1755	21.542893621557532	21.542893621557532
1756	21.534992441655856	21.534992441655856
1757	21.519833336612272	21.519833336612272
1758	21.507993201756225	21.507993201756225
1759	21.49201513347601	21.49201513347601
1760	21.485376546032946	21.485376546032946
1761	21.463007845628567	21.463007845628567
1762	21.469592026374205	21.469592026374205
1763	21.43389214349746	21.43389214349746
1764	21.43506109182377	21.43506109182377
1765	21.399710334989557	21.399710334989557
1766	21.38721061767648	21.38721061767648
1767	21.346056057925978	21.346056057925978
1768	21.32763948559833	21.32763948559833
1769	21.264857462663453	21.264857462663453
1770	21.238483523073622	21.238483523073622
1771	21.176448342834604	21.176448342834604
1772	21.14276435336041	21.14276435336041
1773	21.081798934890504	21.081798934890504
1774	21.040464918949578	21.040464918949578
1775	20.981862350731504	20.981862350731504
1776	20.932790838187397	20.932790838187397
1777	20.858417517199637	20.858417517199637
1778	20.79841960532207	20.79841960532207
1779	20.747107737120476	20.747107737120476
1780	20.715087531247455	20.715087531247455
1781	20.66742403204409	20.66742403204409
1782	20.634043866081893	20.634043866081893
1783	20.604735380222372	20.604735380222372
1784	20.57007542296531	20.57007542296531
1785	20.513544165833984	20.513544165833984
1786	20.451214149507386	20.451214149507386
1787	20.415507461826362	20.415507461826362
1788	20.36475264249376	20.36475264249376
1789	20.31064339918615	20.31064339918615
1790	20.239713775619425	20.239713775619425
1791	20.199276569809598	20.199276569809598
1792	20.12687365470657	20.12687365470657
1793	20.11384072566294	20.11384072566294
1794	20.09539432141409	20.09539432141409
1795	20.091971700083207	20.091971700083207
1796	20.059044200879896	20.059044200879896
1797	20.068463564289466	20.068463564289466
1798	20.069672317287484	20.069672317287484
1799	20.085639451208333	20.085639451208333
1800	20.09505343641809	20.09505343641809
1801	20.124996847981947	20.124996847981947
1802	20.12685419399452	20.12685419399452
1803	20.150908801830283	20.150908801830283
1804	20.137367039289632	20.137367039289632
1805	20.1747272914492	20.1747272914492
1806	20.2117590254894	20.2117590254894
1807	20.273984010360536	20.273984010360536
1808	20.29739270038831	20.29739270038831
1809	20.32334441000589	20.32334441000589
1810	20.329778093247995	20.329778093247995
1811	20.386848057223098	20.386848057223098
1812	20.44256895577607	20.44256895577607
1813	20.528286761621217	20.528286761621217
1814	20.59047320238404	20.59047320238404
1815	20.673354127538154	20.673354127538154
1816	20.745745503251094	20.745745503251094
1817	20.832548284809913	20.832548284809913
1818	20.924321277021576	20.924321277021576
1819	21.01329236732885	21.01329236732885
1820	21.106035092466975	21.106035092466975
1821	21.170620571363035	21.170620571363035
1822	21.23975137033765	21.23975137033765
1823	21.267555247483905	21.267555247483905
1824	21.316206283049468	21.316206283049468
1825	21.364790666427773	21.364790666427773
1826	21.419916628523538	21.419916628523538
1827	21.441875708232423	21.441875708232423
1828	21.463829771084974	21.463829771084974
1829	21.455794364687076	21.455794364687076
1830	21.469164619604424	21.469164619604424
1831	21.4543017520238	21.4543017520238
1832	21.4622426142219	21.4622426142219
1833	21.4311348699938	21.4311348699938
1834	21.46165672326746	21.46165672326746
1835	21.454970728604476	21.454970728604476
1836	21.485408329281555	21.485408329281555
1837	21.49213144472167	21.49213144472167
1838	21.502359060043545	21.502359060043545
1839	21.472755947683634	21.472755947683634
1840	21.497052237683704	21.497052237683704
1841	21.502057445196712	21.502057445196712
1842	21.51917044811411	21.51917044811411
1843	21.486385714188625	21.486385714188625
1844	21.47466184749824	21.47466184749824
1845	21.489620824413848	21.489620824413848
1846	21.51906670738986	21.51906670738986
1847	21.551833166890834	21.551833166890834
1848	21.5736940513952	21.5736940513952
1849	21.597249722578937	21.597249722578937
1850	21.620271887677962	21.620271887677962
1851	21.66099180954336	21.66099180954336
1852	21.727131362416145	21.727131362416145
1853	21.780318552416674	21.780318552416674
1854	21.796012813486392	21.796012813486392
1855	21.80828948134218	21.80828948134218
1856	21.843457611840204	21.843457611840204
1857	21.908255906184095	21.908255906184095
1858	21.981695798428042	21.981695798428042
1859	22.090745417389826	22.090745417389826
1860	22.164832266969732	22.164832266969732
1861	22.2668013921515	22.2668013921515
1862	22.320217551369915	22.320217551369915
1863	22.407216833201915	22.407216833201915
1864	22.48507097645578	22.48507097645578
1865	22.582440241402217	22.582440241402217
1866	22.664996573963705	22.664996573963705
1867	22.779514367131476	22.779514367131476
1868	22.85312063592019	22.85312063592019
1869	22.958805306856103	22.958805306856103
1870	23.009224998401443	23.009224998401443
1871	23.118575865726594	23.118575865726594
1872	23.19939636797784	23.19939636797784
1873	23.305967675069034	23.305967675069034
1874	23.36184127664874	23.36184127664874
1875	23.46447651504044	23.46447651504044
1876	23.55441520530791	23.55441520530791
1877	23.67984711396113	23.67984711396113
1878	23.76771519608232	23.76771519608232
1879	23.86149845626283	23.86149845626283
1880	23.913567568470377	23.913567568470377
1881	24.00804584767164	24.00804584767164
1882	24.09995885079507	24.09995885079507
1883	24.193753656353564	24.193753656353564
1884	24.285428657893895	24.285428657893895
1885	24.351060474468696	24.351060474468696
1886	24.400030081367085	24.400030081367085
1887	24.466172778593574	24.466172778593574
1888	24.54309060770384	24.54309060770384
1889	24.617964063795466	24.617964063795466
1890	24.71563758752781	24.71563758752781
1891	24.82765999227692	24.82765999227692
1892	24.950762447828154	24.950762447828154
1893	25.087422197274087	25.087422197274087
1894	25.228267816524166	25.228267816524166
1895	25.36745149006213	25.36745149006213
1896	25.508442618799396	25.508442618799396
1897	25.639710686294023	25.639710686294023
1898	25.81032498923527	25.81032498923527
1899	25.962743234744835	25.962743234744835
1900	26.126007230840862	26.126007230840862
1901	26.272469752899312	26.272469752899312
1902	26.431468599906395	26.431468599906395
1903	26.567145319378085	26.567145319378085
1904	26.731780129613835	26.731780129613835
1905	26.906584112424003	26.906584112424003
1906	27.122772925876795	27.122772925876795
1907	27.342461176271332	27.342461176271332
1908	27.59838627561102	27.59838627561102
1909	27.84303934312257	27.84303934312257
1910	28.1573582374716	28.1573582374716
1911	28.473920823067814	28.473920823067814
1912	28.818179880747884	28.818179880747884
1913	29.117733537398408	29.117733537398408
1914	29.446272100757362	29.446272100757362
1915	29.728424172766164	29.728424172766164
1916	30.03745414288013	30.03745414288013
1917	30.335102214512695	30.335102214512695
1918	30.662043300105648	30.662043300105648
1919	30.947520635656605	30.947520635656605
1920	31.243104047074606	31.243104047074606
1921	31.548283462042846	31.548283462042846
1922	31.83305499750231	31.83305499750231
1923	32.12804341055617	32.12804341055617
1924	32.44698253332317	32.44698253332317
1925	32.77528423654282	32.77528423654282
1926	33.09920786008924	33.09920786008924
1927	33.42938124098117	33.42938124098117
1928	33.75631969043609	33.75631969043609
1929	34.06794288148873	34.06794288148873
1930	34.37864748181206	34.37864748181206
1931	34.72612660175831	34.72612660175831
1932	35.06496619852173	35.06496619852173
1933	35.44108505683391	35.44108505683391
1934	35.796337816600094	35.796337816600094
1935	36.182765574096884	36.182765574096884
1936	36.54761438810175	36.54761438810175
1937	36.91865185094462	36.91865185094462
1938	37.240953058181766	37.240953058181766
1939	37.63583915829113	37.63583915829113
1940	37.9873067047056	37.9873067047056
1941	38.38652805199172	38.38652805199172
1942	38.70393092392233	38.70393092392233
1943	39.03613115878041	39.03613115878041
1944	39.32535368330673	39.32535368330673
1945	39.65997595355944	39.65997595355944
1946	39.94004543072043	39.94004543072043
1947	40.25366528942192	40.25366528942192
1948	40.544263495851105	40.544263495851105
1949	40.88525791191612	40.88525791191612
1950	41.18909530516792	41.18909530516792
1951	41.52732658186372	41.52732658186372
1952	41.82938789027858	41.82938789027858
1953	42.137410594844454	42.137410594844454
1954	42.42897626897725	42.42897626897725
1955	42.688740351931195	42.688740351931195
1956	42.9088670655348	42.9088670655348
1957	43.11089633980146	43.11089633980146
1958	43.32208469594826	43.32208469594826
1959	43.58343004829559	43.58343004829559
1960	43.82754562750159	43.82754562750159
1961	44.05351207225214	44.05351207225214
1962	44.237179518076836	44.237179518076836
1963	44.41236721532272	44.41236721532272
1964	44.58206448923707	44.58206448923707
1965	44.766151423482924	44.766151423482924
1966	45.01973194003949	45.01973194003949
1967	45.1990751213258	45.1990751213258
1968	45.38459149407487	45.38459149407487
1969	45.499122994680334	45.499122994680334
1970	45.67408613813744	45.67408613813744
1971	45.8093949822219	45.8093949822219
1972	45.96306223863206	45.96306223863206
1973	46.08311774608761	46.08311774608761
1974	46.20703317027572	46.20703317027572
1975	46.292974658009044	46.292974658009044
1976	46.464202285476404	46.464202285476404
1977	46.62120312545885	46.62120312545885
1978	46.8336619699284	46.8336619699284
1979	46.99581937584624	46.99581937584624
1980	47.22122745712696	47.22122745712696
1981	47.419224222478576	47.419224222478576
1982	47.67658253084393	47.67658253084393
1983	47.92307870741219	47.92307870741219
1984	48.17364923132409	48.17364923132409
1985	48.424803134888194	48.424803134888194
1986	48.64862654266169	48.64862654266169
1987	48.90329433214471	48.90329433214471
1988	49.188662067125556	49.188662067125556
1989	49.46520750586046	49.46520750586046
1990	49.7864504671804	49.7864504671804
1991	50.09472786512048	50.09472786512048
1992	50.407107529703445	50.407107529703445
1993	50.68991316861876	50.68991316861876
1994	50.97348686351491	50.97348686351491
1995	51.28980134169307	51.28980134169307
1996	51.586239108654325	51.586239108654325
1997	51.85262856269436	51.85262856269436
1998	52.072853597955145	52.072853597955145
1999	52.286183360105625	52.286183360105625
2000	52.53552040427443	52.53552040427443
2001	52.8018583031133	52.8018583031133
2002	53.01296500491881	53.01296500491881
2003	53.311787163497414	53.311787163497414
2004	53.45800757473209	53.45800757473209
2005	53.63290030557651	53.63290030557651
2006	53.72810486594901	53.72810486594901
2007	53.860595511514234	53.860595511514234
2008	53.99267437767824	53.99267437767824
2009	54.208221500771515	54.208221500771515
2010	54.39790723724303	54.39790723724303
2011	54.672254434984495	54.672254434984495
2012	54.92687947122307	54.92687947122307
2013	55.226839890914164	55.226839890914164
2014	55.47879804838749	55.47879804838749
2015	55.77738501819583	55.77738501819583
2016	56.08425255906513	56.08425255906513
2017	56.44098334788478	56.44098334788478
2018	56.76782209014742	56.76782209014742
2019	57.12593901940981	57.12593901940981
2020	57.48715503372776	57.48715503372776
2021	57.86312027507899	57.86312027507899
2022	58.19106461983687	58.19106461983687
2023	58.57136541707787	58.57136541707787
2024	58.90151762844618	58.90151762844618
2025	59.215273494764055	59.215273494764055
2026	59.568627277116605	59.568627277116605
2027	59.92132189209393	59.92132189209393
2028	60.257017580938	60.257017580938
2029	60.61023963359487	60.61023963359487
2030	60.979790250060816	60.979790250060816
2031	61.38990405866619	61.38990405866619
2032	61.77838911167978	61.77838911167978
2033	62.163442297165254	62.163442297165254
2034	62.4832075852169	62.4832075852169
2035	62.75087002881891	62.75087002881891
2036	63.03943350030653	63.03943350030653
2037	63.31342851140918	63.31342851140918
2038	63.611468622176204	63.611468622176204
2039	63.8819913080635	63.8819913080635
2040	64.19790627065066	64.19790627065066
2041	64.41746603943582	64.41746603943582
2042	64.69111224877949	64.69111224877949
2043	65.01340962248759	65.01340962248759
2044	65.35301027452739	65.35301027452739
2045	65.56013404698237	65.56013404698237
2046	65.83898148391523	65.83898148391523
2047	66.0083088605162	66.0083088605162
2048	66.22490426703837	66.22490426703837
2049	66.40229648207847	66.40229648207847
2050	66.71549828999008	66.71549828999008
2051	66.97438268436568	66.97438268436568
2052	67.33040388764047	67.33040388764047
2053	67.55078750837804	67.55078750837804
2054	67.7572988763343	67.7572988763343
2055	67.89398588367821	67.89398588367821
2056	68.00232092493366	68.00232092493366
2057	67.97800105061734	67.97800105061734
2058	67.95370037614535	67.95370037614535
2059	68.06396683684787	68.06396683684787
2060	68.24102152624138	68.24102152624138
2061	68.38935143023366	68.38935143023366
2062	68.6249068945941	68.6249068945941
2063	68.80381501701237	68.80381501701237
2064	68.97404875919631	68.97404875919631
2065	69.20127025687972	69.20127025687972
2066	69.43454779212522	69.43454779212522
2067	69.47600490181571	69.47600490181571
2068	69.39481744540349	69.39481744540349
2069	69.2951728630616	69.2951728630616
2070	69.14253623458163	69.14253623458163
2071	69.12472986491976	69.12472986491976
2072	68.96120411074229	68.96120411074229
2073	68.99896488878636	68.99896488878636
2074	68.96966714043793	68.96966714043793
2075	68.8996264407699	68.8996264407699
2076	68.67587788809855	68.67587788809855
2077	68.52139699884599	68.52139699884599
2078	68.32235798068857	68.32235798068857
2079	68.24243857093336	68.24243857093336
2080	67.97922954990041	67.97922954990041
2081	67.78122341957351	67.78122341957351
2082	67.5344855054222	67.5344855054222
2083	67.39266158582896	67.39266158582896
2084	67.30548557021231	67.30548557021231
2085	67.25405657217232	67.25405657217232
2086	67.08313047140199	67.08313047140199
2087	66.93465867829539	66.93465867829539
2088	66.68681813084972	66.68681813084972
2089	66.45449617153133	66.45449617153133
2090	66.12267133714528	66.12267133714528
2091	65.84750185967454	65.84750185967454
2092	65.40780526739272	65.40780526739272
2093	64.93205752400162	64.93205752400162
2094	64.21371368474749	64.21371368474749
2095	63.35466787308425	63.35466787308425
2096	62.49853575220057	62.49853575220057
2097	61.86926134178252	61.86926134178252
2098	61.26905359262118	61.26905359262118
2099	60.659057020901415	60.659057020901415
2100	60.079768947584256	60.079768947584256
2101	59.566259400281304	59.566259400281304
2102	59.065440214668634	59.065440214668634
2103	58.57738315919249	58.57738315919249
2104	57.921862179104366	57.921862179104366
2105	57.136430747748435	57.136430747748435
2106	56.534254235938235	56.534254235938235
2107	55.96574981166487	55.96574981166487
2108	55.48878314540165	55.48878314540165
2109	54.89288246159701	54.89288246159701
2110	54.31030221403935	54.31030221403935
2111	53.593415833876875	53.593415833876875
2112	53.12498000725267	53.12498000725267
2113	52.395991323826706	52.395991323826706
2114	51.64874586110899	51.64874586110899
2115	51.088240204155696	51.088240204155696
2116	50.94875305570875	50.94875305570875
2117	50.44308887381148	50.44308887381148
2118	50.10490924406994	50.10490924406994
2119	49.642066207808384	49.642066207808384
2120	49.24189475393574	49.24189475393574
2121	48.77403511956284	48.77403511956284
2122	48.530907047428656	48.530907047428656
2123	47.92206993255103	47.92206993255103
2124	47.26101405950993	47.26101405950993
2125	46.64083969654338	46.64083969654338
2126	46.11648464303286	46.11648464303286
2127	45.662080890682404	45.662080890682404
2128	45.64698395915214	45.64698395915214
2129	45.77709570339317	45.77709570339317
2130	46.43283225913986	46.43283225913986
2131	47.12776423941115	47.12776423941115
2132	47.785153266448134	47.785153266448134
2133	49.29644495579119	49.29644495579119
2134	50.4479002916176	50.4479002916176
2135	52.00765377131553	52.00765377131553
2136	54.071172375919375	54.071172375919375
2137	55.42729404298514	55.42729404298514
2138	56.021078899220925	56.021078899220925
2139	58.51287559284024	58.51287559284024
2140	60.89289765993517	60.89289765993517
2141	64.88752078992539	64.88752078992539
