#Calcul du déplacement moyen
#Time	dqmoy	part_0
1	0.0951941329457141	0.0951941329457141
2	0.19532360677272548	0.19532360677272548
3	0.29532230872256954	0.29532230872256954
4	0.39154282009559443	0.39154282009559443
5	0.4835219480642572	0.4835219480642572
6	0.5792176501575719	0.5792176501575719
7	0.6785918760088894	0.6785918760088894
8	0.7778946963471498	0.7778946963471498
9	0.8750701245489985	0.8750701245489985
10	0.9678089371972183	0.9678089371972183
11	1.0615464155815828	1.0615464155815828
12	1.1581533332238272	1.1581533332238272
13	1.2562372874654395	1.2562372874654395
14	1.3539059705038574	1.3539059705038574
15	1.4507650294803676	1.4507650294803676
16	1.5427186408464917	1.5427186408464917
17	1.6337690811567518	1.6337690811567518
18	1.721872741712661	1.721872741712661
19	1.8117015233708225	1.8117015233708225
20	1.9056599841052435	1.9056599841052435
21	1.9988407541091573	1.9988407541091573
22	2.0905750867163193	2.0905750867163193
23	2.1821655036438967	2.1821655036438967
24	2.2768780496166117	2.2768780496166117
25	2.373622526470342	2.373622526470342
26	2.4721510868797316	2.4721510868797316
27	2.5705056423134995	2.5705056423134995
28	2.6613602494393938	2.6613602494393938
29	2.7457859558629027	2.7457859558629027
30	2.826962093588501	2.826962093588501
31	2.9083683760217798	2.9083683760217798
32	2.9874174157581512	2.9874174157581512
33	3.06733931495099	3.06733931495099
34	3.14345055246808	3.14345055246808
35	3.2155157187900016	3.2155157187900016
36	3.288407615806103	3.288407615806103
37	3.3665011654250834	3.3665011654250834
38	3.4492169669832577	3.4492169669832577
39	3.5328909986024972	3.5328909986024972
40	3.6166853827442305	3.6166853827442305
41	3.7012740421671024	3.7012740421671024
42	3.7859264544622295	3.7859264544622295
43	3.8721754491132696	3.8721754491132696
44	3.96063243505854	3.96063243505854
45	4.051408657782416	4.051408657782416
46	4.146553294684233	4.146553294684233
47	4.242632947252807	4.242632947252807
48	4.336476443029294	4.336476443029294
49	4.429438353504904	4.429438353504904
50	4.523277745045844	4.523277745045844
51	4.619294117743233	4.619294117743233
52	4.715976154603421	4.715976154603421
53	4.812469792725544	4.812469792725544
54	4.909838128944467	4.909838128944467
55	5.008550667629845	5.008550667629845
56	5.110013008598342	5.110013008598342
57	5.214225674378558	5.214225674378558
58	5.326166872855719	5.326166872855719
59	5.4354366657194735	5.4354366657194735
60	5.543189012759791	5.543189012759791
61	5.648672323446421	5.648672323446421
62	5.7565223952156135	5.7565223952156135
63	5.863008820113629	5.863008820113629
64	5.966817521552274	5.966817521552274
65	6.0753529506494885	6.0753529506494885
66	6.182087551474444	6.182087551474444
67	6.289590874105038	6.289590874105038
68	6.395206466736663	6.395206466736663
69	6.493918509339558	6.493918509339558
70	6.595458449036604	6.595458449036604
71	6.6935914375590615	6.6935914375590615
72	6.786595699019334	6.786595699019334
73	6.874802569868194	6.874802569868194
74	6.958019897799316	6.958019897799316
75	7.038905574709653	7.038905574709653
76	7.127270676970328	7.127270676970328
77	7.215075179166662	7.215075179166662
78	7.299921445401389	7.299921445401389
79	7.381405845634557	7.381405845634557
80	7.464262837963883	7.464262837963883
81	7.54557083349133	7.54557083349133
82	7.630102733702394	7.630102733702394
83	7.713903308600621	7.713903308600621
84	7.794834023275593	7.794834023275593
85	7.869604037331813	7.869604037331813
86	7.947135005567846	7.947135005567846
87	8.025897266872866	8.025897266872866
88	8.110166273565738	8.110166273565738
89	8.193783627297494	8.193783627297494
90	8.278918117696943	8.278918117696943
91	8.359934886347435	8.359934886347435
92	8.44283431051923	8.44283431051923
93	8.525301431209053	8.525301431209053
94	8.607407597481918	8.607407597481918
95	8.688998881427292	8.688998881427292
96	8.76852648989365	8.76852648989365
97	8.84592592338129	8.84592592338129
98	8.919708476693279	8.919708476693279
99	8.99075310441027	8.99075310441027
100	9.063485392295558	9.063485392295558
101	9.139689989959349	9.139689989959349
102	9.218515063380032	9.218515063380032
103	9.299942331762441	9.299942331762441
104	9.378207880736152	9.378207880736152
105	9.459273359000827	9.459273359000827
106	9.539011356581739	9.539011356581739
107	9.620187332535599	9.620187332535599
108	9.701683325369956	9.701683325369956
109	9.78242098092307	9.78242098092307
110	9.863315938546931	9.863315938546931
111	9.943143856608133	9.943143856608133
112	10.021920841078586	10.021920841078586
113	10.101967020901604	10.101967020901604
114	10.180975500239496	10.180975500239496
115	10.262546521732471	10.262546521732471
116	10.344912243465476	10.344912243465476
117	10.422243087452967	10.422243087452967
118	10.503748108563109	10.503748108563109
119	10.586002093289832	10.586002093289832
120	10.66893827474847	10.66893827474847
121	10.75056077026305	10.75056077026305
122	10.830375624027472	10.830375624027472
123	10.90750057286499	10.90750057286499
124	10.977382968906515	10.977382968906515
125	11.047242959226452	11.047242959226452
126	11.117988699984599	11.117988699984599
127	11.184454268729738	11.184454268729738
128	11.247033049155636	11.247033049155636
129	11.30604232162926	11.30604232162926
130	11.36328771702998	11.36328771702998
131	11.422047509448266	11.422047509448266
132	11.483340495685873	11.483340495685873
133	11.548332564088268	11.548332564088268
134	11.610601113340032	11.610601113340032
135	11.670396643025299	11.670396643025299
136	11.724254226473704	11.724254226473704
137	11.773963481955747	11.773963481955747
138	11.82573744826103	11.82573744826103
139	11.882860409543945	11.882860409543945
140	11.945501571864154	11.945501571864154
141	12.010687938881656	12.010687938881656
142	12.074498679137477	12.074498679137477
143	12.13518730367534	12.13518730367534
144	12.199673386927971	12.199673386927971
145	12.266094233302207	12.266094233302207
146	12.340383507472788	12.340383507472788
147	12.409871545986658	12.409871545986658
148	12.479781640060779	12.479781640060779
149	12.54117975211333	12.54117975211333
150	12.605197600442114	12.605197600442114
151	12.673713862830418	12.673713862830418
152	12.748314798873759	12.748314798873759
153	12.825926793739868	12.825926793739868
154	12.903538762965624	12.903538762965624
155	12.980596420921866	12.980596420921866
156	13.050176554359926	13.050176554359926
157	13.127870584036542	13.127870584036542
158	13.20854784185537	13.20854784185537
159	13.290375395166159	13.290375395166159
160	13.370556267380273	13.370556267380273
161	13.44862207464143	13.44862207464143
162	13.52725463950363	13.52725463950363
163	13.604596003914054	13.604596003914054
164	13.68057349021396	13.68057349021396
165	13.751786394364844	13.751786394364844
166	13.823988722239974	13.823988722239974
167	13.896647260358396	13.896647260358396
168	13.966400263024077	13.966400263024077
169	14.036031646885583	14.036031646885583
170	14.105154429694817	14.105154429694817
171	14.179175848003988	14.179175848003988
172	14.258632661963698	14.258632661963698
173	14.335659368684771	14.335659368684771
174	14.414305936042695	14.414305936042695
175	14.49165246301791	14.49165246301791
176	14.57008083868461	14.57008083868461
177	14.652347806703798	14.652347806703798
178	14.730758406817142	14.730758406817142
179	14.80448265942701	14.80448265942701
180	14.873860022838741	14.873860022838741
181	14.943327154433273	14.943327154433273
182	15.019929376812776	15.019929376812776
183	15.098225877438603	15.098225877438603
184	15.173726196054266	15.173726196054266
185	15.246556698030544	15.246556698030544
186	15.312616523403044	15.312616523403044
187	15.379512242294586	15.379512242294586
188	15.447637342747022	15.447637342747022
189	15.515504037159191	15.515504037159191
190	15.589246163337375	15.589246163337375
191	15.6641185487453	15.6641185487453
192	15.734815373857785	15.734815373857785
193	15.805586384102272	15.805586384102272
194	15.886182403688451	15.886182403688451
195	15.971538973516854	15.971538973516854
196	16.062092623282147	16.062092623282147
197	16.154819864202324	16.154819864202324
198	16.242689700270354	16.242689700270354
199	16.329059678530406	16.329059678530406
200	16.412462322153512	16.412462322153512
201	16.49928759247001	16.49928759247001
202	16.590639136767013	16.590639136767013
203	16.678338961055406	16.678338961055406
204	16.763854394119434	16.763854394119434
205	16.850311157858506	16.850311157858506
206	16.94015499162707	16.94015499162707
207	17.034440631816615	17.034440631816615
208	17.12821882640769	17.12821882640769
209	17.222391365126114	17.222391365126114
210	17.3132662380825	17.3132662380825
211	17.40831577089257	17.40831577089257
212	17.503255898275704	17.503255898275704
213	17.6038100109227	17.6038100109227
214	17.71003423706341	17.71003423706341
215	17.812191970902457	17.812191970902457
216	17.91302510985593	17.91302510985593
217	18.014999915306145	18.014999915306145
218	18.115419131649713	18.115419131649713
219	18.21665284273039	18.21665284273039
220	18.32158376464013	18.32158376464013
221	18.42467080870301	18.42467080870301
222	18.51576809983784	18.51576809983784
223	18.601990209542898	18.601990209542898
224	18.684239015210494	18.684239015210494
225	18.770509765634802	18.770509765634802
226	18.850602848889622	18.850602848889622
227	18.93074858870171	18.93074858870171
228	19.012869384966578	19.012869384966578
229	19.09264979825751	19.09264979825751
230	19.173380863834687	19.173380863834687
231	19.255415517874365	19.255415517874365
232	19.3375376543227	19.3375376543227
233	19.42188337069431	19.42188337069431
234	19.500659912681	19.500659912681
235	19.579932567107598	19.579932567107598
236	19.656646074382977	19.656646074382977
237	19.7381484128155	19.7381484128155
238	19.81822527856332	19.81822527856332
239	19.895521372782845	19.895521372782845
240	19.971855899762218	19.971855899762218
241	20.047077977563077	20.047077977563077
242	20.12120884021813	20.12120884021813
243	20.19781222888038	20.19781222888038
244	20.27991051454176	20.27991051454176
245	20.361184774906757	20.361184774906757
246	20.44358315605133	20.44358315605133
247	20.523109241706837	20.523109241706837
248	20.5970657559282	20.5970657559282
249	20.67722151890183	20.67722151890183
250	20.757689458140547	20.757689458140547
251	20.844818891581163	20.844818891581163
252	20.931722151848184	20.931722151848184
253	21.022776088516412	21.022776088516412
254	21.11382300194491	21.11382300194491
255	21.202634834802204	21.202634834802204
256	21.2899268785524	21.2899268785524
257	21.377929367492186	21.377929367492186
258	21.466289510300133	21.466289510300133
259	21.549672290679887	21.549672290679887
260	21.63622442848213	21.63622442848213
261	21.723261636194614	21.723261636194614
262	21.814197192826555	21.814197192826555
263	21.904407498256283	21.904407498256283
264	21.99428955372856	21.99428955372856
265	22.084361497588873	22.084361497588873
266	22.172181716593375	22.172181716593375
267	22.26314068712446	22.26314068712446
268	22.354616554977778	22.354616554977778
269	22.44486797863677	22.44486797863677
270	22.536604237614412	22.536604237614412
271	22.633713393663488	22.633713393663488
272	22.724841938398274	22.724841938398274
273	22.813426416582065	22.813426416582065
274	22.8999156953129	22.8999156953129
275	22.98368317001386	22.98368317001386
276	23.067229056657354	23.067229056657354
277	23.148167474811515	23.148167474811515
278	23.232074513425296	23.232074513425296
279	23.313759355886695	23.313759355886695
280	23.392265143281183	23.392265143281183
281	23.476076343793128	23.476076343793128
282	23.55549773034941	23.55549773034941
283	23.637700666010566	23.637700666010566
284	23.714946337252645	23.714946337252645
285	23.78910502997697	23.78910502997697
286	23.860943467796556	23.860943467796556
287	23.931401546542887	23.931401546542887
288	24.004875731086084	24.004875731086084
289	24.07668577284037	24.07668577284037
290	24.144019951396437	24.144019951396437
291	24.211757637913024	24.211757637913024
292	24.280698555605937	24.280698555605937
293	24.35230571260218	24.35230571260218
294	24.42691239546283	24.42691239546283
295	24.50297960482724	24.50297960482724
296	24.574981543624794	24.574981543624794
297	24.64423538447261	24.64423538447261
298	24.70880616887096	24.70880616887096
299	24.773986077725347	24.773986077725347
300	24.846919476167766	24.846919476167766
301	24.92656363443774	24.92656363443774
302	25.01098940096651	25.01098940096651
303	25.0961576056273	25.0961576056273
304	25.18052018159162	25.18052018159162
305	25.267367069081445	25.267367069081445
306	25.360464786976408	25.360464786976408
307	25.459063636586855	25.459063636586855
308	25.560069332480268	25.560069332480268
309	25.659357355223737	25.659357355223737
310	25.756970464442126	25.756970464442126
311	25.847869551162788	25.847869551162788
312	25.93825796524888	25.93825796524888
313	26.030339489601438	26.030339489601438
314	26.134270230678453	26.134270230678453
315	26.231594406502595	26.231594406502595
316	26.323102827441808	26.323102827441808
317	26.41216547923372	26.41216547923372
318	26.49878013224877	26.49878013224877
319	26.589674656702915	26.589674656702915
320	26.677617314457827	26.677617314457827
321	26.76481069887495	26.76481069887495
322	26.853179797834752	26.853179797834752
323	26.936040654553718	26.936040654553718
324	27.016672030638368	27.016672030638368
325	27.10069149229234	27.10069149229234
326	27.188458270564738	27.188458270564738
327	27.279733015573562	27.279733015573562
328	27.369740924598403	27.369740924598403
329	27.458619307941422	27.458619307941422
330	27.543460126594738	27.543460126594738
331	27.63055144317908	27.63055144317908
332	27.72106463590272	27.72106463590272
333	27.81415131021834	27.81415131021834
334	27.901285136002898	27.901285136002898
335	27.982873120236707	27.982873120236707
336	28.055512448230687	28.055512448230687
337	28.134401732651583	28.134401732651583
338	28.21637249938886	28.21637249938886
339	28.29223645030163	28.29223645030163
340	28.369808419618455	28.369808419618455
341	28.442277821461385	28.442277821461385
342	28.521898713805534	28.521898713805534
343	28.60234520926047	28.60234520926047
344	28.681091271571535	28.681091271571535
345	28.76363820201566	28.76363820201566
346	28.84014565202959	28.84014565202959
347	28.91933274656399	28.91933274656399
348	28.99969665092158	28.99969665092158
349	29.08262544739207	29.08262544739207
350	29.17034331125511	29.17034331125511
351	29.259837755567766	29.259837755567766
352	29.355420489189907	29.355420489189907
353	29.45324152181476	29.45324152181476
354	29.54789191299336	29.54789191299336
355	29.635713759514914	29.635713759514914
356	29.728750426747865	29.728750426747865
357	29.824286114340353	29.824286114340353
358	29.93083455905832	29.93083455905832
359	30.040107161247505	30.040107161247505
360	30.148742351043808	30.148742351043808
361	30.254711213282253	30.254711213282253
362	30.36568458543202	30.36568458543202
363	30.47890225420964	30.47890225420964
364	30.595605919793552	30.595605919793552
365	30.720278543189806	30.720278543189806
366	30.84472480831549	30.84472480831549
367	30.976610512494272	30.976610512494272
368	31.108725855076358	31.108725855076358
369	31.244776589114153	31.244776589114153
370	31.382449930249912	31.382449930249912
371	31.51955393346083	31.51955393346083
372	31.659100452963294	31.659100452963294
373	31.796034618609752	31.796034618609752
374	31.932798447480664	31.932798447480664
375	32.06770538992169	32.06770538992169
376	32.20132629361907	32.20132629361907
377	32.3302732551897	32.3302732551897
378	32.45642693063276	32.45642693063276
379	32.571268058528965	32.571268058528965
380	32.681960869697214	32.681960869697214
381	32.79539438750996	32.79539438750996
382	32.913052084915975	32.913052084915975
383	33.02953460158699	33.02953460158699
384	33.1461996050075	33.1461996050075
385	33.272633992101966	33.272633992101966
386	33.40021241544483	33.40021241544483
387	33.5327585966447	33.5327585966447
388	33.66860492277387	33.66860492277387
389	33.8022337756206	33.8022337756206
390	33.93501767665967	33.93501767665967
391	34.06618539787204	34.06618539787204
392	34.18399576703835	34.18399576703835
393	34.300335334094754	34.300335334094754
394	34.4152616361299	34.4152616361299
395	34.531017033477575	34.531017033477575
396	34.64955447333004	34.64955447333004
397	34.76293776168138	34.76293776168138
398	34.87415582177093	34.87415582177093
399	34.98566482757163	34.98566482757163
400	35.100588226417244	35.100588226417244
401	35.21820054867731	35.21820054867731
402	35.336274420425156	35.336274420425156
403	35.45896554261998	35.45896554261998
404	35.58205476160215	35.58205476160215
405	35.704161193305	35.704161193305
406	35.83188844209919	35.83188844209919
407	35.96621008390129	35.96621008390129
408	36.099461931722885	36.099461931722885
409	36.22993916061355	36.22993916061355
410	36.35850796765529	36.35850796765529
411	36.48819921866293	36.48819921866293
412	36.617136200679965	36.617136200679965
413	36.74989170804871	36.74989170804871
414	36.88846987695367	36.88846987695367
415	37.02185585397072	37.02185585397072
416	37.149366733208865	37.149366733208865
417	37.27419812447094	37.27419812447094
418	37.399906933430564	37.399906933430564
419	37.52600987221192	37.52600987221192
420	37.64788330952289	37.64788330952289
421	37.76700126405545	37.76700126405545
422	37.88154106849996	37.88154106849996
423	37.99907146183544	37.99907146183544
424	38.117216400090754	38.117216400090754
425	38.23420266919077	38.23420266919077
426	38.350015458900735	38.350015458900735
427	38.45914413844022	38.45914413844022
428	38.56261189504695	38.56261189504695
429	38.66071026896565	38.66071026896565
430	38.75713569543516	38.75713569543516
431	38.859421061176995	38.859421061176995
432	38.96823435617717	38.96823435617717
433	39.07885094012207	39.07885094012207
434	39.17987118841114	39.17987118841114
435	39.28142740335098	39.28142740335098
436	39.382149323830205	39.382149323830205
437	39.48269996207003	39.48269996207003
438	39.5860076714097	39.5860076714097
439	39.68816400984902	39.68816400984902
440	39.788962322125315	39.788962322125315
441	39.88423049610056	39.88423049610056
442	39.97799400282845	39.97799400282845
443	40.07772097079278	40.07772097079278
444	40.17852313544553	40.17852313544553
445	40.27600506657423	40.27600506657423
446	40.37159095365142	40.37159095365142
447	40.46699573185573	40.46699573185573
448	40.568144359577644	40.568144359577644
449	40.66923769109859	40.66923769109859
450	40.771713231421174	40.771713231421174
451	40.879799913890885	40.879799913890885
452	40.992426090072584	40.992426090072584
453	41.10194839806646	41.10194839806646
454	41.210295541975654	41.210295541975654
455	41.31644395802368	41.31644395802368
456	41.425420408572506	41.425420408572506
457	41.533012067275365	41.533012067275365
458	41.647357473703515	41.647357473703515
459	41.767518368836924	41.767518368836924
460	41.8895623695574	41.8895623695574
461	42.01274983769794	42.01274983769794
462	42.13353234901572	42.13353234901572
463	42.2589383215731	42.2589383215731
464	42.3817287144581	42.3817287144581
465	42.505420497496175	42.505420497496175
466	42.62804547727865	42.62804547727865
467	42.748579634508665	42.748579634508665
468	42.86458542629346	42.86458542629346
469	42.98300330635922	42.98300330635922
470	43.10412013865812	43.10412013865812
471	43.22659929475816	43.22659929475816
472	43.346670969522755	43.346670969522755
473	43.463472420465955	43.463472420465955
474	43.58687806259138	43.58687806259138
475	43.71154336729772	43.71154336729772
476	43.84542518803214	43.84542518803214
477	43.979139710013634	43.979139710013634
478	44.1021115430854	44.1021115430854
479	44.222011288059036	44.222011288059036
480	44.339326207987746	44.339326207987746
481	44.459092995281374	44.459092995281374
482	44.583637772136576	44.583637772136576
483	44.69854691709186	44.69854691709186
484	44.80804577377341	44.80804577377341
485	44.91496689064323	44.91496689064323
486	45.02040235331641	45.02040235331641
487	45.126756131603926	45.126756131603926
488	45.23688751016943	45.23688751016943
489	45.355359153358606	45.355359153358606
490	45.4738111755795	45.4738111755795
491	45.584741636874206	45.584741636874206
492	45.68952086604361	45.68952086604361
493	45.78741103489018	45.78741103489018
494	45.88621551263344	45.88621551263344
495	45.98405819697477	45.98405819697477
496	46.081816786654564	46.081816786654564
497	46.18014353350341	46.18014353350341
498	46.275173819212526	46.275173819212526
499	46.36965671866689	46.36965671866689
500	46.464910177963844	46.464910177963844
501	46.55940735803088	46.55940735803088
502	46.65699423686417	46.65699423686417
503	46.762732076767364	46.762732076767364
504	46.86723072509022	46.86723072509022
505	46.97341191062198	46.97341191062198
506	47.07463430359061	47.07463430359061
507	47.18347471312049	47.18347471312049
508	47.294090533237075	47.294090533237075
509	47.4058551610244	47.4058551610244
510	47.52419225947813	47.52419225947813
511	47.64281510560944	47.64281510560944
512	47.76598086063226	47.76598086063226
513	47.888730534317546	47.888730534317546
514	48.010387499991225	48.010387499991225
515	48.13511327909784	48.13511327909784
516	48.259851149782584	48.259851149782584
517	48.38608287868827	48.38608287868827
518	48.5150176897302	48.5150176897302
519	48.63809254623559	48.63809254623559
520	48.764731753651304	48.764731753651304
521	48.88682768904357	48.88682768904357
522	49.00605377752362	49.00605377752362
523	49.1327392178609	49.1327392178609
524	49.2609461314368	49.2609461314368
525	49.39203810371406	49.39203810371406
526	49.53058773732996	49.53058773732996
527	49.66241104548037	49.66241104548037
528	49.78888982375115	49.78888982375115
529	49.911048541663746	49.911048541663746
530	50.03444055972623	50.03444055972623
531	50.15616365493565	50.15616365493565
532	50.277911463666	50.277911463666
533	50.39955695204458	50.39955695204458
534	50.52051968987519	50.52051968987519
535	50.6388678384722	50.6388678384722
536	50.757451136731206	50.757451136731206
537	50.87646441463985	50.87646441463985
538	50.99794321844354	50.99794321844354
539	51.11424215867763	51.11424215867763
540	51.23199023214903	51.23199023214903
541	51.35127784348198	51.35127784348198
542	51.46621325473706	51.46621325473706
543	51.586134662065334	51.586134662065334
544	51.706110382428704	51.706110382428704
545	51.83026287156688	51.83026287156688
546	51.95922053546184	51.95922053546184
547	52.0822435789713	52.0822435789713
548	52.21526783852835	52.21526783852835
549	52.34126296131625	52.34126296131625
550	52.47051595266244	52.47051595266244
551	52.603954798999546	52.603954798999546
552	52.73816818713895	52.73816818713895
553	52.86931106960812	52.86931106960812
554	53.00093444882506	53.00093444882506
555	53.13649130792377	53.13649130792377
556	53.273300749668195	53.273300749668195
557	53.41278429957123	53.41278429957123
558	53.550740695150886	53.550740695150886
559	53.68880594795294	53.68880594795294
560	53.81709621986925	53.81709621986925
561	53.953695509652775	53.953695509652775
562	54.0936249372058	54.0936249372058
563	54.24097074094299	54.24097074094299
564	54.38578590903495	54.38578590903495
565	54.52389580065279	54.52389580065279
566	54.665037556197504	54.665037556197504
567	54.80537177627873	54.80537177627873
568	54.942899854133046	54.942899854133046
569	55.085606668649454	55.085606668649454
570	55.22377229061718	55.22377229061718
571	55.36706832471033	55.36706832471033
572	55.509448204949976	55.509448204949976
573	55.64310368425213	55.64310368425213
574	55.77726861849395	55.77726861849395
575	55.90784243488871	55.90784243488871
576	56.04047324086566	56.04047324086566
577	56.17450167482451	56.17450167482451
578	56.30153836333979	56.30153836333979
579	56.429100255518556	56.429100255518556
580	56.56329097384797	56.56329097384797
581	56.70066732336514	56.70066732336514
582	56.84234250563055	56.84234250563055
583	56.98126078805434	56.98126078805434
584	57.11643612330124	57.11643612330124
585	57.2525348156781	57.2525348156781
586	57.38617769827449	57.38617769827449
587	57.51973367510983	57.51973367510983
588	57.647440758602215	57.647440758602215
589	57.76728797927604	57.76728797927604
590	57.88137784527369	57.88137784527369
591	57.99831676699921	57.99831676699921
592	58.11601187780512	58.11601187780512
593	58.23477721980409	58.23477721980409
594	58.350588666823725	58.350588666823725
595	58.46660806467525	58.46660806467525
596	58.58137929225752	58.58137929225752
597	58.691321748306535	58.691321748306535
598	58.80170945299015	58.80170945299015
599	58.91229465293175	58.91229465293175
600	59.02827509594596	59.02827509594596
601	59.14720920848023	59.14720920848023
602	59.26087350008376	59.26087350008376
603	59.37112585682363	59.37112585682363
604	59.47805234709594	59.47805234709594
605	59.57834803069201	59.57834803069201
606	59.67923501246355	59.67923501246355
607	59.7866342549574	59.7866342549574
608	59.89393782492375	59.89393782492375
609	60.00389544015211	60.00389544015211
610	60.11293140129133	60.11293140129133
611	60.226604256271344	60.226604256271344
612	60.33900583138807	60.33900583138807
613	60.452132727434325	60.452132727434325
614	60.56400046236092	60.56400046236092
615	60.666544475349305	60.666544475349305
616	60.76683924432796	60.76683924432796
617	60.87278341741271	60.87278341741271
618	60.96853874949669	60.96853874949669
619	61.07223512603709	61.07223512603709
620	61.172392839297984	61.172392839297984
621	61.27372503631321	61.27372503631321
622	61.37291344223584	61.37291344223584
623	61.47106519087982	61.47106519087982
624	61.57099277012817	61.57099277012817
625	61.669262378602866	61.669262378602866
626	61.76717882023209	61.76717882023209
627	61.864255070308516	61.864255070308516
628	61.957237965940756	61.957237965940756
629	62.04046128919139	62.04046128919139
630	62.12818503955954	62.12818503955954
631	62.212243912724	62.212243912724
632	62.298859060790484	62.298859060790484
633	62.38533825975947	62.38533825975947
634	62.46142767734627	62.46142767734627
635	62.53537036354679	62.53537036354679
636	62.60838079850154	62.60838079850154
637	62.69199108398156	62.69199108398156
638	62.769439722737594	62.769439722737594
639	62.84909011305229	62.84909011305229
640	62.93492139855313	62.93492139855313
641	63.020491709760215	63.020491709760215
642	63.113871276482264	63.113871276482264
643	63.20580807631134	63.20580807631134
644	63.28983405598874	63.28983405598874
645	63.37234571228692	63.37234571228692
646	63.46241679192072	63.46241679192072
647	63.55691925908228	63.55691925908228
648	63.6528098805848	63.6528098805848
649	63.74353900354087	63.74353900354087
650	63.838945880831595	63.838945880831595
651	63.93677123758947	63.93677123758947
652	64.04878970382045	64.04878970382045
653	64.16259188475715	64.16259188475715
654	64.27212316351257	64.27212316351257
655	64.3847676986668	64.3847676986668
656	64.49506050343528	64.49506050343528
657	64.60455003771659	64.60455003771659
658	64.70388477013242	64.70388477013242
659	64.79931417577232	64.79931417577232
660	64.89495303702233	64.89495303702233
661	64.99604010716477	64.99604010716477
662	65.10462395457986	65.10462395457986
663	65.21713060058757	65.21713060058757
664	65.33300016627817	65.33300016627817
665	65.45025762861098	65.45025762861098
666	65.56309635084048	65.56309635084048
667	65.6774919068587	65.6774919068587
668	65.79288788185119	65.79288788185119
669	65.91772265820066	65.91772265820066
670	66.04012241214772	66.04012241214772
671	66.15880814850783	66.15880814850783
672	66.26619563762142	66.26619563762142
673	66.36950808096051	66.36950808096051
674	66.47474168948077	66.47474168948077
675	66.57753457681423	66.57753457681423
676	66.68917351954133	66.68917351954133
677	66.79880631721838	66.79880631721838
678	66.90229013926808	66.90229013926808
679	66.99990748561834	66.99990748561834
680	67.09545027508398	67.09545027508398
681	67.18588996835062	67.18588996835062
682	67.27439543552373	67.27439543552373
683	67.36790004149685	67.36790004149685
684	67.45668239037349	67.45668239037349
685	67.54445130763034	67.54445130763034
686	67.63184920027952	67.63184920027952
687	67.71345670906668	67.71345670906668
688	67.80038553737342	67.80038553737342
689	67.89882393899705	67.89882393899705
690	67.98794883180278	67.98794883180278
691	68.07698389954287	68.07698389954287
692	68.16344139069511	68.16344139069511
693	68.25175525714597	68.25175525714597
694	68.33891706044531	68.33891706044531
695	68.42200008388757	68.42200008388757
696	68.50717710532562	68.50717710532562
697	68.58901818241185	68.58901818241185
698	68.664067254469	68.664067254469
699	68.72618972874065	68.72618972874065
700	68.7972811298238	68.7972811298238
701	68.88477376227118	68.88477376227118
702	68.96872644297792	68.96872644297792
703	69.04684833246773	69.04684833246773
704	69.13388516829943	69.13388516829943
705	69.21790866400663	69.21790866400663
706	69.3117085933895	69.3117085933895
707	69.40946825476188	69.40946825476188
708	69.50883086985127	69.50883086985127
709	69.61057484452934	69.61057484452934
710	69.71143458943617	69.71143458943617
711	69.82033137302217	69.82033137302217
712	69.93462355599502	69.93462355599502
713	70.05653034761092	70.05653034761092
714	70.16798245894864	70.16798245894864
715	70.28755661951618	70.28755661951618
716	70.40219237808691	70.40219237808691
717	70.51745779059385	70.51745779059385
718	70.62786147017039	70.62786147017039
719	70.74775056132201	70.74775056132201
720	70.87345239552806	70.87345239552806
721	70.99791646143626	70.99791646143626
722	71.13042946034196	71.13042946034196
723	71.26415901375113	71.26415901375113
724	71.40553649583212	71.40553649583212
725	71.54599257921817	71.54599257921817
726	71.6965962681204	71.6965962681204
727	71.84917663734639	71.84917663734639
728	72.00144732517619	72.00144732517619
729	72.1523442952811	72.1523442952811
730	72.29924792834116	72.29924792834116
731	72.45330797520327	72.45330797520327
732	72.60675082587254	72.60675082587254
733	72.75885068666636	72.75885068666636
734	72.91517773237914	72.91517773237914
735	73.0652059352828	73.0652059352828
736	73.22070716532242	73.22070716532242
737	73.37515906411403	73.37515906411403
738	73.54345140943104	73.54345140943104
739	73.70972171456789	73.70972171456789
740	73.86598754357058	73.86598754357058
741	74.02178291445699	74.02178291445699
742	74.17206334883674	74.17206334883674
743	74.31490037790587	74.31490037790587
744	74.44952864059377	74.44952864059377
745	74.58541516355932	74.58541516355932
746	74.7222336275918	74.7222336275918
747	74.85632581806213	74.85632581806213
748	74.98957222737525	74.98957222737525
749	75.1171817830085	75.1171817830085
750	75.24785741879015	75.24785741879015
751	75.37499481011021	75.37499481011021
752	75.50432116323945	75.50432116323945
753	75.6362619093416	75.6362619093416
754	75.76380484511662	75.76380484511662
755	75.89170101883272	75.89170101883272
756	76.01468857714494	76.01468857714494
757	76.13530401276748	76.13530401276748
758	76.25823488599704	76.25823488599704
759	76.37629667603734	76.37629667603734
760	76.49336294428154	76.49336294428154
761	76.61565896208933	76.61565896208933
762	76.74813714906783	76.74813714906783
763	76.8884812910128	76.8884812910128
764	77.03478221308589	77.03478221308589
765	77.18123690989808	77.18123690989808
766	77.33069527886204	77.33069527886204
767	77.4805097408197	77.4805097408197
768	77.62677792528837	77.62677792528837
769	77.77038077132578	77.77038077132578
770	77.91384414870384	77.91384414870384
771	78.05425963304215	78.05425963304215
772	78.19071920815287	78.19071920815287
773	78.32843101778624	78.32843101778624
774	78.46327155335437	78.46327155335437
775	78.59735873641094	78.59735873641094
776	78.73166719516931	78.73166719516931
777	78.87280555187427	78.87280555187427
778	79.01246186827488	79.01246186827488
779	79.14708738070522	79.14708738070522
780	79.27407103693405	79.27407103693405
781	79.40173711745119	79.40173711745119
782	79.53320901476336	79.53320901476336
783	79.66040376336478	79.66040376336478
784	79.78862733517234	79.78862733517234
785	79.91182727448337	79.91182727448337
786	80.03162049539542	80.03162049539542
787	80.15805178020692	80.15805178020692
788	80.2878338100941	80.2878338100941
789	80.41558287115416	80.41558287115416
790	80.54678276867024	80.54678276867024
791	80.67067828234269	80.67067828234269
792	80.79327224108826	80.79327224108826
793	80.9264419854603	80.9264419854603
794	81.0593887107534	81.0593887107534
795	81.20064764987332	81.20064764987332
796	81.33141793146787	81.33141793146787
797	81.45484672385362	81.45484672385362
798	81.58145870157132	81.58145870157132
799	81.70688592394453	81.70688592394453
800	81.84349553878654	81.84349553878654
801	81.98059455470528	81.98059455470528
802	82.12232930049802	82.12232930049802
803	82.2621721343433	82.2621721343433
804	82.39832959344128	82.39832959344128
805	82.53026045522263	82.53026045522263
806	82.66894904234707	82.66894904234707
807	82.8138920435784	82.8138920435784
808	82.96243909668269	82.96243909668269
809	83.10857990264536	83.10857990264536
810	83.25531791160145	83.25531791160145
811	83.415230003532	83.415230003532
812	83.57540927405351	83.57540927405351
813	83.73776800932926	83.73776800932926
814	83.89842582259226	83.89842582259226
815	84.0561701107485	84.0561701107485
816	84.21647646772243	84.21647646772243
817	84.37237512470364	84.37237512470364
818	84.53505932670454	84.53505932670454
819	84.69744121145928	84.69744121145928
820	84.86138089624143	84.86138089624143
821	85.02637264456669	85.02637264456669
822	85.19439355434992	85.19439355434992
823	85.36573412869359	85.36573412869359
824	85.53305290179901	85.53305290179901
825	85.70151817789299	85.70151817789299
826	85.86561552283936	85.86561552283936
827	86.03369269216572	86.03369269216572
828	86.20461853789178	86.20461853789178
829	86.36581626858508	86.36581626858508
830	86.53274944343634	86.53274944343634
831	86.69809118436397	86.69809118436397
832	86.86177083427353	86.86177083427353
833	87.02488849563025	87.02488849563025
834	87.18275435475101	87.18275435475101
835	87.34416378587986	87.34416378587986
836	87.50926392110249	87.50926392110249
837	87.67172810149276	87.67172810149276
838	87.83934340982454	87.83934340982454
839	87.99882970491332	87.99882970491332
840	88.1503778106643	88.1503778106643
841	88.30530132156368	88.30530132156368
842	88.45814305771458	88.45814305771458
843	88.61261335032137	88.61261335032137
844	88.76450103980838	88.76450103980838
845	88.91310443944653	88.91310443944653
846	89.07179665080804	89.07179665080804
847	89.23336293238496	89.23336293238496
848	89.39381271226523	89.39381271226523
849	89.54721041403768	89.54721041403768
850	89.7005400954967	89.7005400954967
851	89.85443801210486	89.85443801210486
852	90.01209127896716	90.01209127896716
853	90.16613129831603	90.16613129831603
854	90.3218104300324	90.3218104300324
855	90.47549100799814	90.47549100799814
856	90.63377850899249	90.63377850899249
857	90.7935827587095	90.7935827587095
858	90.95227878011043	90.95227878011043
859	91.11016652277674	91.11016652277674
860	91.27122616680062	91.27122616680062
861	91.42520116079709	91.42520116079709
862	91.57291336656493	91.57291336656493
863	91.70974421741789	91.70974421741789
864	91.84739886638752	91.84739886638752
865	91.99380369927518	91.99380369927518
866	92.14263886544393	92.14263886544393
867	92.28531069020912	92.28531069020912
868	92.41457841254552	92.41457841254552
869	92.54627539832293	92.54627539832293
870	92.67319897987093	92.67319897987093
871	92.79683305966874	92.79683305966874
872	92.92637274955143	92.92637274955143
873	93.05280880605109	93.05280880605109
874	93.17660585654033	93.17660585654033
875	93.29492116844722	93.29492116844722
876	93.41394762535872	93.41394762535872
877	93.53206412283258	93.53206412283258
878	93.6466362511466	93.6466362511466
879	93.7502286068024	93.7502286068024
880	93.85026837051262	93.85026837051262
881	93.95018442429301	93.95018442429301
882	94.06697741181662	94.06697741181662
883	94.18504654842957	94.18504654842957
884	94.30107098016708	94.30107098016708
885	94.41140178979376	94.41140178979376
886	94.52016513424256	94.52016513424256
887	94.63449275033867	94.63449275033867
888	94.75143166147915	94.75143166147915
889	94.86878169892303	94.86878169892303
890	94.97681407462866	94.97681407462866
891	95.08464510269093	95.08464510269093
892	95.18505820452604	95.18505820452604
893	95.279909909987	95.279909909987
894	95.38038087055533	95.38038087055533
895	95.48790024301823	95.48790024301823
896	95.59622423076733	95.59622423076733
897	95.70972350671941	95.70972350671941
898	95.82121844706168	95.82121844706168
899	95.93842354647576	95.93842354647576
900	96.06820895655342	96.06820895655342
901	96.19552195597899	96.19552195597899
902	96.32057572805584	96.32057572805584
903	96.4372923797742	96.4372923797742
904	96.55863806949678	96.55863806949678
905	96.69046998040145	96.69046998040145
906	96.82315777218966	96.82315777218966
907	96.96251082331678	96.96251082331678
908	97.10600949653247	97.10600949653247
909	97.25093217216077	97.25093217216077
910	97.39935348563947	97.39935348563947
911	97.54963960931659	97.54963960931659
912	97.71462356690294	97.71462356690294
913	97.87554058934637	97.87554058934637
914	98.03158134350637	98.03158134350637
915	98.17881895748847	98.17881895748847
916	98.33019614167813	98.33019614167813
917	98.48787212041796	98.48787212041796
918	98.64472270146616	98.64472270146616
919	98.812481411053	98.812481411053
920	98.9872579464308	98.9872579464308
921	99.16008152161658	99.16008152161658
922	99.33301539099187	99.33301539099187
923	99.49892286460312	99.49892286460312
924	99.6660550985163	99.6660550985163
925	99.82855600793302	99.82855600793302
926	99.99001899275088	99.99001899275088
927	100.15318630106287	100.15318630106287
928	100.31020133940106	100.31020133940106
929	100.46824771083338	100.46824771083338
930	100.62909648834606	100.62909648834606
931	100.7960721540954	100.7960721540954
932	100.97603766700655	100.97603766700655
933	101.15362822695394	101.15362822695394
934	101.33629905029792	101.33629905029792
935	101.52672355678484	101.52672355678484
936	101.71167140077219	101.71167140077219
937	101.89902540016324	101.89902540016324
938	102.08684860318178	102.08684860318178
939	102.28268483804791	102.28268483804791
940	102.4820321628552	102.4820321628552
941	102.67157736143236	102.67157736143236
942	102.86346562751672	102.86346562751672
943	103.05179158434096	103.05179158434096
944	103.246091159683	103.246091159683
945	103.44095278318741	103.44095278318741
946	103.63559960166452	103.63559960166452
947	103.82835237600386	103.82835237600386
948	104.01350994096032	104.01350994096032
949	104.18521400170195	104.18521400170195
950	104.36216516025317	104.36216516025317
951	104.53160729807516	104.53160729807516
952	104.7019643633668	104.7019643633668
953	104.87316723087122	104.87316723087122
954	105.05551791966398	105.05551791966398
955	105.24141582941698	105.24141582941698
956	105.42793333168251	105.42793333168251
957	105.61525265232639	105.61525265232639
958	105.80047312476523	105.80047312476523
959	105.98072024221753	105.98072024221753
960	106.15870041524829	106.15870041524829
961	106.33010989158177	106.33010989158177
962	106.49265716726724	106.49265716726724
963	106.66556483504054	106.66556483504054
964	106.83157418569827	106.83157418569827
965	107.00351793685829	107.00351793685829
966	107.17310519266505	107.17310519266505
967	107.35103803588964	107.35103803588964
968	107.52402746706285	107.52402746706285
969	107.69866335923928	107.69866335923928
970	107.86656371762191	107.86656371762191
971	108.03886877163592	108.03886877163592
972	108.20412016124905	108.20412016124905
973	108.36571291024742	108.36571291024742
974	108.53211709017563	108.53211709017563
975	108.69780634366825	108.69780634366825
976	108.86486534735567	108.86486534735567
977	109.01924047678455	109.01924047678455
978	109.16910388209023	109.16910388209023
979	109.31614097823334	109.31614097823334
980	109.46316316396732	109.46316316396732
981	109.60915994192735	109.60915994192735
982	109.75951749400147	109.75951749400147
983	109.92123904118742	109.92123904118742
984	110.07603724936526	110.07603724936526
985	110.23169684123249	110.23169684123249
986	110.38459230869046	110.38459230869046
987	110.54291472217	110.54291472217
988	110.7028572731461	110.7028572731461
989	110.86063552083905	110.86063552083905
990	111.01336953819896	111.01336953819896
991	111.15594924691712	111.15594924691712
992	111.29820558321916	111.29820558321916
993	111.43701199779622	111.43701199779622
994	111.58443998775682	111.58443998775682
995	111.73152517572552	111.73152517572552
996	111.87194576337643	111.87194576337643
997	112.01428743859077	112.01428743859077
998	112.15561081019482	112.15561081019482
999	112.2963733260843	112.2963733260843
1000	112.435013952518	112.435013952518
1001	112.5873072950873	112.5873072950873
1002	112.72837174819591	112.72837174819591
1003	112.87202582716941	112.87202582716941
1004	113.01290410883337	113.01290410883337
1005	113.15968124359381	113.15968124359381
1006	113.31737906112221	113.31737906112221
1007	113.46455567154146	113.46455567154146
1008	113.60707603435742	113.60707603435742
1009	113.74825723602231	113.74825723602231
1010	113.89030823470921	113.89030823470921
1011	114.03397527157813	114.03397527157813
1012	114.19622663100361	114.19622663100361
1013	114.36094698265174	114.36094698265174
1014	114.52055714454315	114.52055714454315
1015	114.66918603802122	114.66918603802122
1016	114.82440810786595	114.82440810786595
1017	114.98896082435414	114.98896082435414
1018	115.1676370469368	115.1676370469368
1019	115.36305136612995	115.36305136612995
1020	115.56363177110798	115.56363177110798
1021	115.75833601427462	115.75833601427462
1022	115.96095668522321	115.96095668522321
1023	116.1684707238547	116.1684707238547
1024	116.36887895189565	116.36887895189565
1025	116.56379018250546	116.56379018250546
1026	116.7580236942968	116.7580236942968
1027	116.94858761303932	116.94858761303932
1028	117.14551155739832	117.14551155739832
1029	117.33856736321815	117.33856736321815
1030	117.51581677505361	117.51581677505361
1031	117.7039647537311	117.7039647537311
1032	117.8997403289529	117.8997403289529
1033	118.0839865865456	118.0839865865456
1034	118.25793632975893	118.25793632975893
1035	118.423481296619	118.423481296619
1036	118.58372435466003	118.58372435466003
1037	118.7372310251686	118.7372310251686
1038	118.88593229736641	118.88593229736641
1039	119.03446880369782	119.03446880369782
1040	119.18099253901153	119.18099253901153
1041	119.32342549520376	119.32342549520376
1042	119.47198013199286	119.47198013199286
1043	119.61131996253505	119.61131996253505
1044	119.73471847854164	119.73471847854164
1045	119.84966053885498	119.84966053885498
1046	119.97229001655764	119.97229001655764
1047	120.09673789685768	120.09673789685768
1048	120.21145833792306	120.21145833792306
1049	120.32435469518191	120.32435469518191
1050	120.42736115662794	120.42736115662794
1051	120.54275651224327	120.54275651224327
1052	120.65485062634188	120.65485062634188
1053	120.75183946303451	120.75183946303451
1054	120.85564621928185	120.85564621928185
1055	120.95355340580454	120.95355340580454
1056	121.04996824798883	121.04996824798883
1057	121.16407527937201	121.16407527937201
1058	121.26998279806034	121.26998279806034
1059	121.38194093576094	121.38194093576094
1060	121.48789837872235	121.48789837872235
1061	121.58649591034556	121.58649591034556
1062	121.69489832818087	121.69489832818087
1063	121.81456335162252	121.81456335162252
1064	121.93458260453271	121.93458260453271
1065	122.04854330382503	122.04854330382503
1066	122.16533340154925	122.16533340154925
1067	122.27421813411057	122.27421813411057
1068	122.3801103758284	122.3801103758284
1069	122.48719315712174	122.48719315712174
1070	122.60491759937446	122.60491759937446
1071	122.73406048162235	122.73406048162235
1072	122.85344684921438	122.85344684921438
1073	122.97253061451077	122.97253061451077
1074	123.0783036845838	123.0783036845838
1075	123.18789962745724	123.18789962745724
1076	123.30939529315609	123.30939529315609
1077	123.43561806045048	123.43561806045048
1078	123.55455241720512	123.55455241720512
1079	123.65884183103884	123.65884183103884
1080	123.77007779953084	123.77007779953084
1081	123.8720288399195	123.8720288399195
1082	123.97470694826224	123.97470694826224
1083	124.07405426163659	124.07405426163659
1084	124.16668357001203	124.16668357001203
1085	124.25520989113089	124.25520989113089
1086	124.35718930816526	124.35718930816526
1087	124.45551630398583	124.45551630398583
1088	124.56758998478469	124.56758998478469
1089	124.6881179630088	124.6881179630088
1090	124.79662282349676	124.79662282349676
1091	124.91377430203552	124.91377430203552
1092	125.02517587479022	125.02517587479022
1093	125.14539453214897	125.14539453214897
1094	125.25986003803723	125.25986003803723
1095	125.37999177782748	125.37999177782748
1096	125.4947150904396	125.4947150904396
1097	125.61790819301152	125.61790819301152
1098	125.74168171077645	125.74168171077645
1099	125.86558888822967	125.86558888822967
1100	125.98120445737676	125.98120445737676
1101	126.10159975850907	126.10159975850907
1102	126.21678359427622	126.21678359427622
1103	126.33241319667543	126.33241319667543
1104	126.43802226094805	126.43802226094805
1105	126.54566243832195	126.54566243832195
1106	126.66163891483004	126.66163891483004
1107	126.77626039398481	126.77626039398481
1108	126.89103597894643	126.89103597894643
1109	127.00715774693411	127.00715774693411
1110	127.12364579428018	127.12364579428018
1111	127.23600513323939	127.23600513323939
1112	127.3384544393501	127.3384544393501
1113	127.441663349334	127.441663349334
1114	127.54152589754244	127.54152589754244
1115	127.63065146012428	127.63065146012428
1116	127.71538260803692	127.71538260803692
1117	127.79984890523438	127.79984890523438
1118	127.88911817339333	127.88911817339333
1119	127.96836477614099	127.96836477614099
1120	128.04762843951258	128.04762843951258
1121	128.1206625011837	128.1206625011837
1122	128.17755796510002	128.17755796510002
1123	128.2427277152393	128.2427277152393
1124	128.31255665511696	128.31255665511696
1125	128.38436957796594	128.38436957796594
1126	128.46114170679118	128.46114170679118
1127	128.52745794602095	128.52745794602095
1128	128.59515211084107	128.59515211084107
1129	128.65618762516942	128.65618762516942
1130	128.71899273406035	128.71899273406035
1131	128.77810227618446	128.77810227618446
1132	128.83894958400742	128.83894958400742
1133	128.8844502293537	128.8844502293537
1134	128.93047503420598	128.93047503420598
1135	128.98085853982653	128.98085853982653
1136	129.03432679719953	129.03432679719953
1137	129.0902969885252	129.0902969885252
1138	129.13848856718408	129.13848856718408
1139	129.1953674181268	129.1953674181268
1140	129.23415008919417	129.23415008919417
1141	129.26810150158323	129.26810150158323
1142	129.30000140514028	129.30000140514028
1143	129.3319142185513	129.3319142185513
1144	129.35048669681754	129.35048669681754
1145	129.35283019185587	129.35283019185587
1146	129.34386332495689	129.34386332495689
1147	129.34533609261624	129.34533609261624
1148	129.3529986549046	129.3529986549046
1149	129.35950084151054	129.35950084151054
1150	129.37325104769286	129.37325104769286
1151	129.39057860072666	129.39057860072666
1152	129.40306861004711	129.40306861004711
1153	129.4077301336902	129.4077301336902
1154	129.4069652174295	129.4069652174295
1155	129.41945648639523	129.41945648639523
1156	129.44100755369564	129.44100755369564
1157	129.46913832223657	129.46913832223657
1158	129.51028235486677	129.51028235486677
1159	129.55899158489484	129.55899158489484
1160	129.61467341077008	129.61467341077008
1161	129.67778496593323	129.67778496593323
1162	129.7446491479757	129.7446491479757
1163	129.81878855823555	129.81878855823555
1164	129.8805019090259	129.8805019090259
1165	129.93820774513404	129.93820774513404
1166	129.9937876419322	129.9937876419322
1167	130.0465227517953	130.0465227517953
1168	130.09691042598985	130.09691042598985
1169	130.14104119194872	130.14104119194872
1170	130.18944358733896	130.18944358733896
1171	130.23264632945532	130.23264632945532
1172	130.27869668062007	130.27869668062007
1173	130.33197463619405	130.33197463619405
1174	130.3698493455593	130.3698493455593
1175	130.41610963053608	130.41610963053608
1176	130.47255844411598	130.47255844411598
1177	130.54300256579154	130.54300256579154
1178	130.60085192343234	130.60085192343234
1179	130.66635850054567	130.66635850054567
1180	130.7213561743684	130.7213561743684
1181	130.77840776245816	130.77840776245816
1182	130.8399139101966	130.8399139101966
1183	130.8850442238308	130.8850442238308
1184	130.9209905506407	130.9209905506407
1185	130.95058825765358	130.95058825765358
1186	130.9670069029534	130.9670069029534
1187	130.99420884794847	130.99420884794847
1188	131.0150581767486	131.0150581767486
1189	131.0377966944518	131.0377966944518
1190	131.06493183073883	131.06493183073883
1191	131.07969800443476	131.07969800443476
1192	131.10615385992628	131.10615385992628
1193	131.1446115392933	131.1446115392933
1194	131.17988770881175	131.17988770881175
1195	131.22997257225413	131.22997257225413
1196	131.28115487578785	131.28115487578785
1197	131.34039772381152	131.34039772381152
1198	131.39603102837742	131.39603102837742
1199	131.45565294928855	131.45565294928855
1200	131.51061073887342	131.51061073887342
1201	131.5618090282181	131.5618090282181
1202	131.60460664004003	131.60460664004003
1203	131.6491615703139	131.6491615703139
1204	131.69768502629523	131.69768502629523
1205	131.75901600410455	131.75901600410455
1206	131.83819377128924	131.83819377128924
1207	131.92235070296167	131.92235070296167
1208	132.00597539733573	132.00597539733573
1209	132.09716602711023	132.09716602711023
1210	132.19091111977437	132.19091111977437
1211	132.29025618951772	132.29025618951772
1212	132.39307472982574	132.39307472982574
1213	132.50391963666138	132.50391963666138
1214	132.61299544591816	132.61299544591816
1215	132.7046438279852	132.7046438279852
1216	132.80631673024055	132.80631673024055
1217	132.9154567605662	132.9154567605662
1218	133.02041023168414	133.02041023168414
1219	133.1257699620416	133.1257699620416
1220	133.23346290237888	133.23346290237888
1221	133.3464710941987	133.3464710941987
1222	133.46815374215998	133.46815374215998
1223	133.59793057030112	133.59793057030112
1224	133.7241440143792	133.7241440143792
1225	133.85065737431205	133.85065737431205
1226	133.96742112818603	133.96742112818603
1227	134.068825987429	134.068825987429
1228	134.14078161895776	134.14078161895776
1229	134.20690996694907	134.20690996694907
1230	134.27556128771613	134.27556128771613
1231	134.35715167571362	134.35715167571362
1232	134.44435627847622	134.44435627847622
1233	134.53663600712082	134.53663600712082
1234	134.61713926860995	134.61713926860995
1235	134.704360753485	134.704360753485
1236	134.78993479752307	134.78993479752307
1237	134.87410962242956	134.87410962242956
1238	134.95826508252833	134.95826508252833
1239	135.0440395550698	135.0440395550698
1240	135.12888631084445	135.12888631084445
1241	135.21172066900888	135.21172066900888
1242	135.30499150377756	135.30499150377756
1243	135.38223637054566	135.38223637054566
1244	135.44505596488418	135.44505596488418
1245	135.50168790292474	135.50168790292474
1246	135.54878818173555	135.54878818173555
1247	135.5982246308041	135.5982246308041
1248	135.6445934731977	135.6445934731977
1249	135.70370934062643	135.70370934062643
1250	135.75840510339782	135.75840510339782
1251	135.79824550012933	135.79824550012933
1252	135.82748540343454	135.82748540343454
1253	135.85322115934662	135.85322115934662
1254	135.86198737867144	135.86198737867144
1255	135.88623337536956	135.88623337536956
1256	135.91692976197663	135.91692976197663
1257	135.96046270421044	135.96046270421044
1258	136.0138861945892	136.0138861945892
1259	136.0711371716585	136.0711371716585
1260	136.13229430360616	136.13229430360616
1261	136.20075987835426	136.20075987835426
1262	136.27477044136384	136.27477044136384
1263	136.356356108314	136.356356108314
1264	136.44090420445087	136.44090420445087
1265	136.53550326502088	136.53550326502088
1266	136.614651732068	136.614651732068
1267	136.6922216389314	136.6922216389314
1268	136.7694807835706	136.7694807835706
1269	136.8537477278041	136.8537477278041
1270	136.95025236276598	136.95025236276598
1271	137.06262867688474	137.06262867688474
1272	137.18228768118985	137.18228768118985
1273	137.30538646188018	137.30538646188018
1274	137.4192485385697	137.4192485385697
1275	137.55305509055188	137.55305509055188
1276	137.69047931656968	137.69047931656968
1277	137.8221606580802	137.8221606580802
1278	137.94333726475128	137.94333726475128
1279	138.0765609047572	138.0765609047572
1280	138.20764575602783	138.20764575602783
1281	138.35806456361428	138.35806456361428
1282	138.5146468577349	138.5146468577349
1283	138.6697283445145	138.6697283445145
1284	138.820519854405	138.820519854405
1285	138.9591940017445	138.9591940017445
1286	139.10653135860548	139.10653135860548
1287	139.25319989431895	139.25319989431895
1288	139.3857516757337	139.3857516757337
1289	139.51947572678853	139.51947572678853
1290	139.6640707426582	139.6640707426582
1291	139.79052388017482	139.79052388017482
1292	139.92329594996446	139.92329594996446
1293	140.06380832849595	140.06380832849595
1294	140.21437293418685	140.21437293418685
1295	140.36956525351434	140.36956525351434
1296	140.52912116459157	140.52912116459157
1297	140.6753449801811	140.6753449801811
1298	140.81412222504056	140.81412222504056
1299	140.96034753429984	140.96034753429984
1300	141.0988326718044	141.0988326718044
1301	141.2332530594747	141.2332530594747
1302	141.35204367296012	141.35204367296012
1303	141.47155606221452	141.47155606221452
1304	141.5972741284196	141.5972741284196
1305	141.7087131236268	141.7087131236268
1306	141.83344214584565	141.83344214584565
1307	141.97479896399227	141.97479896399227
1308	142.1215321791032	142.1215321791032
1309	142.26344662751285	142.26344662751285
1310	142.39971480433738	142.39971480433738
1311	142.53680066641405	142.53680066641405
1312	142.68191469362068	142.68191469362068
1313	142.83559147625425	142.83559147625425
1314	142.99410120784432	142.99410120784432
1315	143.14563184987247	143.14563184987247
1316	143.306080998027	143.306080998027
1317	143.46157160968443	143.46157160968443
1318	143.6195051557488	143.6195051557488
1319	143.7833044951008	143.7833044951008
1320	143.94315101314788	143.94315101314788
1321	144.09324081674657	144.09324081674657
1322	144.24754784013268	144.24754784013268
1323	144.39840924256583	144.39840924256583
1324	144.5542729214587	144.5542729214587
1325	144.69889011516125	144.69889011516125
1326	144.82658232762034	144.82658232762034
1327	144.94128895475012	144.94128895475012
1328	145.05759245151899	145.05759245151899
1329	145.17566712196634	145.17566712196634
1330	145.28676215865622	145.28676215865622
1331	145.40674334424355	145.40674334424355
1332	145.52071572170524	145.52071572170524
1333	145.63386157283142	145.63386157283142
1334	145.7166015298432	145.7166015298432
1335	145.79350544076007	145.79350544076007
1336	145.88349432130133	145.88349432130133
1337	145.96568637129914	145.96568637129914
1338	146.05081229730843	146.05081229730843
1339	146.15483816559484	146.15483816559484
1340	146.25653904461186	146.25653904461186
1341	146.33918223934052	146.33918223934052
1342	146.41526222945132	146.41526222945132
1343	146.4816253058797	146.4816253058797
1344	146.57047863622552	146.57047863622552
1345	146.6524670622353	146.6524670622353
1346	146.73091048898783	146.73091048898783
1347	146.82295534991886	146.82295534991886
1348	146.90304531564925	146.90304531564925
1349	147.00198602373175	147.00198602373175
1350	147.1002228372604	147.1002228372604
1351	147.1931518000269	147.1931518000269
1352	147.27545527023486	147.27545527023486
1353	147.3484422891678	147.3484422891678
1354	147.41626182459785	147.41626182459785
1355	147.48456408896647	147.48456408896647
1356	147.56476227453823	147.56476227453823
1357	147.6294940959792	147.6294940959792
1358	147.70143613091776	147.70143613091776
1359	147.7716832345974	147.7716832345974
1360	147.8521790917768	147.8521790917768
1361	147.93609214374473	147.93609214374473
1362	148.03654881528004	148.03654881528004
1363	148.14955553010694	148.14955553010694
1364	148.2516827243055	148.2516827243055
1365	148.3373284660198	148.3373284660198
1366	148.4223080506482	148.4223080506482
1367	148.51138531854582	148.51138531854582
1368	148.61626686382368	148.61626686382368
1369	148.73044333317193	148.73044333317193
1370	148.8729633039665	148.8729633039665
1371	149.00496802542045	149.00496802542045
1372	149.12899342455563	149.12899342455563
1373	149.24709278264845	149.24709278264845
1374	149.36240420071988	149.36240420071988
1375	149.48202627119184	149.48202627119184
1376	149.60554709251045	149.60554709251045
1377	149.7239489636334	149.7239489636334
1378	149.84066814068476	149.84066814068476
1379	149.95042757628025	149.95042757628025
1380	150.06227230248874	150.06227230248874
1381	150.1647195669832	150.1647195669832
1382	150.27312977171238	150.27312977171238
1383	150.38298770995766	150.38298770995766
1384	150.49057282332691	150.49057282332691
1385	150.58673510225148	150.58673510225148
1386	150.66960874100215	150.66960874100215
1387	150.76448702075538	150.76448702075538
1388	150.85926626424725	150.85926626424725
1389	150.95651680441065	150.95651680441065
1390	151.03482566791942	151.03482566791942
1391	151.0877622080519	151.0877622080519
1392	151.14524661950307	151.14524661950307
1393	151.19928162587775	151.19928162587775
1394	151.25205094828507	151.25205094828507
1395	151.30656124309522	151.30656124309522
1396	151.35348233566603	151.35348233566603
1397	151.41431117804103	151.41431117804103
1398	151.4700202614007	151.4700202614007
1399	151.53113687999442	151.53113687999442
1400	151.60781929554201	151.60781929554201
1401	151.68443210652407	151.68443210652407
1402	151.75357849271688	151.75357849271688
1403	151.82463365417993	151.82463365417993
1404	151.8889934049393	151.8889934049393
1405	151.94666479622435	151.94666479622435
1406	152.01491500086314	152.01491500086314
1407	152.0720229704232	152.0720229704232
1408	152.14320922344479	152.14320922344479
1409	152.20963338191163	152.20963338191163
1410	152.26795868981338	152.26795868981338
1411	152.3403674251729	152.3403674251729
1412	152.409211372514	152.409211372514
1413	152.46649650893235	152.46649650893235
1414	152.5200470644793	152.5200470644793
1415	152.56832771564086	152.56832771564086
1416	152.60563362724642	152.60563362724642
1417	152.6363644206562	152.6363644206562
1418	152.66291962156473	152.66291962156473
1419	152.67903983319172	152.67903983319172
1420	152.69993085317128	152.69993085317128
1421	152.7257930957303	152.7257930957303
1422	152.7423213152727	152.7423213152727
1423	152.74606454797683	152.74606454797683
1424	152.74045673726226	152.74045673726226
1425	152.7288365601579	152.7288365601579
1426	152.72917189149808	152.72917189149808
1427	152.7220878585286	152.7220878585286
1428	152.72491880683754	152.72491880683754
1429	152.72997744487432	152.72997744487432
1430	152.72803208735894	152.72803208735894
1431	152.73859752866207	152.73859752866207
1432	152.75708325386702	152.75708325386702
1433	152.7977348557932	152.7977348557932
1434	152.83903954893793	152.83903954893793
1435	152.88381731642943	152.88381731642943
1436	152.9316633684879	152.9316633684879
1437	152.96452632199532	152.96452632199532
1438	152.99302808485362	152.99302808485362
1439	153.00402631457376	153.00402631457376
1440	153.0253509809164	153.0253509809164
1441	153.0635233322937	153.0635233322937
1442	153.1013371938049	153.1013371938049
1443	153.1305915684785	153.1305915684785
1444	153.1450919095127	153.1450919095127
1445	153.1587360245881	153.1587360245881
1446	153.1748673265164	153.1748673265164
1447	153.20905887195352	153.20905887195352
1448	153.24139817359594	153.24139817359594
1449	153.2691623161237	153.2691623161237
1450	153.29719964619892	153.29719964619892
1451	153.3323324694632	153.3323324694632
1452	153.3818900929906	153.3818900929906
1453	153.42637611084098	153.42637611084098
1454	153.47729270605095	153.47729270605095
1455	153.53231986043778	153.53231986043778
1456	153.58666748205803	153.58666748205803
1457	153.66384924954144	153.66384924954144
1458	153.72976898587206	153.72976898587206
1459	153.7840294359248	153.7840294359248
1460	153.82698363688888	153.82698363688888
1461	153.8786410072339	153.8786410072339
1462	153.92540512132345	153.92540512132345
1463	153.96380055514663	153.96380055514663
1464	153.99163273826215	153.99163273826215
1465	154.02371475737127	154.02371475737127
1466	154.0582746602354	154.0582746602354
1467	154.08158219384595	154.08158219384595
1468	154.08580655999782	154.08580655999782
1469	154.09323427299668	154.09323427299668
1470	154.0989088287257	154.0989088287257
1471	154.08477134573522	154.08477134573522
1472	154.06455783179854	154.06455783179854
1473	154.03908658167148	154.03908658167148
1474	154.01405386305504	154.01405386305504
1475	153.98776500566868	153.98776500566868
1476	153.97536116455893	153.97536116455893
1477	153.9487956053528	153.9487956053528
1478	153.90552813429846	153.90552813429846
1479	153.84644156219738	153.84644156219738
1480	153.79552347527317	153.79552347527317
1481	153.74549554170687	153.74549554170687
1482	153.70932566072784	153.70932566072784
1483	153.66785886234942	153.66785886234942
1484	153.60122501703626	153.60122501703626
1485	153.52331658552316	153.52331658552316
1486	153.43051192317682	153.43051192317682
1487	153.35565381750024	153.35565381750024
1488	153.30882586691362	153.30882586691362
1489	153.2527494147149	153.2527494147149
1490	153.19404661989913	153.19404661989913
1491	153.13425442645382	153.13425442645382
1492	153.0707921208962	153.0707921208962
1493	153.00118926327565	153.00118926327565
1494	152.9334926965521	152.9334926965521
1495	152.87445425806123	152.87445425806123
1496	152.80593610682178	152.80593610682178
1497	152.73494973092767	152.73494973092767
1498	152.66471036414183	152.66471036414183
1499	152.59879750752074	152.59879750752074
1500	152.51173128317907	152.51173128317907
1501	152.42266750156256	152.42266750156256
1502	152.32303502504317	152.32303502504317
1503	152.18441496887567	152.18441496887567
1504	152.03608504023362	152.03608504023362
1505	151.8829733058344	151.8829733058344
1506	151.71115136656016	151.71115136656016
1507	151.5371092764404	151.5371092764404
1508	151.35261090386285	151.35261090386285
1509	151.15534593993607	151.15534593993607
1510	150.95693852814867	150.95693852814867
1511	150.75707000981362	150.75707000981362
1512	150.56964537991323	150.56964537991323
1513	150.37491539814457	150.37491539814457
1514	150.15793439535545	150.15793439535545
1515	149.92099072943532	149.92099072943532
1516	149.6887494670471	149.6887494670471
1517	149.45003027043998	149.45003027043998
1518	149.2096975633989	149.2096975633989
1519	149.00176270803072	149.00176270803072
1520	148.80313067572467	148.80313067572467
1521	148.61093089549155	148.61093089549155
1522	148.40859468339448	148.40859468339448
1523	148.2141239153585	148.2141239153585
1524	148.00052630647397	148.00052630647397
1525	147.79423199890172	147.79423199890172
1526	147.57807145788672	147.57807145788672
1527	147.3771946719305	147.3771946719305
1528	147.16545943091845	147.16545943091845
1529	146.95613884210746	146.95613884210746
1530	146.7566063234769	146.7566063234769
1531	146.52460870688506	146.52460870688506
1532	146.2965633577723	146.2965633577723
1533	146.05765813472192	146.05765813472192
1534	145.8078458417776	145.8078458417776
1535	145.57005687008936	145.57005687008936
1536	145.33020677094598	145.33020677094598
1537	145.07064620292002	145.07064620292002
1538	144.84378099582227	144.84378099582227
1539	144.61273285709345	144.61273285709345
1540	144.3954829963189	144.3954829963189
1541	144.1670728138035	144.1670728138035
1542	143.9391972745024	143.9391972745024
1543	143.71696842385333	143.71696842385333
1544	143.50692081864293	143.50692081864293
1545	143.28545203052053	143.28545203052053
1546	143.06200090777006	143.06200090777006
1547	142.85469081915684	142.85469081915684
1548	142.61958065107228	142.61958065107228
1549	142.38487123252443	142.38487123252443
1550	142.1682822438579	142.1682822438579
1551	141.93133901561635	141.93133901561635
1552	141.66059870851856	141.66059870851856
1553	141.38935645438383	141.38935645438383
1554	141.0807122888152	141.0807122888152
1555	140.77848393261485	140.77848393261485
1556	140.51871581533177	140.51871581533177
1557	140.2708422088175	140.2708422088175
1558	139.99277927240888	139.99277927240888
1559	139.71459796706534	139.71459796706534
1560	139.44397995107204	139.44397995107204
1561	139.16205693251356	139.16205693251356
1562	138.90917572081113	138.90917572081113
1563	138.6721605385138	138.6721605385138
1564	138.43762295364039	138.43762295364039
1565	138.219420785522	138.219420785522
1566	138.01841558071757	138.01841558071757
1567	137.81113085820442	137.81113085820442
1568	137.60538686985828	137.60538686985828
1569	137.36936019045396	137.36936019045396
1570	137.13740652174505	137.13740652174505
1571	136.92593982158172	136.92593982158172
1572	136.7078199431433	136.7078199431433
1573	136.52056414186495	136.52056414186495
1574	136.33174450050944	136.33174450050944
1575	136.13068534815295	136.13068534815295
1576	135.94069213931957	135.94069213931957
1577	135.7346536956563	135.7346536956563
1578	135.5468676937429	135.5468676937429
1579	135.39293660730024	135.39293660730024
1580	135.26847075950508	135.26847075950508
1581	135.13798053937566	135.13798053937566
1582	135.00850383765027	135.00850383765027
1583	134.90550216623285	134.90550216623285
1584	134.7909250277241	134.7909250277241
1585	134.67583919468413	134.67583919468413
1586	134.56219832995745	134.56219832995745
1587	134.44387546723456	134.44387546723456
1588	134.31205859446857	134.31205859446857
1589	134.18944237553143	134.18944237553143
1590	134.06622343409362	134.06622343409362
1591	133.91788928691676	133.91788928691676
1592	133.77189707681168	133.77189707681168
1593	133.6413267350714	133.6413267350714
1594	133.5270314190106	133.5270314190106
1595	133.40302896296652	133.40302896296652
1596	133.2769298125823	133.2769298125823
1597	133.15154862629322	133.15154862629322
1598	133.03595919358398	133.03595919358398
1599	132.93979255858122	132.93979255858122
1600	132.82620992474202	132.82620992474202
1601	132.72051392273826	132.72051392273826
1602	132.63459570379894	132.63459570379894
1603	132.56719339486636	132.56719339486636
1604	132.51684617329767	132.51684617329767
1605	132.49692422545192	132.49692422545192
1606	132.48747758508046	132.48747758508046
1607	132.49619877314205	132.49619877314205
1608	132.52112640353025	132.52112640353025
1609	132.53851224875706	132.53851224875706
1610	132.54990295135076	132.54990295135076
1611	132.55344468471202	132.55344468471202
1612	132.58191895007832	132.58191895007832
1613	132.62105369648532	132.62105369648532
1614	132.65563771159142	132.65563771159142
1615	132.68769081453178	132.68769081453178
1616	132.70706293178603	132.70706293178603
1617	132.73073378210267	132.73073378210267
1618	132.75374558050885	132.75374558050885
1619	132.7857574463905	132.7857574463905
1620	132.81990309461924	132.81990309461924
1621	132.87862661403423	132.87862661403423
1622	132.95652887879075	132.95652887879075
1623	133.04374103178452	133.04374103178452
1624	133.11450721695573	133.11450721695573
1625	133.18606943310328	133.18606943310328
1626	133.2791459616921	133.2791459616921
1627	133.37308807496754	133.37308807496754
1628	133.46703721948413	133.46703721948413
1629	133.5556922628897	133.5556922628897
1630	133.63796637837805	133.63796637837805
1631	133.74188505147072	133.74188505147072
1632	133.8404371076043	133.8404371076043
1633	133.91932355376912	133.91932355376912
1634	133.97161107418177	133.97161107418177
1635	134.03966348139244	134.03966348139244
1636	134.11979930530316	134.11979930530316
1637	134.20082779011034	134.20082779011034
1638	134.29877374801865	134.29877374801865
1639	134.38691790618964	134.38691790618964
1640	134.4783281916706	134.4783281916706
1641	134.5818012157215	134.5818012157215
1642	134.703692694103	134.703692694103
1643	134.8278539835028	134.8278539835028
1644	134.94124957244236	134.94124957244236
1645	135.0443745949371	135.0443745949371
1646	135.16693927366495	135.16693927366495
1647	135.2896282923576	135.2896282923576
1648	135.41345792149582	135.41345792149582
1649	135.54716711510522	135.54716711510522
1650	135.68585993663942	135.68585993663942
1651	135.81200687542832	135.81200687542832
1652	135.9232913993179	135.9232913993179
1653	136.0311012829693	136.0311012829693
1654	136.1245063065978	136.1245063065978
1655	136.23491979260905	136.23491979260905
1656	136.35176970489974	136.35176970489974
1657	136.46223831739036	136.46223831739036
1658	136.5779861242528	136.5779861242528
1659	136.69870622180173	136.69870622180173
1660	136.82227767793069	136.82227767793069
1661	136.95519477162753	136.95519477162753
1662	137.10606908470498	137.10606908470498
1663	137.25668176455633	137.25668176455633
1664	137.41075965963958	137.41075965963958
1665	137.56913907883543	137.56913907883543
1666	137.72680490583843	137.72680490583843
1667	137.8872254939773	137.8872254939773
1668	138.05062123678255	138.05062123678255
1669	138.24280276664476	138.24280276664476
1670	138.4618658735391	138.4618658735391
1671	138.6725938574554	138.6725938574554
1672	138.87803611205732	138.87803611205732
1673	139.06521275317075	139.06521275317075
1674	139.26494723662555	139.26494723662555
1675	139.45533522310433	139.45533522310433
1676	139.64399866788636	139.64399866788636
1677	139.8230806658676	139.8230806658676
1678	139.98571326182457	139.98571326182457
1679	140.15789926726816	140.15789926726816
1680	140.33672806673434	140.33672806673434
1681	140.54562029689342	140.54562029689342
1682	140.74429896964446	140.74429896964446
1683	140.9347497788568	140.9347497788568
1684	141.10039799899727	141.10039799899727
1685	141.2602611195519	141.2602611195519
1686	141.39359832764114	141.39359832764114
1687	141.5223762954612	141.5223762954612
1688	141.67324660617246	141.67324660617246
1689	141.81200207280108	141.81200207280108
1690	141.9219176641299	141.9219176641299
1691	142.04298627450538	142.04298627450538
1692	142.18795210933203	142.18795210933203
1693	142.33945734351758	142.33945734351758
1694	142.49392792697216	142.49392792697216
1695	142.64190223994277	142.64190223994277
1696	142.78605666921203	142.78605666921203
1697	142.9449449428658	142.9449449428658
1698	143.0925207310554	143.0925207310554
1699	143.241261273186	143.241261273186
1700	143.41738786182256	143.41738786182256
1701	143.598335863358	143.598335863358
1702	143.77325178310355	143.77325178310355
1703	143.9309581949559	143.9309581949559
1704	144.0854923705796	144.0854923705796
1705	144.24970670540992	144.24970670540992
1706	144.42065931035154	144.42065931035154
1707	144.60866868075732	144.60866868075732
1708	144.80280248864824	144.80280248864824
1709	144.99045608961762	144.99045608961762
1710	145.15126941562082	145.15126941562082
1711	145.30988045173572	145.30988045173572
1712	145.48911783208035	145.48911783208035
1713	145.6537638605258	145.6537638605258
1714	145.82378085230624	145.82378085230624
1715	145.98947852682664	145.98947852682664
1716	146.11757902352625	146.11757902352625
1717	146.26852207962128	146.26852207962128
1718	146.4334069452795	146.4334069452795
1719	146.59978181772243	146.59978181772243
1720	146.77105657821704	146.77105657821704
1721	146.9341220540507	146.9341220540507
1722	147.13095031125656	147.13095031125656
1723	147.34756708172932	147.34756708172932
1724	147.59177642593409	147.59177642593409
1725	147.82602386436258	147.82602386436258
1726	148.06373657018895	148.06373657018895
1727	148.32195355076266	148.32195355076266
1728	148.58198867113643	148.58198867113643
1729	148.82913572218177	148.82913572218177
1730	149.07194986735274	149.07194986735274
1731	149.31754714337035	149.31754714337035
1732	149.5463567527346	149.5463567527346
1733	149.78702650523937	149.78702650523937
1734	150.02400145065903	150.02400145065903
1735	150.24917598232335	150.24917598232335
1736	150.47911871106905	150.47911871106905
1737	150.71087638729608	150.71087638729608
1738	150.9348083925228	150.9348083925228
1739	151.15741178074262	151.15741178074262
1740	151.37519136866067	151.37519136866067
1741	151.57678294815824	151.57678294815824
1742	151.7830724964094	151.7830724964094
1743	151.97733905747748	151.97733905747748
1744	152.17991303817507	152.17991303817507
1745	152.3839752954891	152.3839752954891
1746	152.60257055537272	152.60257055537272
1747	152.8121404919866	152.8121404919866
1748	153.0201954440434	153.0201954440434
1749	153.2124025420939	153.2124025420939
1750	153.38784944723363	153.38784944723363
1751	153.55341575138712	153.55341575138712
1752	153.71845052661126	153.71845052661126
1753	153.88196084022331	153.88196084022331
1754	154.0461032436897	154.0461032436897
1755	154.20020477198932	154.20020477198932
1756	154.3585380969516	154.3585380969516
1757	154.52988107675773	154.52988107675773
1758	154.67239284574424	154.67239284574424
1759	154.79172590482722	154.79172590482722
1760	154.90921833379923	154.90921833379923
1761	155.02531667773775	155.02531667773775
1762	155.1093303796132	155.1093303796132
1763	155.17707407587994	155.17707407587994
1764	155.21789244882157	155.21789244882157
1765	155.26464576570135	155.26464576570135
1766	155.34705176858427	155.34705176858427
1767	155.43929506102714	155.43929506102714
1768	155.53791584233605	155.53791584233605
1769	155.6531031232773	155.6531031232773
1770	155.75688824217679	155.75688824217679
1771	155.8564767042043	155.8564767042043
1772	155.98166341446026	155.98166341446026
1773	156.0948608666664	156.0948608666664
1774	156.22233913851701	156.22233913851701
1775	156.33640053291754	156.33640053291754
1776	156.42316800431706	156.42316800431706
1777	156.5014277685459	156.5014277685459
1778	156.58710422146527	156.58710422146527
1779	156.66617072056607	156.66617072056607
1780	156.74924674458933	156.74924674458933
1781	156.8467662115658	156.8467662115658
1782	156.95192039455134	156.95192039455134
1783	157.0704865449363	157.0704865449363
1784	157.15683679090608	157.15683679090608
1785	157.19913464718474	157.19913464718474
1786	157.2488012053171	157.2488012053171
1787	157.2911799379819	157.2911799379819
1788	157.34774804671125	157.34774804671125
1789	157.37210105020273	157.37210105020273
1790	157.4007049594961	157.4007049594961
1791	157.4313671208969	157.4313671208969
1792	157.45922981943744	157.45922981943744
1793	157.49661172926415	157.49661172926415
1794	157.52231117121406	157.52231117121406
1795	157.55114957298497	157.55114957298497
1796	157.60565115671807	157.60565115671807
1797	157.6912476054373	157.6912476054373
1798	157.77101516160073	157.77101516160073
1799	157.8543711927487	157.8543711927487
1800	157.92208221890672	157.92208221890672
1801	157.96826378650783	157.96826378650783
1802	158.0026593570658	158.0026593570658
1803	158.0402506588391	158.0402506588391
1804	158.0653453641615	158.0653453641615
1805	158.06229950898444	158.06229950898444
1806	158.09231107363132	158.09231107363132
1807	158.11729178536666	158.11729178536666
1808	158.14146288249322	158.14146288249322
1809	158.16371561345593	158.16371561345593
1810	158.1887034870091	158.1887034870091
1811	158.24064643784408	158.24064643784408
1812	158.33406583906051	158.33406583906051
1813	158.4098392895562	158.4098392895562
1814	158.45759387046277	158.45759387046277
1815	158.49996954432368	158.49996954432368
1816	158.55007816907252	158.55007816907252
1817	158.62448329361953	158.62448329361953
1818	158.71130968137257	158.71130968137257
1819	158.80099971864325	158.80099971864325
1820	158.88438209707647	158.88438209707647
1821	158.95366655719073	158.95366655719073
1822	158.9938528290554	158.9938528290554
1823	159.0188070693227	159.0188070693227
1824	159.0170863889549	159.0170863889549
1825	159.01482309826585	159.01482309826585
1826	159.0269663112267	159.0269663112267
1827	159.0282751968525	159.0282751968525
1828	159.04795523164702	159.04795523164702
1829	159.0731199280042	159.0731199280042
1830	159.10427420061583	159.10427420061583
1831	159.134168357105	159.134168357105
1832	159.1695970044932	159.1695970044932
1833	159.20233799410084	159.20233799410084
1834	159.2117240009225	159.2117240009225
1835	159.19617848770253	159.19617848770253
1836	159.18869778899455	159.18869778899455
1837	159.2109019648824	159.2109019648824
1838	159.23502161718937	159.23502161718937
1839	159.27459499306156	159.27459499306156
1840	159.32453689951427	159.32453689951427
1841	159.3907282373041	159.3907282373041
1842	159.4772830228981	159.4772830228981
1843	159.56471773294805	159.56471773294805
1844	159.6400237705302	159.6400237705302
1845	159.70541877870065	159.70541877870065
1846	159.78430841261755	159.78430841261755
1847	159.86155330366336	159.86155330366336
1848	159.95247566193763	159.95247566193763
1849	160.02298209128156	160.02298209128156
1850	160.07767842681062	160.07767842681062
1851	160.14475108299314	160.14475108299314
1852	160.19963967774953	160.19963967774953
1853	160.24577857633025	160.24577857633025
1854	160.27659088803065	160.27659088803065
1855	160.30437419640515	160.30437419640515
1856	160.30842757909664	160.30842757909664
1857	160.33146511401245	160.33146511401245
1858	160.39148143637874	160.39148143637874
1859	160.38598908692836	160.38598908692836
1860	160.36505971042652	160.36505971042652
1861	160.36727238591462	160.36727238591462
1862	160.37401462006838	160.37401462006838
1863	160.38883344778623	160.38883344778623
1864	160.36587149722152	160.36587149722152
1865	160.36573299132888	160.36573299132888
1866	160.32873127318453	160.32873127318453
1867	160.28729605262043	160.28729605262043
1868	160.23131668799977	160.23131668799977
1869	160.17828016755925	160.17828016755925
1870	160.12559642825002	160.12559642825002
1871	160.08078577081835	160.08078577081835
1872	160.0557562067942	160.0557562067942
1873	160.02879262485902	160.02879262485902
1874	160.00598952889928	160.00598952889928
1875	159.9809413514633	159.9809413514633
1876	159.98586837790097	159.98586837790097
1877	159.9725437739298	159.9725437739298
1878	159.94322963495267	159.94322963495267
1879	159.9092735225994	159.9092735225994
1880	159.83511003182036	159.83511003182036
1881	159.69622523402754	159.69622523402754
1882	159.6110775207513	159.6110775207513
1883	159.54923352415528	159.54923352415528
1884	159.50252158287617	159.50252158287617
1885	159.47127178647716	159.47127178647716
1886	159.4905219810987	159.4905219810987
1887	159.48730418867976	159.48730418867976
1888	159.46286021786895	159.46286021786895
1889	159.43843033394288	159.43843033394288
1890	159.3829791154094	159.3829791154094
1891	159.34693104568404	159.34693104568404
1892	159.30271717225457	159.30271717225457
1893	159.28311393381824	159.28311393381824
1894	159.3036155640823	159.3036155640823
1895	159.28817811708976	159.28817811708976
1896	159.27275739092872	159.27275739092872
1897	159.2865249740108	159.2865249740108
1898	159.3350352213459	159.3350352213459
1899	159.41736120353718	159.41736120353718
1900	159.4849659389762	159.4849659389762
1901	159.54828154505563	159.54828154505563
1902	159.58835150457705	159.58835150457705
1903	159.61708292588412	159.61708292588412
1904	159.6230904951528	159.6230904951528
1905	159.63615795709214	159.63615795709214
1906	159.6733574299873	159.6733574299873
1907	159.68107747565173	159.68107747565173
1908	159.68512875571747	159.68512875571747
1909	159.69329524448455	159.69329524448455
1910	159.6929494683116	159.6929494683116
1911	159.6912178570295	159.6912178570295
1912	159.69355426336483	159.69355426336483
1913	159.7209727750266	159.7209727750266
1914	159.73849209906604	159.73849209906604
1915	159.78599473035808	159.78599473035808
1916	159.81306019966644	159.81306019966644
1917	159.85983721500205	159.85983721500205
1918	159.89584830505538	159.89584830505538
1919	159.93489489640808	159.93489489640808
1920	160.00139142245402	160.00139142245402
1921	160.08090344452634	160.08090344452634
1922	160.1836680213704	160.1836680213704
1923	160.28689076738956	160.28689076738956
1924	160.3551491014866	160.3551491014866
1925	160.4153093609105	160.4153093609105
1926	160.4532079990516	160.4532079990516
1927	160.46865507230115	160.46865507230115
1928	160.4881149793264	160.4881149793264
1929	160.50130491641332	160.50130491641332
1930	160.56131047439328	160.56131047439328
1931	160.62420864293284	160.62420864293284
1932	160.65611834740884	160.65611834740884
1933	160.6638714347128	160.6638714347128
1934	160.6588910427398	160.6588910427398
1935	160.68880205406217	160.68880205406217
1936	160.79405152549597	160.79405152549597
1937	160.90077664579107	160.90077664579107
1938	161.0300132470901	161.0300132470901
1939	161.21129915826486	161.21129915826486
1940	161.4152591201992	161.4152591201992
1941	161.6100419586241	161.6100419586241
1942	161.83748971600374	161.83748971600374
1943	162.06914453793175	162.06914453793175
1944	162.3202570910499	162.3202570910499
1945	162.5544334378452	162.5544334378452
1946	162.76746757632299	162.76746757632299
1947	162.97921925632255	162.97921925632255
1948	163.1599545534914	163.1599545534914
1949	163.3786700616775	163.3786700616775
1950	163.64540114177626	163.64540114177626
1951	163.9222146952411	163.9222146952411
1952	164.16043875241346	164.16043875241346
1953	164.36160016575232	164.36160016575232
1954	164.56016460525734	164.56016460525734
1955	164.74985690891918	164.74985690891918
1956	164.9212033184093	164.9212033184093
1957	165.11012075244594	165.11012075244594
1958	165.30212970630288	165.30212970630288
1959	165.45970536409982	165.45970536409982
1960	165.61515137198364	165.61515137198364
1961	165.8033550364599	165.8033550364599
1962	166.03222127237615	166.03222127237615
1963	166.27175127765577	166.27175127765577
1964	166.53187959473667	166.53187959473667
1965	166.78678363804437	166.78678363804437
1966	167.0824171600083	167.0824171600083
1967	167.38134842694961	167.38134842694961
1968	167.71769550589124	167.71769550589124
1969	168.06336065338556	168.06336065338556
1970	168.42445556283167	168.42445556283167
1971	168.81312704728006	168.81312704728006
1972	169.15962369523513	169.15962369523513
1973	169.52601689086762	169.52601689086762
1974	169.9141565270827	169.9141565270827
1975	170.31075987465857	170.31075987465857
1976	170.74134282620446	170.74134282620446
1977	171.1849713464096	171.1849713464096
1978	171.64998271102394	171.64998271102394
1979	172.09566781771818	172.09566781771818
1980	172.53243137649926	172.53243137649926
1981	172.94167905222102	172.94167905222102
1982	173.38016584056356	173.38016584056356
1983	173.8368388536449	173.8368388536449
1984	174.27076766912484	174.27076766912484
1985	174.7318619711065	174.7318619711065
1986	175.2100707820324	175.2100707820324
1987	175.69313739708952	175.69313739708952
1988	176.15542788624765	176.15542788624765
1989	176.5896711333742	176.5896711333742
1990	176.96808752695517	176.96808752695517
1991	177.3047114101882	177.3047114101882
1992	177.65097259375167	177.65097259375167
1993	177.99786425136702	177.99786425136702
1994	178.37567981213633	178.37567981213633
1995	178.7469909297412	178.7469909297412
1996	179.12353464211	179.12353464211
1997	179.4965636464823	179.4965636464823
1998	179.84858680077792	179.84858680077792
1999	180.2297264020953	180.2297264020953
2000	180.65055951449392	180.65055951449392
2001	181.06226618029785	181.06226618029785
2002	181.4778012849046	181.4778012849046
2003	181.8796892820621	181.8796892820621
2004	182.24795316983375	182.24795316983375
2005	182.60771349826882	182.60771349826882
2006	182.9550957180101	182.9550957180101
2007	183.30502332364415	183.30502332364415
2008	183.6180342296036	183.6180342296036
2009	183.88410852592466	183.88410852592466
2010	184.18870582435963	184.18870582435963
2011	184.4914621280257	184.4914621280257
2012	184.8094095571435	184.8094095571435
2013	185.13738647932541	185.13738647932541
2014	185.482239855466	185.482239855466
2015	185.7942199683933	185.7942199683933
2016	186.1048932305245	186.1048932305245
2017	186.42142522920784	186.42142522920784
2018	186.76182536883326	186.76182536883326
2019	187.1210069879359	187.1210069879359
2020	187.47428202454648	187.47428202454648
2021	187.83374420350796	187.83374420350796
2022	188.1603482829912	188.1603482829912
2023	188.5134101748569	188.5134101748569
2024	188.9182361485593	188.9182361485593
2025	189.3609714549963	189.3609714549963
2026	189.84602473784662	189.84602473784662
2027	190.29358105833143	190.29358105833143
2028	190.76969705965564	190.76969705965564
2029	191.19073308001288	191.19073308001288
2030	191.60462883653028	191.60462883653028
2031	192.10569168833652	192.10569168833652
2032	192.5973855753199	192.5973855753199
2033	193.02252871456182	193.02252871456182
2034	193.424977362099	193.424977362099
2035	193.84539116621886	193.84539116621886
2036	194.28607635571584	194.28607635571584
2037	194.6485033081894	194.6485033081894
2038	195.0228187787306	195.0228187787306
2039	195.43241189331678	195.43241189331678
2040	195.79766904197803	195.79766904197803
2041	196.18296547525793	196.18296547525793
2042	196.59104254142454	196.59104254142454
2043	196.96336413174902	196.96336413174902
2044	197.38618697387375	197.38618697387375
2045	197.76409729967855	197.76409729967855
2046	198.1527481360878	198.1527481360878
2047	198.55962990367956	198.55962990367956
2048	198.96183016597053	198.96183016597053
2049	199.29737652449478	199.29737652449478
2050	199.5748279390658	199.5748279390658
2051	199.83441368679206	199.83441368679206
2052	200.1047161244784	200.1047161244784
2053	200.3671921443212	200.3671921443212
2054	200.59290701896936	200.59290701896936
2055	200.817518624432	200.817518624432
2056	201.01185759719326	201.01185759719326
2057	201.18425080530142	201.18425080530142
2058	201.36842261420026	201.36842261420026
2059	201.61613886281458	201.61613886281458
2060	201.88252726593748	201.88252726593748
2061	202.09800886224724	202.09800886224724
2062	202.24520757588797	202.24520757588797
2063	202.36185991504996	202.36185991504996
2064	202.51119394641051	202.51119394641051
2065	202.690679515881	202.690679515881
2066	202.86248907249163	202.86248907249163
2067	203.0307939349057	203.0307939349057
2068	203.12882101475006	203.12882101475006
2069	203.22893731485533	203.22893731485533
2070	203.2864069155194	203.2864069155194
2071	203.2561926548966	203.2561926548966
2072	203.2516693276443	203.2516693276443
2073	203.25513454079402	203.25513454079402
2074	203.22701075357935	203.22701075357935
2075	203.23843633596283	203.23843633596283
2076	203.23683736016616	203.23683736016616
2077	203.1084672643151	203.1084672643151
2078	202.9528612307939	202.9528612307939
2079	202.7657767563898	202.7657767563898
2080	202.64966496073336	202.64966496073336
2081	202.5486001011733	202.5486001011733
2082	202.3961611610184	202.3961611610184
2083	202.15049682339426	202.15049682339426
2084	201.8723027296536	201.8723027296536
2085	201.53160745698574	201.53160745698574
2086	201.15969703461536	201.15969703461536
2087	200.8248602080139	200.8248602080139
2088	200.51365646230835	200.51365646230835
2089	200.2414199806677	200.2414199806677
2090	199.82627691934175	199.82627691934175
2091	199.35026058223977	199.35026058223977
2092	198.93982932700385	198.93982932700385
2093	198.55945686627174	198.55945686627174
2094	198.17551712977985	198.17551712977985
2095	197.80942977312583	197.80942977312583
2096	197.4087817987624	197.4087817987624
2097	196.830162312847	196.830162312847
2098	196.17625048087183	196.17625048087183
2099	195.42710319980011	195.42710319980011
2100	194.75644439458637	194.75644439458637
2101	194.11989723964976	194.11989723964976
2102	193.5390805843969	193.5390805843969
2103	193.02914582463544	193.02914582463544
2104	192.5181924990964	192.5181924990964
2105	191.95514712622702	191.95514712622702
2106	191.36700865262694	191.36700865262694
2107	190.8625355669753	190.8625355669753
2108	190.30698355245107	190.30698355245107
2109	189.710621394423	189.710621394423
2110	189.20025082093994	189.20025082093994
2111	188.77347062760361	188.77347062760361
2112	188.4425497833945	188.4425497833945
2113	188.18304969018527	188.18304969018527
2114	187.91904252793918	187.91904252793918
2115	187.59879457424444	187.59879457424444
2116	187.331913923556	187.331913923556
2117	187.19077279934	187.19077279934
2118	187.0080454177991	187.0080454177991
2119	186.74850782246938	186.74850782246938
2120	186.46808989623506	186.46808989623506
2121	186.14709423206594	186.14709423206594
2122	185.7875526578074	185.7875526578074
2123	185.40368080548095	185.40368080548095
2124	184.92344770716	184.92344770716
2125	184.55159421489216	184.55159421489216
2126	184.18244123104586	184.18244123104586
2127	183.88523463126933	183.88523463126933
2128	183.49172135330878	183.49172135330878
2129	183.1329003799249	183.1329003799249
2130	182.7608847410813	182.7608847410813
2131	182.42337555620674	182.42337555620674
2132	181.92200668242947	181.92200668242947
2133	181.33781103447728	181.33781103447728
2134	180.70676347099368	180.70676347099368
2135	180.05498445942612	180.05498445942612
2136	179.52512192679893	179.52512192679893
2137	178.88883677770514	178.88883677770514
2138	178.18699224689627	178.18699224689627
2139	177.58386040515595	177.58386040515595
2140	176.9985584988255	176.9985584988255
2141	176.35226763888184	176.35226763888184
2142	175.677335052119	175.677335052119
2143	174.94760439655153	174.94760439655153
2144	174.25283993251236	174.25283993251236
2145	173.6286748696524	173.6286748696524
2146	172.97673380003562	172.97673380003562
2147	172.4207448590419	172.4207448590419
2148	171.80165942789222	171.80165942789222
2149	171.05543794954147	171.05543794954147
2150	170.26335810535252	170.26335810535252
2151	169.45293229809002	169.45293229809002
2152	168.768047667449	168.768047667449
2153	168.08268874585485	168.08268874585485
2154	167.46017266386363	167.46017266386363
2155	166.938967955752	166.938967955752
2156	166.22500560621984	166.22500560621984
2157	165.43040383135917	165.43040383135917
2158	164.45371423778272	164.45371423778272
2159	163.56290419382103	163.56290419382103
2160	162.5796298887987	162.5796298887987
2161	161.607114095921	161.607114095921
2162	160.70100696267446	160.70100696267446
2163	159.8073747506475	159.8073747506475
2164	159.0174553365421	159.0174553365421
2165	158.28851076398496	158.28851076398496
2166	157.49197212550914	157.49197212550914
2167	156.36865165674502	156.36865165674502
2168	155.34255589350238	155.34255589350238
2169	154.37958770629808	154.37958770629808
2170	153.58753830128381	153.58753830128381
2171	152.7988308292405	152.7988308292405
2172	152.0150401036805	152.0150401036805
2173	151.14423552433442	151.14423552433442
2174	150.53724308996482	150.53724308996482
2175	149.97313689194874	149.97313689194874
2176	149.7160710625522	149.7160710625522
2177	149.5516923492636	149.5516923492636
2178	149.58640651506101	149.58640651506101
2179	149.60705834603885	149.60705834603885
2180	149.77579197548147	149.77579197548147
2181	150.03128909022797	150.03128909022797
2182	150.19118949156075	150.19118949156075
2183	150.17808605508088	150.17808605508088
2184	150.326873054948	150.326873054948
2185	150.3154829478245	150.3154829478245
2186	150.36084488985645	150.36084488985645
2187	150.49870241204255	150.49870241204255
2188	150.72945912948865	150.72945912948865
2189	150.90058927772293	150.90058927772293
2190	150.88068515723867	150.88068515723867
2191	150.8965219223426	150.8965219223426
2192	150.8314827005622	150.8314827005622
2193	150.76584040869844	150.76584040869844
2194	150.63051676738007	150.63051676738007
2195	150.57539063077405	150.57539063077405
2196	150.21278184161557	150.21278184161557
2197	149.90953455426677	149.90953455426677
2198	149.78096482590712	149.78096482590712
2199	149.48234152843892	149.48234152843892
2200	149.04692502368948	149.04692502368948
2201	148.33122091073773	148.33122091073773
2202	147.7553852602945	147.7553852602945
2203	147.3571355624652	147.3571355624652
2204	146.82699271640553	146.82699271640553
2205	146.20854938881627	146.20854938881627
2206	145.88582218433757	145.88582218433757
2207	145.66056776800494	145.66056776800494
2208	145.66094982585236	145.66094982585236
2209	145.58072062682146	145.58072062682146
2210	145.92872648384363	145.92872648384363
2211	146.08426856334202	146.08426856334202
2212	146.75393113264388	146.75393113264388
2213	147.34108167068922	147.34108167068922
2214	148.20868929798812	148.20868929798812
2215	148.39084571538154	148.39084571538154
2216	148.59046957568867	148.59046957568867
2217	148.5179990630365	148.5179990630365
2218	148.3685798429113	148.3685798429113
2219	148.42146762157657	148.42146762157657
2220	147.5908383357527	147.5908383357527
2221	146.61097397476772	146.61097397476772
2222	146.47182526729384	146.47182526729384
2223	146.24807966056255	146.24807966056255
2224	145.5955661590525	145.5955661590525
2225	145.0754759716961	145.0754759716961
2226	145.3003195617431	145.3003195617431
2227	145.32415311206154	145.32415311206154
2228	145.37074124351227	145.37074124351227
2229	145.1642075329914	145.1642075329914
2230	144.54779933707377	144.54779933707377
2231	144.0413781630272	144.0413781630272
2232	143.8532946770887	143.8532946770887
2233	145.62123635083566	145.62123635083566
2234	147.11843070340598	147.11843070340598
