#Calcul du déplacement moyen
#Time	dqmoy	part_0
1	0.09308974110439845	0.09308974110439845
2	0.20226751186092493	0.20226751186092493
3	0.31567911191646436	0.31567911191646436
4	0.42842195619260953	0.42842195619260953
5	0.5406999983983545	0.5406999983983545
6	0.6556814666742585	0.6556814666742585
7	0.7745600812632167	0.7745600812632167
8	0.894428287621022	0.894428287621022
9	1.0152508584117759	1.0152508584117759
10	1.1298395702967172	1.1298395702967172
11	1.2424572797521676	1.2424572797521676
12	1.3623604691472995	1.3623604691472995
13	1.4847165839034382	1.4847165839034382
14	1.6131006089343252	1.6131006089343252
15	1.7363514932784778	1.7363514932784778
16	1.857146578672987	1.857146578672987
17	1.9723462804611551	1.9723462804611551
18	2.081093365175356	2.081093365175356
19	2.1923344872327797	2.1923344872327797
20	2.3040603932449555	2.3040603932449555
21	2.4161359495004486	2.4161359495004486
22	2.525213864325509	2.525213864325509
23	2.6375763362937192	2.6375763362937192
24	2.7510582717369694	2.7510582717369694
25	2.864428426031866	2.864428426031866
26	2.9806441741305996	2.9806441741305996
27	3.0951342819374554	3.0951342819374554
28	3.2055782826061607	3.2055782826061607
29	3.312053513028202	3.312053513028202
30	3.4121071273383157	3.4121071273383157
31	3.5108696635127266	3.5108696635127266
32	3.61571552430062	3.61571552430062
33	3.716831718482883	3.716831718482883
34	3.8178512046171926	3.8178512046171926
35	3.9132925721213794	3.9132925721213794
36	4.004744634275198	4.004744634275198
37	4.100015467937261	4.100015467937261
38	4.200964260909799	4.200964260909799
39	4.305896863512594	4.305896863512594
40	4.413598669421096	4.413598669421096
41	4.520614395247745	4.520614395247745
42	4.623191647105349	4.623191647105349
43	4.730081770079877	4.730081770079877
44	4.841459590619248	4.841459590619248
45	4.958030000224917	4.958030000224917
46	5.070347918022685	5.070347918022685
47	5.1777739896520805	5.1777739896520805
48	5.281277044356501	5.281277044356501
49	5.3823977578737265	5.3823977578737265
50	5.48670265258958	5.48670265258958
51	5.596045019051916	5.596045019051916
52	5.704743359282764	5.704743359282764
53	5.81250378688874	5.81250378688874
54	5.9194458488788	5.9194458488788
55	6.023673502391885	6.023673502391885
56	6.127949590642804	6.127949590642804
57	6.235823733477158	6.235823733477158
58	6.339316136890861	6.339316136890861
59	6.441034284107076	6.441034284107076
60	6.538925459974638	6.538925459974638
61	6.636522453302101	6.636522453302101
62	6.73266586620514	6.73266586620514
63	6.834965956650947	6.834965956650947
64	6.937210825089402	6.937210825089402
65	7.0385887814798345	7.0385887814798345
66	7.138961968343381	7.138961968343381
67	7.233023173826564	7.233023173826564
68	7.321635747222388	7.321635747222388
69	7.410141797078866	7.410141797078866
70	7.499858516412381	7.499858516412381
71	7.587843280925997	7.587843280925997
72	7.6746243082512375	7.6746243082512375
73	7.75997481154328	7.75997481154328
74	7.840984749413689	7.840984749413689
75	7.921789122641982	7.921789122641982
76	8.009012514240588	8.009012514240588
77	8.101571874103763	8.101571874103763
78	8.191071231870861	8.191071231870861
79	8.28094001976695	8.28094001976695
80	8.372197178114003	8.372197178114003
81	8.46644273414455	8.46644273414455
82	8.566735489504772	8.566735489504772
83	8.67362489879079	8.67362489879079
84	8.782262641740656	8.782262641740656
85	8.887280586928917	8.887280586928917
86	8.990850405188187	8.990850405188187
87	9.091077703591669	9.091077703591669
88	9.193079700847186	9.193079700847186
89	9.303122069696094	9.303122069696094
90	9.41248832928077	9.41248832928077
91	9.514426815536385	9.514426815536385
92	9.612327976612132	9.612327976612132
93	9.709906143154399	9.709906143154399
94	9.808567432583702	9.808567432583702
95	9.907956417673622	9.907956417673622
96	9.999594811420064	9.999594811420064
97	10.084900013531533	10.084900013531533
98	10.1649249127666	10.1649249127666
99	10.238514508415811	10.238514508415811
100	10.307422981297265	10.307422981297265
101	10.375840390770449	10.375840390770449
102	10.439660282996758	10.439660282996758
103	10.505877498621029	10.505877498621029
104	10.567296756980861	10.567296756980861
105	10.627389222598225	10.627389222598225
106	10.685225593707724	10.685225593707724
107	10.746266813436701	10.746266813436701
108	10.80395998286478	10.80395998286478
109	10.860769083691322	10.860769083691322
110	10.915445846574913	10.915445846574913
111	10.961645818724788	10.961645818724788
112	11.008006919795923	11.008006919795923
113	11.064679442885414	11.064679442885414
114	11.120462428917918	11.120462428917918
115	11.174041496727598	11.174041496727598
116	11.231953260124817	11.231953260124817
117	11.289876754560769	11.289876754560769
118	11.343435520764393	11.343435520764393
119	11.400123524362673	11.400123524362673
120	11.459208997162857	11.459208997162857
121	11.519306972355025	11.519306972355025
122	11.586302444329693	11.586302444329693
123	11.652536922074368	11.652536922074368
124	11.713561483207965	11.713561483207965
125	11.778246072841146	11.778246072841146
126	11.843795407337716	11.843795407337716
127	11.915286825744204	11.915286825744204
128	11.9862713167742	11.9862713167742
129	12.053687363451388	12.053687363451388
130	12.118981921025757	12.118981921025757
131	12.182086821269287	12.182086821269287
132	12.245053215769143	12.245053215769143
133	12.308335271367069	12.308335271367069
134	12.371421077171632	12.371421077171632
135	12.431888723394433	12.431888723394433
136	12.488797180992012	12.488797180992012
137	12.537869162766933	12.537869162766933
138	12.594253763408513	12.594253763408513
139	12.653218310980268	12.653218310980268
140	12.714177734077271	12.714177734077271
141	12.775926235961727	12.775926235961727
142	12.839242983663107	12.839242983663107
143	12.899745255844827	12.899745255844827
144	12.96476095962144	12.96476095962144
145	13.032877414107652	13.032877414107652
146	13.097692587364687	13.097692587364687
147	13.160318880584335	13.160318880584335
148	13.218892927220239	13.218892927220239
149	13.26895977228408	13.26895977228408
150	13.316425338242409	13.316425338242409
151	13.36603637422289	13.36603637422289
152	13.41382074901276	13.41382074901276
153	13.461534888694867	13.461534888694867
154	13.503431469558114	13.503431469558114
155	13.5407664660987	13.5407664660987
156	13.579833671685503	13.579833671685503
157	13.622019038193265	13.622019038193265
158	13.667613775554907	13.667613775554907
159	13.715479997621983	13.715479997621983
160	13.764154032748584	13.764154032748584
161	13.81070085791475	13.81070085791475
162	13.84994641836773	13.84994641836773
163	13.888776887450692	13.888776887450692
164	13.933371094352912	13.933371094352912
165	13.981933641495573	13.981933641495573
166	14.030831514909856	14.030831514909856
167	14.073700880334833	14.073700880334833
168	14.10878617786344	14.10878617786344
169	14.14417022534823	14.14417022534823
170	14.180019126556108	14.180019126556108
171	14.220262364323379	14.220262364323379
172	14.255451344145378	14.255451344145378
173	14.285785121414829	14.285785121414829
174	14.312264942388207	14.312264942388207
175	14.340580882534821	14.340580882534821
176	14.368334343111972	14.368334343111972
177	14.398540025966561	14.398540025966561
178	14.423055389060863	14.423055389060863
179	14.449603744448403	14.449603744448403
180	14.473218724893728	14.473218724893728
181	14.494915621201486	14.494915621201486
182	14.517672413113495	14.517672413113495
183	14.544624869163478	14.544624869163478
184	14.573858113068034	14.573858113068034
185	14.598635757668584	14.598635757668584
186	14.624503862705867	14.624503862705867
187	14.647432813024603	14.647432813024603
188	14.669686914952223	14.669686914952223
189	14.69224911957803	14.69224911957803
190	14.714019606638018	14.714019606638018
191	14.740621006993894	14.740621006993894
192	14.761648788802876	14.761648788802876
193	14.781729294006537	14.781729294006537
194	14.805145911322406	14.805145911322406
195	14.83421401832971	14.83421401832971
196	14.8655484326931	14.8655484326931
197	14.905454881683086	14.905454881683086
198	14.943950556559187	14.943950556559187
199	14.982392581632247	14.982392581632247
200	15.02235093066005	15.02235093066005
201	15.064965334083286	15.064965334083286
202	15.112241678912984	15.112241678912984
203	15.159787565371651	15.159787565371651
204	15.213042310733945	15.213042310733945
205	15.261617967754294	15.261617967754294
206	15.313722891375264	15.313722891375264
207	15.369936991343815	15.369936991343815
208	15.429803945367915	15.429803945367915
209	15.493987791736696	15.493987791736696
210	15.557916410276292	15.557916410276292
211	15.616596476260785	15.616596476260785
212	15.672891970352664	15.672891970352664
213	15.731474931404058	15.731474931404058
214	15.79876980247941	15.79876980247941
215	15.867442003374837	15.867442003374837
216	15.93343174152965	15.93343174152965
217	16.000519756854295	16.000519756854295
218	16.0705284877113	16.0705284877113
219	16.14399355385386	16.14399355385386
220	16.21377740398757	16.21377740398757
221	16.28613434067404	16.28613434067404
222	16.35774392942553	16.35774392942553
223	16.416639322695936	16.416639322695936
224	16.46822453910441	16.46822453910441
225	16.521609342593536	16.521609342593536
226	16.571573439130347	16.571573439130347
227	16.624457801775716	16.624457801775716
228	16.67740952120277	16.67740952120277
229	16.729358354430502	16.729358354430502
230	16.779159603885645	16.779159603885645
231	16.829240931466927	16.829240931466927
232	16.881966376455033	16.881966376455033
233	16.933745660734083	16.933745660734083
234	16.986175717621677	16.986175717621677
235	17.037763178257883	17.037763178257883
236	17.085796474790932	17.085796474790932
237	17.129756229936458	17.129756229936458
238	17.169024190854515	17.169024190854515
239	17.21064011538322	17.21064011538322
240	17.25630676601642	17.25630676601642
241	17.299534759533035	17.299534759533035
242	17.333562799090622	17.333562799090622
243	17.364591570875312	17.364591570875312
244	17.398842121972542	17.398842121972542
245	17.432272762378723	17.432272762378723
246	17.46833866211953	17.46833866211953
247	17.50408989575664	17.50408989575664
248	17.53904781196051	17.53904781196051
249	17.571002848504385	17.571002848504385
250	17.602806231980615	17.602806231980615
251	17.63681506402057	17.63681506402057
252	17.67270886856486	17.67270886856486
253	17.711806834806257	17.711806834806257
254	17.748812616269795	17.748812616269795
255	17.783167244912097	17.783167244912097
256	17.81650642020439	17.81650642020439
257	17.85463795438214	17.85463795438214
258	17.890672835067658	17.890672835067658
259	17.927855368034248	17.927855368034248
260	17.95997391641763	17.95997391641763
261	17.988330358231472	17.988330358231472
262	18.01922028007672	18.01922028007672
263	18.048899155160306	18.048899155160306
264	18.077170135077115	18.077170135077115
265	18.11210839747141	18.11210839747141
266	18.144214289764538	18.144214289764538
267	18.170412362133195	18.170412362133195
268	18.193291822921676	18.193291822921676
269	18.213426938657786	18.213426938657786
270	18.232206908962	18.232206908962
271	18.256967706722904	18.256967706722904
272	18.278461185241113	18.278461185241113
273	18.295331717899526	18.295331717899526
274	18.30775379394951	18.30775379394951
275	18.320701757367793	18.320701757367793
276	18.336340012272853	18.336340012272853
277	18.36232991444771	18.36232991444771
278	18.389999612988987	18.389999612988987
279	18.41517804335469	18.41517804335469
280	18.438510646342998	18.438510646342998
281	18.46399136726922	18.46399136726922
282	18.49022560502788	18.49022560502788
283	18.51561490133092	18.51561490133092
284	18.54519299920907	18.54519299920907
285	18.579999101629213	18.579999101629213
286	18.61597726398697	18.61597726398697
287	18.644434505749015	18.644434505749015
288	18.672405054770998	18.672405054770998
289	18.69695070205327	18.69695070205327
290	18.725368165995295	18.725368165995295
291	18.75176134819694	18.75176134819694
292	18.774886291174457	18.774886291174457
293	18.797012426132326	18.797012426132326
294	18.814735707148138	18.814735707148138
295	18.839023857689796	18.839023857689796
296	18.863851275994435	18.863851275994435
297	18.894693383049077	18.894693383049077
298	18.91829072066134	18.91829072066134
299	18.934530285022625	18.934530285022625
300	18.948828636629703	18.948828636629703
301	18.965979822707464	18.965979822707464
302	18.989766987826165	18.989766987826165
303	19.02069740402025	19.02069740402025
304	19.045969639838468	19.045969639838468
305	19.069708742323225	19.069708742323225
306	19.091743962233608	19.091743962233608
307	19.113559694230513	19.113559694230513
308	19.13883031938626	19.13883031938626
309	19.162694503800164	19.162694503800164
310	19.189755652888223	19.189755652888223
311	19.214991933988383	19.214991933988383
312	19.235875765104133	19.235875765104133
313	19.256983552965682	19.256983552965682
314	19.2793609282977	19.2793609282977
315	19.306303428063448	19.306303428063448
316	19.335801621121178	19.335801621121178
317	19.3708005392808	19.3708005392808
318	19.40601089260192	19.40601089260192
319	19.445581021041836	19.445581021041836
320	19.490630385990293	19.490630385990293
321	19.540796221649405	19.540796221649405
322	19.590988122263546	19.590988122263546
323	19.634376119896217	19.634376119896217
324	19.674508204384814	19.674508204384814
325	19.71096226914819	19.71096226914819
326	19.744741693066416	19.744741693066416
327	19.774894686940492	19.774894686940492
328	19.81099764023926	19.81099764023926
329	19.839265456190418	19.839265456190418
330	19.86867259470907	19.86867259470907
331	19.896258587286166	19.896258587286166
332	19.92565868781998	19.92565868781998
333	19.95552848369376	19.95552848369376
334	19.988674486189375	19.988674486189375
335	20.019002087418542	20.019002087418542
336	20.045598852639916	20.045598852639916
337	20.07139306036598	20.07139306036598
338	20.096075264347164	20.096075264347164
339	20.12797437771475	20.12797437771475
340	20.167982916833214	20.167982916833214
341	20.210461490513595	20.210461490513595
342	20.247942780684507	20.247942780684507
343	20.28178506326776	20.28178506326776
344	20.31129432624526	20.31129432624526
345	20.33637435454554	20.33637435454554
346	20.362911226599024	20.362911226599024
347	20.39079020796676	20.39079020796676
348	20.41640584704261	20.41640584704261
349	20.432707979080384	20.432707979080384
350	20.450941527260717	20.450941527260717
351	20.469372482464394	20.469372482464394
352	20.482242448708877	20.482242448708877
353	20.497355305781376	20.497355305781376
354	20.508984546716967	20.508984546716967
355	20.522614851705633	20.522614851705633
356	20.532726663910132	20.532726663910132
357	20.544450841986464	20.544450841986464
358	20.555548352818562	20.555548352818562
359	20.569286216186008	20.569286216186008
360	20.577702277392838	20.577702277392838
361	20.585290884320553	20.585290884320553
362	20.589000387214664	20.589000387214664
363	20.58933060360445	20.58933060360445
364	20.585281605075792	20.585281605075792
365	20.586946570887726	20.586946570887726
366	20.592979465984982	20.592979465984982
367	20.600961375184394	20.600961375184394
368	20.60415926310623	20.60415926310623
369	20.60905858913041	20.60905858913041
370	20.62569906042483	20.62569906042483
371	20.649850667705984	20.649850667705984
372	20.676361601789083	20.676361601789083
373	20.701814317686797	20.701814317686797
374	20.72867874128367	20.72867874128367
375	20.75618990617442	20.75618990617442
376	20.787546058460272	20.787546058460272
377	20.823760094243806	20.823760094243806
378	20.86632254288952	20.86632254288952
379	20.90510173766685	20.90510173766685
380	20.941573549527952	20.941573549527952
381	20.98191858185949	20.98191858185949
382	21.023687715906313	21.023687715906313
383	21.069644769292054	21.069644769292054
384	21.115989439081524	21.115989439081524
385	21.16138086662786	21.16138086662786
386	21.206753055943455	21.206753055943455
387	21.25245943892408	21.25245943892408
388	21.30058347032888	21.30058347032888
389	21.34991755938332	21.34991755938332
390	21.401014665453133	21.401014665453133
391	21.455958628535534	21.455958628535534
392	21.515871171497565	21.515871171497565
393	21.570948551232547	21.570948551232547
394	21.629293118103742	21.629293118103742
395	21.691039698961085	21.691039698961085
396	21.75700547261087	21.75700547261087
397	21.827053599055706	21.827053599055706
398	21.889972494179048	21.889972494179048
399	21.957250543834775	21.957250543834775
400	22.025068626142293	22.025068626142293
401	22.08757435295876	22.08757435295876
402	22.141390755124768	22.141390755124768
403	22.196742622029113	22.196742622029113
404	22.25588526074124	22.25588526074124
405	22.317220754582657	22.317220754582657
406	22.384077557977605	22.384077557977605
407	22.45477564110731	22.45477564110731
408	22.52635992755033	22.52635992755033
409	22.599022421651185	22.599022421651185
410	22.665882716788687	22.665882716788687
411	22.726176491084352	22.726176491084352
412	22.78816407392857	22.78816407392857
413	22.84221954001334	22.84221954001334
414	22.89828572563247	22.89828572563247
415	22.959569208752143	22.959569208752143
416	23.020273582437717	23.020273582437717
417	23.080613872839095	23.080613872839095
418	23.13507232077408	23.13507232077408
419	23.192027252655727	23.192027252655727
420	23.247887267032397	23.247887267032397
421	23.30273217633126	23.30273217633126
422	23.36417356375305	23.36417356375305
423	23.427919408245586	23.427919408245586
424	23.484299717574274	23.484299717574274
425	23.539724143560427	23.539724143560427
426	23.592077216804917	23.592077216804917
427	23.64765964930715	23.64765964930715
428	23.705717124563947	23.705717124563947
429	23.764256118372444	23.764256118372444
430	23.82325724058117	23.82325724058117
431	23.875547835184996	23.875547835184996
432	23.918157918774973	23.918157918774973
433	23.95794861044173	23.95794861044173
434	23.999705810871287	23.999705810871287
435	24.046803793869806	24.046803793869806
436	24.095612435225547	24.095612435225547
437	24.13632812143807	24.13632812143807
438	24.17122217015274	24.17122217015274
439	24.208959803439853	24.208959803439853
440	24.250231128227696	24.250231128227696
441	24.29101097016393	24.29101097016393
442	24.331732975511102	24.331732975511102
443	24.375772897241994	24.375772897241994
444	24.4130196772552	24.4130196772552
445	24.446510904101718	24.446510904101718
446	24.481772365392516	24.481772365392516
447	24.517621525940676	24.517621525940676
448	24.557002718127386	24.557002718127386
449	24.59471102384407	24.59471102384407
450	24.62876961477607	24.62876961477607
451	24.663115386835074	24.663115386835074
452	24.698408044440328	24.698408044440328
453	24.741357657757554	24.741357657757554
454	24.785978813172633	24.785978813172633
455	24.82530696171336	24.82530696171336
456	24.8596896744396	24.8596896744396
457	24.89492204274987	24.89492204274987
458	24.931066049424075	24.931066049424075
459	24.98222017914047	24.98222017914047
460	25.042218085738483	25.042218085738483
461	25.10368096109005	25.10368096109005
462	25.15998753353153	25.15998753353153
463	25.214171899011212	25.214171899011212
464	25.26982375239095	25.26982375239095
465	25.330614695845014	25.330614695845014
466	25.39312023943358	25.39312023943358
467	25.459959315305593	25.459959315305593
468	25.523577581174784	25.523577581174784
469	25.581865771025416	25.581865771025416
470	25.643775116607667	25.643775116607667
471	25.707538248258317	25.707538248258317
472	25.78263939957249	25.78263939957249
473	25.86373298434107	25.86373298434107
474	25.94630097044066	25.94630097044066
475	26.026842684037042	26.026842684037042
476	26.105055214276362	26.105055214276362
477	26.18418069773741	26.18418069773741
478	26.266000694908406	26.266000694908406
479	26.35028045791119	26.35028045791119
480	26.434599561893236	26.434599561893236
481	26.515341134662	26.515341134662
482	26.591605307678442	26.591605307678442
483	26.667259275840053	26.667259275840053
484	26.740592113363622	26.740592113363622
485	26.82138819884866	26.82138819884866
486	26.898006133356603	26.898006133356603
487	26.979856790010558	26.979856790010558
488	27.065792104352308	27.065792104352308
489	27.152552571311013	27.152552571311013
490	27.23723384184767	27.23723384184767
491	27.320291951793013	27.320291951793013
492	27.403913907188134	27.403913907188134
493	27.484462144713923	27.484462144713923
494	27.55901757123368	27.55901757123368
495	27.636356602028112	27.636356602028112
496	27.721742104909204	27.721742104909204
497	27.80506762691917	27.80506762691917
498	27.892729290718044	27.892729290718044
499	27.977668963994795	27.977668963994795
500	28.062018492661974	28.062018492661974
501	28.145955018520453	28.145955018520453
502	28.231420814480884	28.231420814480884
503	28.323171028210325	28.323171028210325
504	28.41596748061741	28.41596748061741
505	28.501317064577044	28.501317064577044
506	28.586819281319684	28.586819281319684
507	28.669799910519018	28.669799910519018
508	28.755275093006453	28.755275093006453
509	28.843851351428576	28.843851351428576
510	28.933734581571997	28.933734581571997
511	29.02963082621865	29.02963082621865
512	29.121589605197975	29.121589605197975
513	29.211309761429753	29.211309761429753
514	29.305649546032576	29.305649546032576
515	29.402878189352457	29.402878189352457
516	29.503549875507233	29.503549875507233
517	29.602029978539257	29.602029978539257
518	29.69896100270036	29.69896100270036
519	29.79004667026468	29.79004667026468
520	29.88021621924071	29.88021621924071
521	29.976114452836065	29.976114452836065
522	30.075404514719864	30.075404514719864
523	30.182586298280818	30.182586298280818
524	30.29129729816524	30.29129729816524
525	30.397213487103663	30.397213487103663
526	30.50257600874849	30.50257600874849
527	30.615355459463196	30.615355459463196
528	30.730327903486568	30.730327903486568
529	30.84794643406436	30.84794643406436
530	30.96505794495455	30.96505794495455
531	31.076276267614688	31.076276267614688
532	31.184160230202224	31.184160230202224
533	31.288419550221967	31.288419550221967
534	31.396083433612645	31.396083433612645
535	31.5031886221985	31.5031886221985
536	31.6161853704762	31.6161853704762
537	31.728454435791434	31.728454435791434
538	31.841200265851096	31.841200265851096
539	31.95121776038254	31.95121776038254
540	32.05663397838476	32.05663397838476
541	32.16760098102117	32.16760098102117
542	32.27502691193136	32.27502691193136
543	32.38346782492647	32.38346782492647
544	32.48590976684396	32.48590976684396
545	32.58678806782526	32.58678806782526
546	32.689607744281865	32.689607744281865
547	32.79770554994688	32.79770554994688
548	32.90557724441124	32.90557724441124
549	33.01150243267387	33.01150243267387
550	33.121960941535114	33.121960941535114
551	33.23230726324392	33.23230726324392
552	33.34504717070796	33.34504717070796
553	33.45875151227491	33.45875151227491
554	33.57226361193183	33.57226361193183
555	33.684228456183234	33.684228456183234
556	33.801961946627095	33.801961946627095
557	33.92056443284366	33.92056443284366
558	34.033803941435025	34.033803941435025
559	34.152833222998105	34.152833222998105
560	34.27618168774453	34.27618168774453
561	34.399517217826656	34.399517217826656
562	34.511907945656304	34.511907945656304
563	34.622760170322096	34.622760170322096
564	34.73515099513726	34.73515099513726
565	34.84724488357994	34.84724488357994
566	34.959652003781144	34.959652003781144
567	35.07299965507458	35.07299965507458
568	35.18216978297728	35.18216978297728
569	35.288539833409494	35.288539833409494
570	35.39854987879768	35.39854987879768
571	35.512389296230836	35.512389296230836
572	35.63342046000996	35.63342046000996
573	35.756740425748646	35.756740425748646
574	35.88387838628215	35.88387838628215
575	36.00828947162831	36.00828947162831
576	36.133940339286674	36.133940339286674
577	36.26735975418759	36.26735975418759
578	36.402157073756264	36.402157073756264
579	36.53775055569196	36.53775055569196
580	36.66691828204818	36.66691828204818
581	36.801105125425934	36.801105125425934
582	36.93856732578594	36.93856732578594
583	37.0814596820263	37.0814596820263
584	37.22461356924973	37.22461356924973
585	37.374455796055564	37.374455796055564
586	37.5272720738474	37.5272720738474
587	37.680018154773805	37.680018154773805
588	37.831350010460255	37.831350010460255
589	37.98331080029112	37.98331080029112
590	38.133923343805385	38.133923343805385
591	38.28913971563307	38.28913971563307
592	38.44841139920716	38.44841139920716
593	38.606487089970834	38.606487089970834
594	38.76434449938186	38.76434449938186
595	38.919101512044705	38.919101512044705
596	39.06650551750114	39.06650551750114
597	39.21451912050942	39.21451912050942
598	39.36376172333449	39.36376172333449
599	39.51037114903717	39.51037114903717
600	39.65345493141368	39.65345493141368
601	39.79050181393124	39.79050181393124
602	39.930575449684625	39.930575449684625
603	40.07776201463641	40.07776201463641
604	40.229283891983556	40.229283891983556
605	40.376503369217495	40.376503369217495
606	40.51896813324636	40.51896813324636
607	40.65628237267468	40.65628237267468
608	40.791472420060394	40.791472420060394
609	40.933324041271916	40.933324041271916
610	41.07397150579264	41.07397150579264
611	41.21430509486368	41.21430509486368
612	41.356990965593845	41.356990965593845
613	41.49770684308746	41.49770684308746
614	41.639513718404224	41.639513718404224
615	41.788443317985454	41.788443317985454
616	41.94019572164983	41.94019572164983
617	42.094161046565155	42.094161046565155
618	42.23721932940492	42.23721932940492
619	42.37553074979765	42.37553074979765
620	42.50647026697976	42.50647026697976
621	42.636255572743046	42.636255572743046
622	42.77216315765099	42.77216315765099
623	42.913443925676575	42.913443925676575
624	43.057230288712496	43.057230288712496
625	43.205425440668506	43.205425440668506
626	43.35055304562711	43.35055304562711
627	43.49755529251252	43.49755529251252
628	43.643104482732504	43.643104482732504
629	43.79254198604202	43.79254198604202
630	43.94198359137524	43.94198359137524
631	44.08380915151642	44.08380915151642
632	44.2256224829521	44.2256224829521
633	44.35673611228828	44.35673611228828
634	44.486772952289726	44.486772952289726
635	44.62438168954517	44.62438168954517
636	44.76519246172053	44.76519246172053
637	44.90015476039881	44.90015476039881
638	45.03399126001928	45.03399126001928
639	45.16272236361854	45.16272236361854
640	45.28815772981166	45.28815772981166
641	45.414956580751635	45.414956580751635
642	45.54344832398169	45.54344832398169
643	45.667360482774555	45.667360482774555
644	45.78169301662769	45.78169301662769
645	45.89465733144753	45.89465733144753
646	46.00534852892716	46.00534852892716
647	46.11083943901876	46.11083943901876
648	46.21030662180531	46.21030662180531
649	46.306508832895815	46.306508832895815
650	46.39446713848681	46.39446713848681
651	46.47796954942142	46.47796954942142
652	46.55868552416828	46.55868552416828
653	46.64375842663327	46.64375842663327
654	46.73533542146676	46.73533542146676
655	46.82678929449945	46.82678929449945
656	46.91533367420003	46.91533367420003
657	47.00322651044773	47.00322651044773
658	47.09251757927887	47.09251757927887
659	47.193573649793024	47.193573649793024
660	47.29355661639411	47.29355661639411
661	47.38576650631356	47.38576650631356
662	47.47594743923022	47.47594743923022
663	47.56684706608489	47.56684706608489
664	47.65813041872016	47.65813041872016
665	47.75296126173505	47.75296126173505
666	47.848580718217335	47.848580718217335
667	47.951397060812184	47.951397060812184
668	48.061359382289744	48.061359382289744
669	48.17682695785146	48.17682695785146
670	48.299676161325586	48.299676161325586
671	48.423121345965555	48.423121345965555
672	48.546952115448185	48.546952115448185
673	48.67593774236583	48.67593774236583
674	48.80601250358315	48.80601250358315
675	48.93237863242222	48.93237863242222
676	49.05172809845465	49.05172809845465
677	49.171772244630176	49.171772244630176
678	49.2972284550782	49.2972284550782
679	49.42062563324538	49.42062563324538
680	49.54184579707246	49.54184579707246
681	49.65888908483286	49.65888908483286
682	49.76831719891685	49.76831719891685
683	49.87212752143628	49.87212752143628
684	49.979234021726626	49.979234021726626
685	50.091788420402125	50.091788420402125
686	50.213180889574154	50.213180889574154
687	50.32570896151499	50.32570896151499
688	50.434325191288906	50.434325191288906
689	50.53852447549296	50.53852447549296
690	50.65081237631427	50.65081237631427
691	50.7678405859202	50.7678405859202
692	50.87828209747076	50.87828209747076
693	50.98546541026395	50.98546541026395
694	51.08138306721422	51.08138306721422
695	51.18364290296104	51.18364290296104
696	51.29862292024795	51.29862292024795
697	51.41672819459123	51.41672819459123
698	51.526933220121634	51.526933220121634
699	51.63593198584138	51.63593198584138
700	51.742495802711	51.742495802711
701	51.85132275628287	51.85132275628287
702	51.95718808299509	51.95718808299509
703	52.06688673051542	52.06688673051542
704	52.17722777207165	52.17722777207165
705	52.281176803233485	52.281176803233485
706	52.387344316706944	52.387344316706944
707	52.49587385802957	52.49587385802957
708	52.60932298612559	52.60932298612559
709	52.72364326802117	52.72364326802117
710	52.84217184450476	52.84217184450476
711	52.96120758689935	52.96120758689935
712	53.0765475677548	53.0765475677548
713	53.18876186258761	53.18876186258761
714	53.30215530047394	53.30215530047394
715	53.42821253245792	53.42821253245792
716	53.55033302729444	53.55033302729444
717	53.67022975408346	53.67022975408346
718	53.786678899935374	53.786678899935374
719	53.904788837561924	53.904788837561924
720	54.01051514450852	54.01051514450852
721	54.117369555567755	54.117369555567755
722	54.21287182582384	54.21287182582384
723	54.308655636721625	54.308655636721625
724	54.4120491950809	54.4120491950809
725	54.51415046450373	54.51415046450373
726	54.615468220857224	54.615468220857224
727	54.707593842239035	54.707593842239035
728	54.80159154450523	54.80159154450523
729	54.89170902209463	54.89170902209463
730	54.981711601329806	54.981711601329806
731	55.05987387875179	55.05987387875179
732	55.134122411998064	55.134122411998064
733	55.21100862327752	55.21100862327752
734	55.279794024727494	55.279794024727494
735	55.35309099740486	55.35309099740486
736	55.41117245832946	55.41117245832946
737	55.47382161710142	55.47382161710142
738	55.53333911418278	55.53333911418278
739	55.594675532121144	55.594675532121144
740	55.6581807626207	55.6581807626207
741	55.729889104883725	55.729889104883725
742	55.799448230430755	55.799448230430755
743	55.876919285548325	55.876919285548325
744	55.95733970419254	55.95733970419254
745	56.04140772953135	56.04140772953135
746	56.136030295981044	56.136030295981044
747	56.22785267971848	56.22785267971848
748	56.32001264304107	56.32001264304107
749	56.413111142130646	56.413111142130646
750	56.5098041545871	56.5098041545871
751	56.602693339363015	56.602693339363015
752	56.69873379450581	56.69873379450581
753	56.7914408918259	56.7914408918259
754	56.894452245139945	56.894452245139945
755	56.999994038205806	56.999994038205806
756	57.10377090311104	57.10377090311104
757	57.206043267821826	57.206043267821826
758	57.30699327967818	57.30699327967818
759	57.40491431144761	57.40491431144761
760	57.50440688211643	57.50440688211643
761	57.613363407808855	57.613363407808855
762	57.72215015097635	57.72215015097635
763	57.8333397967577	57.8333397967577
764	57.94091267337441	57.94091267337441
765	58.04740151440943	58.04740151440943
766	58.15631568534522	58.15631568534522
767	58.275223606318306	58.275223606318306
768	58.393149284015664	58.393149284015664
769	58.51959717361268	58.51959717361268
770	58.638016690581956	58.638016690581956
771	58.75777503795478	58.75777503795478
772	58.879110872691484	58.879110872691484
773	59.00905065542286	59.00905065542286
774	59.15157134972683	59.15157134972683
775	59.29218136007144	59.29218136007144
776	59.44094689053144	59.44094689053144
777	59.58580435128978	59.58580435128978
778	59.72661656194586	59.72661656194586
779	59.87297688502984	59.87297688502984
780	60.02129124868307	60.02129124868307
781	60.17283149082378	60.17283149082378
782	60.32123359036402	60.32123359036402
783	60.470509875379754	60.470509875379754
784	60.621492477354465	60.621492477354465
785	60.7726499733286	60.7726499733286
786	60.929874755126875	60.929874755126875
787	61.08961537503342	61.08961537503342
788	61.248553599346636	61.248553599346636
789	61.403912067446065	61.403912067446065
790	61.56073788317538	61.56073788317538
791	61.712523174633866	61.712523174633866
792	61.86527062778204	61.86527062778204
793	62.022790179108185	62.022790179108185
794	62.18495892322119	62.18495892322119
795	62.3470099705686	62.3470099705686
796	62.50907513685682	62.50907513685682
797	62.673586105899744	62.673586105899744
798	62.842258547491056	62.842258547491056
799	63.018302021935305	63.018302021935305
800	63.19467030626455	63.19467030626455
801	63.36569057441345	63.36569057441345
802	63.53238602019989	63.53238602019989
803	63.69985553662824	63.69985553662824
804	63.86486241862475	63.86486241862475
805	64.03659621544443	64.03659621544443
806	64.20453997888413	64.20453997888413
807	64.36788169558369	64.36788169558369
808	64.52934620121448	64.52934620121448
809	64.68176538254824	64.68176538254824
810	64.83633955547677	64.83633955547677
811	64.99061590482373	64.99061590482373
812	65.14901391167996	65.14901391167996
813	65.30334106668973	65.30334106668973
814	65.45157696025228	65.45157696025228
815	65.59589679901454	65.59589679901454
816	65.74006960435736	65.74006960435736
817	65.89237446419945	65.89237446419945
818	66.0433361218273	66.0433361218273
819	66.1966299330663	66.1966299330663
820	66.34925830083354	66.34925830083354
821	66.5003921953178	66.5003921953178
822	66.6547603129754	66.6547603129754
823	66.82220217120616	66.82220217120616
824	66.9933028395458	66.9933028395458
825	67.16959624938785	67.16959624938785
826	67.34259715779231	67.34259715779231
827	67.51284744147341	67.51284744147341
828	67.68279284591713	67.68279284591713
829	67.86155852647538	67.86155852647538
830	68.04113645209002	68.04113645209002
831	68.2124272434794	68.2124272434794
832	68.3824501776132	68.3824501776132
833	68.55955445142924	68.55955445142924
834	68.7363543370613	68.7363543370613
835	68.9217103474188	68.9217103474188
836	69.10512549701046	69.10512549701046
837	69.29282635057962	69.29282635057962
838	69.4822280287566	69.4822280287566
839	69.67212198857804	69.67212198857804
840	69.86102147745282	69.86102147745282
841	70.05105690085284	70.05105690085284
842	70.2418265843688	70.2418265843688
843	70.42574332049116	70.42574332049116
844	70.60857942773245	70.60857942773245
845	70.7832707579756	70.7832707579756
846	70.94713189200795	70.94713189200795
847	71.1020326699763	71.1020326699763
848	71.25490988756093	71.25490988756093
849	71.4057196715735	71.4057196715735
850	71.55332588270693	71.55332588270693
851	71.6882265249115	71.6882265249115
852	71.81827618191038	71.81827618191038
853	71.95109823800502	71.95109823800502
854	72.09218932431835	72.09218932431835
855	72.23327568373986	72.23327568373986
856	72.38025204374678	72.38025204374678
857	72.51709476083005	72.51709476083005
858	72.65409711277523	72.65409711277523
859	72.78493140027608	72.78493140027608
860	72.91784856925928	72.91784856925928
861	73.05959302324635	73.05959302324635
862	73.20122365941764	73.20122365941764
863	73.34677548222982	73.34677548222982
864	73.49482436308546	73.49482436308546
865	73.65284616297826	73.65284616297826
866	73.8137673294	73.8137673294
867	73.9768435391119	73.9768435391119
868	74.1392440315731	74.1392440315731
869	74.29978658229766	74.29978658229766
870	74.45529787706437	74.45529787706437
871	74.61767288325368	74.61767288325368
872	74.77453775262305	74.77453775262305
873	74.93222574215001	74.93222574215001
874	75.0838694144166	75.0838694144166
875	75.24295478701399	75.24295478701399
876	75.40055116805149	75.40055116805149
877	75.56488989654898	75.56488989654898
878	75.73432763855256	75.73432763855256
879	75.90358361727256	75.90358361727256
880	76.06641354147314	76.06641354147314
881	76.22864192975035	76.22864192975035
882	76.38228910569964	76.38228910569964
883	76.52806937648471	76.52806937648471
884	76.67186225291735	76.67186225291735
885	76.81891398703405	76.81891398703405
886	76.9633480463129	76.9633480463129
887	77.10902478954753	77.10902478954753
888	77.24538870492981	77.24538870492981
889	77.3846534635715	77.3846534635715
890	77.51617224241474	77.51617224241474
891	77.65318266126312	77.65318266126312
892	77.79269571199511	77.79269571199511
893	77.93242640368473	77.93242640368473
894	78.05929509673106	78.05929509673106
895	78.18766808895627	78.18766808895627
896	78.30798459655767	78.30798459655767
897	78.43162272523122	78.43162272523122
898	78.57844660990345	78.57844660990345
899	78.72677553357474	78.72677553357474
900	78.87550684379171	78.87550684379171
901	79.01134958160809	79.01134958160809
902	79.15532850523303	79.15532850523303
903	79.28152301408102	79.28152301408102
904	79.41384397390425	79.41384397390425
905	79.54297137605042	79.54297137605042
906	79.68502928104635	79.68502928104635
907	79.8273609918273	79.8273609918273
908	79.96709219067901	79.96709219067901
909	80.11004813873143	80.11004813873143
910	80.24667723412932	80.24667723412932
911	80.3834795100044	80.3834795100044
912	80.5189164925162	80.5189164925162
913	80.65047542072597	80.65047542072597
914	80.77655791092567	80.77655791092567
915	80.90210081120807	80.90210081120807
916	81.02455669000358	81.02455669000358
917	81.14948392971851	81.14948392971851
918	81.26822645367433	81.26822645367433
919	81.38911604919866	81.38911604919866
920	81.51487418464319	81.51487418464319
921	81.63486229014875	81.63486229014875
922	81.74271026151636	81.74271026151636
923	81.8485013275798	81.8485013275798
924	81.96217928686437	81.96217928686437
925	82.07630041161107	82.07630041161107
926	82.19820927747443	82.19820927747443
927	82.32081289880355	82.32081289880355
928	82.44124832591461	82.44124832591461
929	82.5568652197044	82.5568652197044
930	82.67309325185431	82.67309325185431
931	82.79214064154125	82.79214064154125
932	82.90692343656849	82.90692343656849
933	83.01628186076246	83.01628186076246
934	83.12742597902732	83.12742597902732
935	83.23316318804004	83.23316318804004
936	83.33157841663807	83.33157841663807
937	83.43870009057895	83.43870009057895
938	83.54582860387612	83.54582860387612
939	83.6507252853447	83.6507252853447
940	83.75534864195927	83.75534864195927
941	83.86856322652943	83.86856322652943
942	83.98998425275124	83.98998425275124
943	84.11280975458517	84.11280975458517
944	84.23451648481348	84.23451648481348
945	84.3626050614199	84.3626050614199
946	84.49095646529389	84.49095646529389
947	84.61979449131213	84.61979449131213
948	84.74964742629433	84.74964742629433
949	84.87423989257445	84.87423989257445
950	85.00192380711187	85.00192380711187
951	85.14255062023489	85.14255062023489
952	85.2866616123936	85.2866616123936
953	85.42815253536838	85.42815253536838
954	85.57558653691878	85.57558653691878
955	85.72247195887103	85.72247195887103
956	85.86914819521095	85.86914819521095
957	86.0085482874365	86.0085482874365
958	86.15352999274893	86.15352999274893
959	86.30439736006235	86.30439736006235
960	86.45115822284224	86.45115822284224
961	86.59899545903635	86.59899545903635
962	86.75401399304937	86.75401399304937
963	86.91732597753528	86.91732597753528
964	87.07662786133585	87.07662786133585
965	87.23220187099996	87.23220187099996
966	87.38598674450495	87.38598674450495
967	87.53989470384043	87.53989470384043
968	87.69514993167387	87.69514993167387
969	87.84075126650697	87.84075126650697
970	87.9836496982833	87.9836496982833
971	88.1137258526553	88.1137258526553
972	88.2404092946602	88.2404092946602
973	88.37123575891911	88.37123575891911
974	88.50841539515037	88.50841539515037
975	88.65689834726987	88.65689834726987
976	88.80019056404421	88.80019056404421
977	88.93332663895023	88.93332663895023
978	89.06841827848936	89.06841827848936
979	89.20725917198065	89.20725917198065
980	89.35365977605903	89.35365977605903
981	89.51225669392036	89.51225669392036
982	89.67980557949929	89.67980557949929
983	89.84253325115712	89.84253325115712
984	90.01240092565462	90.01240092565462
985	90.17823813784179	90.17823813784179
986	90.33553740135868	90.33553740135868
987	90.50080669297566	90.50080669297566
988	90.66368334069803	90.66368334069803
989	90.83228133305909	90.83228133305909
990	90.99497618618582	90.99497618618582
991	91.15253043745233	91.15253043745233
992	91.30547637469593	91.30547637469593
993	91.46363208037737	91.46363208037737
994	91.62045294986699	91.62045294986699
995	91.77699952682529	91.77699952682529
996	91.91738320356751	91.91738320356751
997	92.05863796803365	92.05863796803365
998	92.196424980844	92.196424980844
999	92.34335298292213	92.34335298292213
1000	92.49136169361616	92.49136169361616
1001	92.63988676915798	92.63988676915798
1002	92.79303689155628	92.79303689155628
1003	92.94034251308062	92.94034251308062
1004	93.09494828750887	93.09494828750887
1005	93.24953674971732	93.24953674971732
1006	93.40591659276939	93.40591659276939
1007	93.54810062004671	93.54810062004671
1008	93.68606500875757	93.68606500875757
1009	93.8207453143413	93.8207453143413
1010	93.95745746447795	93.95745746447795
1011	94.09336323291042	94.09336323291042
1012	94.22289741705498	94.22289741705498
1013	94.36183877598002	94.36183877598002
1014	94.49508319540945	94.49508319540945
1015	94.62758064236377	94.62758064236377
1016	94.76490775389456	94.76490775389456
1017	94.90728914990669	94.90728914990669
1018	95.05399360845303	95.05399360845303
1019	95.19747171883327	95.19747171883327
1020	95.33847912845116	95.33847912845116
1021	95.4719188294038	95.4719188294038
1022	95.59968174736028	95.59968174736028
1023	95.71783617029304	95.71783617029304
1024	95.84576359255942	95.84576359255942
1025	95.9712825853613	95.9712825853613
1026	96.09571609685393	96.09571609685393
1027	96.22289710140072	96.22289710140072
1028	96.35327265720021	96.35327265720021
1029	96.47575111848322	96.47575111848322
1030	96.60045139585347	96.60045139585347
1031	96.72515212731587	96.72515212731587
1032	96.84690204818116	96.84690204818116
1033	96.98290605112928	96.98290605112928
1034	97.12487048900252	97.12487048900252
1035	97.28047001872176	97.28047001872176
1036	97.42822191998557	97.42822191998557
1037	97.5775978206904	97.5775978206904
1038	97.72511584311093	97.72511584311093
1039	97.87291396722893	97.87291396722893
1040	98.02513292547067	98.02513292547067
1041	98.17630249315891	98.17630249315891
1042	98.33214430048926	98.33214430048926
1043	98.49175703765934	98.49175703765934
1044	98.63452405066207	98.63452405066207
1045	98.77301833950865	98.77301833950865
1046	98.90898201891277	98.90898201891277
1047	99.04592146384421	99.04592146384421
1048	99.18059478060167	99.18059478060167
1049	99.30225467714837	99.30225467714837
1050	99.43398483625586	99.43398483625586
1051	99.57219972235312	99.57219972235312
1052	99.70448585095528	99.70448585095528
1053	99.85037126738007	99.85037126738007
1054	99.98719340436554	99.98719340436554
1055	100.12663611634603	100.12663611634603
1056	100.268585798549	100.268585798549
1057	100.40839661719816	100.40839661719816
1058	100.54560344564182	100.54560344564182
1059	100.67656819306364	100.67656819306364
1060	100.81085466117692	100.81085466117692
1061	100.95013138378121	100.95013138378121
1062	101.09626603545121	101.09626603545121
1063	101.24442445435477	101.24442445435477
1064	101.39829468228697	101.39829468228697
1065	101.54812661189156	101.54812661189156
1066	101.70010474386049	101.70010474386049
1067	101.85684353188012	101.85684353188012
1068	102.02543668690114	102.02543668690114
1069	102.2011514984858	102.2011514984858
1070	102.37522566260986	102.37522566260986
1071	102.54564654905829	102.54564654905829
1072	102.70611701934948	102.70611701934948
1073	102.8668428369886	102.8668428369886
1074	103.02123793428049	103.02123793428049
1075	103.19082626624878	103.19082626624878
1076	103.37548963428368	103.37548963428368
1077	103.5720137138217	103.5720137138217
1078	103.76834815212995	103.76834815212995
1079	103.96166221137025	103.96166221137025
1080	104.1529293838611	104.1529293838611
1081	104.34549524568212	104.34549524568212
1082	104.53287369793193	104.53287369793193
1083	104.72208323333744	104.72208323333744
1084	104.90558650456008	104.90558650456008
1085	105.07710638781872	105.07710638781872
1086	105.23763126860524	105.23763126860524
1087	105.40235723399663	105.40235723399663
1088	105.56201666777397	105.56201666777397
1089	105.71808520222535	105.71808520222535
1090	105.86816788488892	105.86816788488892
1091	106.01889214481002	106.01889214481002
1092	106.17544061436755	106.17544061436755
1093	106.3317801944616	106.3317801944616
1094	106.49504374295157	106.49504374295157
1095	106.65164112900723	106.65164112900723
1096	106.79635796739677	106.79635796739677
1097	106.92254737135757	106.92254737135757
1098	107.04061642076485	107.04061642076485
1099	107.16408008488943	107.16408008488943
1100	107.28541625141165	107.28541625141165
1101	107.40812607129286	107.40812607129286
1102	107.52015016349604	107.52015016349604
1103	107.629507707762	107.629507707762
1104	107.7307446840965	107.7307446840965
1105	107.83955898717883	107.83955898717883
1106	107.95047131208473	107.95047131208473
1107	108.05091356674487	108.05091356674487
1108	108.1492525069484	108.1492525069484
1109	108.26504516233521	108.26504516233521
1110	108.37188831354064	108.37188831354064
1111	108.48013456073558	108.48013456073558
1112	108.59799937645776	108.59799937645776
1113	108.71253465636526	108.71253465636526
1114	108.82792122205987	108.82792122205987
1115	108.9555849588128	108.9555849588128
1116	109.08182949712753	109.08182949712753
1117	109.20460114713778	109.20460114713778
1118	109.3289155926643	109.3289155926643
1119	109.45223834245816	109.45223834245816
1120	109.58577367078838	109.58577367078838
1121	109.71727905647865	109.71727905647865
1122	109.84357900075139	109.84357900075139
1123	109.98485589033794	109.98485589033794
1124	110.12583975522739	110.12583975522739
1125	110.26852351078736	110.26852351078736
1126	110.4118329683539	110.4118329683539
1127	110.53607939696863	110.53607939696863
1128	110.6569428674936	110.6569428674936
1129	110.7952254336829	110.7952254336829
1130	110.94266593137849	110.94266593137849
1131	111.09590745098674	111.09590745098674
1132	111.23779308472993	111.23779308472993
1133	111.36288012890435	111.36288012890435
1134	111.48276129230214	111.48276129230214
1135	111.59484238657137	111.59484238657137
1136	111.69707159918133	111.69707159918133
1137	111.81872109573499	111.81872109573499
1138	111.93084270638232	111.93084270638232
1139	112.03993370376682	112.03993370376682
1140	112.1523133233888	112.1523133233888
1141	112.26715221600944	112.26715221600944
1142	112.39080271878422	112.39080271878422
1143	112.50886910438157	112.50886910438157
1144	112.63501477385432	112.63501477385432
1145	112.75347860794261	112.75347860794261
1146	112.85828549510589	112.85828549510589
1147	112.94214103786163	112.94214103786163
1148	113.03321782485361	113.03321782485361
1149	113.1291886314342	113.1291886314342
1150	113.22971640013698	113.22971640013698
1151	113.32794930057645	113.32794930057645
1152	113.42553369625784	113.42553369625784
1153	113.52784359230647	113.52784359230647
1154	113.63524233793434	113.63524233793434
1155	113.74670722882401	113.74670722882401
1156	113.85141667836515	113.85141667836515
1157	113.94401183408962	113.94401183408962
1158	114.04795080178008	114.04795080178008
1159	114.15452484199258	114.15452484199258
1160	114.25625926115771	114.25625926115771
1161	114.35301326734921	114.35301326734921
1162	114.46049619382146	114.46049619382146
1163	114.56806914329565	114.56806914329565
1164	114.66722448352363	114.66722448352363
1165	114.78477304329965	114.78477304329965
1166	114.89840989531689	114.89840989531689
1167	115.02611669519106	115.02611669519106
1168	115.1652193084075	115.1652193084075
1169	115.31569920438822	115.31569920438822
1170	115.46643633533091	115.46643633533091
1171	115.6227763895858	115.6227763895858
1172	115.79341862965515	115.79341862965515
1173	115.97141809161255	115.97141809161255
1174	116.16326776912828	116.16326776912828
1175	116.3462188442135	116.3462188442135
1176	116.5274071249745	116.5274071249745
1177	116.70234404500147	116.70234404500147
1178	116.86570350767612	116.86570350767612
1179	117.03887802635639	117.03887802635639
1180	117.21902609495132	117.21902609495132
1181	117.40694857526627	117.40694857526627
1182	117.58660660305573	117.58660660305573
1183	117.75044097284544	117.75044097284544
1184	117.91600132539375	117.91600132539375
1185	118.06872966308345	118.06872966308345
1186	118.20433926652305	118.20433926652305
1187	118.34167362118173	118.34167362118173
1188	118.47478572011362	118.47478572011362
1189	118.60764739107267	118.60764739107267
1190	118.72683587442968	118.72683587442968
1191	118.86945776652027	118.86945776652027
1192	119.00347993500132	119.00347993500132
1193	119.1385784242405	119.1385784242405
1194	119.28270402996768	119.28270402996768
1195	119.44094866858694	119.44094866858694
1196	119.59019540580911	119.59019540580911
1197	119.7267393720163	119.7267393720163
1198	119.86690144858119	119.86690144858119
1199	119.99791700645956	119.99791700645956
1200	120.12646968253934	120.12646968253934
1201	120.23389030385235	120.23389030385235
1202	120.34657866454754	120.34657866454754
1203	120.45581623623164	120.45581623623164
1204	120.57928682379033	120.57928682379033
1205	120.7022918768824	120.7022918768824
1206	120.81288880450552	120.81288880450552
1207	120.91873419536704	120.91873419536704
1208	121.03441809580454	121.03441809580454
1209	121.15210543771464	121.15210543771464
1210	121.27953752229557	121.27953752229557
1211	121.40267562931481	121.40267562931481
1212	121.53761989356133	121.53761989356133
1213	121.66432860952094	121.66432860952094
1214	121.78564816513226	121.78564816513226
1215	121.90209316695626	121.90209316695626
1216	122.02944226938209	122.02944226938209
1217	122.15009821638674	122.15009821638674
1218	122.27992783351797	122.27992783351797
1219	122.39374824593678	122.39374824593678
1220	122.49614631347441	122.49614631347441
1221	122.58563607745423	122.58563607745423
1222	122.67436549707082	122.67436549707082
1223	122.75974093059803	122.75974093059803
1224	122.82809867530997	122.82809867530997
1225	122.91248198182262	122.91248198182262
1226	122.98693386855467	122.98693386855467
1227	123.06489870773169	123.06489870773169
1228	123.15038457871518	123.15038457871518
1229	123.2252371385564	123.2252371385564
1230	123.28917000001036	123.28917000001036
1231	123.36489187361511	123.36489187361511
1232	123.46135091601764	123.46135091601764
1233	123.56088804891064	123.56088804891064
1234	123.64859166554868	123.64859166554868
1235	123.74895710443423	123.74895710443423
1236	123.85366167430566	123.85366167430566
1237	123.95299440909368	123.95299440909368
1238	124.05522442974546	124.05522442974546
1239	124.14742682388646	124.14742682388646
1240	124.24182263532275	124.24182263532275
1241	124.3254798622691	124.3254798622691
1242	124.39137979780527	124.39137979780527
1243	124.4515258741558	124.4515258741558
1244	124.52036428719398	124.52036428719398
1245	124.5939095203549	124.5939095203549
1246	124.6746695249839	124.6746695249839
1247	124.7398639628066	124.7398639628066
1248	124.79100216489844	124.79100216489844
1249	124.83497280249162	124.83497280249162
1250	124.86456400747736	124.86456400747736
1251	124.91118202286181	124.91118202286181
1252	124.96858602505978	124.96858602505978
1253	125.0224060482645	125.0224060482645
1254	125.0645966420089	125.0645966420089
1255	125.13048593644498	125.13048593644498
1256	125.21086074842296	125.21086074842296
1257	125.26696184456907	125.26696184456907
1258	125.318683614473	125.318683614473
1259	125.38017983046532	125.38017983046532
1260	125.45199687757085	125.45199687757085
1261	125.5105311929446	125.5105311929446
1262	125.55499247409676	125.55499247409676
1263	125.59618170541002	125.59618170541002
1264	125.65508742436718	125.65508742436718
1265	125.69153700726923	125.69153700726923
1266	125.72657356470665	125.72657356470665
1267	125.76180128302035	125.76180128302035
1268	125.78552990657613	125.78552990657613
1269	125.82394915584331	125.82394915584331
1270	125.88672705421081	125.88672705421081
1271	125.9527917632347	125.9527917632347
1272	126.01165598693282	126.01165598693282
1273	126.07212662972566	126.07212662972566
1274	126.12615844620638	126.12615844620638
1275	126.16697518627629	126.16697518627629
1276	126.20719565641312	126.20719565641312
1277	126.26561866609187	126.26561866609187
1278	126.31296874113366	126.31296874113366
1279	126.373397100489	126.373397100489
1280	126.44199530545555	126.44199530545555
1281	126.52955497924705	126.52955497924705
1282	126.63293022255993	126.63293022255993
1283	126.75700072132288	126.75700072132288
1284	126.86326367849448	126.86326367849448
1285	126.98889447356682	126.98889447356682
1286	127.1117769143786	127.1117769143786
1287	127.2213680707961	127.2213680707961
1288	127.33145929899322	127.33145929899322
1289	127.42965761574254	127.42965761574254
1290	127.51444107747228	127.51444107747228
1291	127.6015573767198	127.6015573767198
1292	127.67732945162955	127.67732945162955
1293	127.74622298468299	127.74622298468299
1294	127.83972268022242	127.83972268022242
1295	127.9395014698552	127.9395014698552
1296	128.0444331608091	128.0444331608091
1297	128.16604374690027	128.16604374690027
1298	128.27725703854574	128.27725703854574
1299	128.39973772414675	128.39973772414675
1300	128.53262430940953	128.53262430940953
1301	128.6480756168765	128.6480756168765
1302	128.7489246252106	128.7489246252106
1303	128.85759652925321	128.85759652925321
1304	128.9515858643838	128.9515858643838
1305	129.0410096328662	129.0410096328662
1306	129.13120914483278	129.13120914483278
1307	129.2047954419392	129.2047954419392
1308	129.27646486319344	129.27646486319344
1309	129.34058728743804	129.34058728743804
1310	129.41268422201745	129.41268422201745
1311	129.4822337461831	129.4822337461831
1312	129.54540654278108	129.54540654278108
1313	129.61472445287052	129.61472445287052
1314	129.6821157959548	129.6821157959548
1315	129.74767911312128	129.74767911312128
1316	129.81636141555717	129.81636141555717
1317	129.89103582121226	129.89103582121226
1318	129.9585101637105	129.9585101637105
1319	130.02579698779417	130.02579698779417
1320	130.0940888173662	130.0940888173662
1321	130.1719031519238	130.1719031519238
1322	130.25550228077802	130.25550228077802
1323	130.34057071097686	130.34057071097686
1324	130.4620959386104	130.4620959386104
1325	130.5925465878528	130.5925465878528
1326	130.72889089963334	130.72889089963334
1327	130.8791098048116	130.8791098048116
1328	131.02858553483037	131.02858553483037
1329	131.1892117800439	131.1892117800439
1330	131.3616384505054	131.3616384505054
1331	131.53461272882103	131.53461272882103
1332	131.7095425801691	131.7095425801691
1333	131.88423365585533	131.88423365585533
1334	132.06626949808248	132.06626949808248
1335	132.23235224972782	132.23235224972782
1336	132.39250560361612	132.39250560361612
1337	132.5511908195475	132.5511908195475
1338	132.69700431423496	132.69700431423496
1339	132.8433610044337	132.8433610044337
1340	133.00658939044777	133.00658939044777
1341	133.1484437725754	133.1484437725754
1342	133.27372496132762	133.27372496132762
1343	133.40258816196643	133.40258816196643
1344	133.53116770525043	133.53116770525043
1345	133.6595732944759	133.6595732944759
1346	133.77635307616774	133.77635307616774
1347	133.92753672636607	133.92753672636607
1348	134.08323275242736	134.08323275242736
1349	134.25379752567275	134.25379752567275
1350	134.43605771486622	134.43605771486622
1351	134.60569660760322	134.60569660760322
1352	134.7924415254942	134.7924415254942
1353	134.98616034644587	134.98616034644587
1354	135.17136570990115	135.17136570990115
1355	135.35612543489566	135.35612543489566
1356	135.52987238516332	135.52987238516332
1357	135.69135474039177	135.69135474039177
1358	135.85644385405539	135.85644385405539
1359	136.01173513487004	136.01173513487004
1360	136.16713154140223	136.16713154140223
1361	136.33356956577302	136.33356956577302
1362	136.49766132443895	136.49766132443895
1363	136.65115401133397	136.65115401133397
1364	136.81987608525208	136.81987608525208
1365	136.99085338452204	136.99085338452204
1366	137.14905433131693	137.14905433131693
1367	137.29730956969124	137.29730956969124
1368	137.43983809158215	137.43983809158215
1369	137.59325585292194	137.59325585292194
1370	137.74111217154726	137.74111217154726
1371	137.8823306887534	137.8823306887534
1372	138.02459893639758	138.02459893639758
1373	138.14393867123107	138.14393867123107
1374	138.2608073805499	138.2608073805499
1375	138.38710594554806	138.38710594554806
1376	138.51329710140396	138.51329710140396
1377	138.64395285007646	138.64395285007646
1378	138.7573282809292	138.7573282809292
1379	138.86448023267909	138.86448023267909
1380	138.96628652064612	138.96628652064612
1381	139.0544566275018	139.0544566275018
1382	139.15184826248793	139.15184826248793
1383	139.25961633058657	139.25961633058657
1384	139.3718752100603	139.3718752100603
1385	139.49946311852972	139.49946311852972
1386	139.64317796324366	139.64317796324366
1387	139.80047191684196	139.80047191684196
1388	139.95097597064546	139.95097597064546
1389	140.09304817517696	140.09304817517696
1390	140.22552873439082	140.22552873439082
1391	140.37117514409056	140.37117514409056
1392	140.5139444821704	140.5139444821704
1393	140.64656074123394	140.64656074123394
1394	140.75897380899397	140.75897380899397
1395	140.85460251500265	140.85460251500265
1396	140.9371549482604	140.9371549482604
1397	141.02083559380156	141.02083559380156
1398	141.11083392375832	141.11083392375832
1399	141.187704795273	141.187704795273
1400	141.26751832241214	141.26751832241214
1401	141.3367160656008	141.3367160656008
1402	141.41693119370876	141.41693119370876
1403	141.51020486988398	141.51020486988398
1404	141.59875721612235	141.59875721612235
1405	141.6885774343855	141.6885774343855
1406	141.79044355032238	141.79044355032238
1407	141.91233585091052	141.91233585091052
1408	142.05186662276202	142.05186662276202
1409	142.2060820579145	142.2060820579145
1410	142.37336790729182	142.37336790729182
1411	142.52383141412753	142.52383141412753
1412	142.6726021496376	142.6726021496376
1413	142.81984281067315	142.81984281067315
1414	142.9636305178389	142.9636305178389
1415	143.10938811749958	143.10938811749958
1416	143.25124240066413	143.25124240066413
1417	143.38538398140253	143.38538398140253
1418	143.51608816634632	143.51608816634632
1419	143.6459816706885	143.6459816706885
1420	143.78752844371184	143.78752844371184
1421	143.93063633293622	143.93063633293622
1422	144.04696151976736	144.04696151976736
1423	144.15091371039034	144.15091371039034
1424	144.2527127407715	144.2527127407715
1425	144.3272132122499	144.3272132122499
1426	144.3982670136195	144.3982670136195
1427	144.43498484060305	144.43498484060305
1428	144.45558570177656	144.45558570177656
1429	144.4725446821385	144.4725446821385
1430	144.4749882523263	144.4749882523263
1431	144.48728491486193	144.48728491486193
1432	144.48970091715853	144.48970091715853
1433	144.50205430227604	144.50205430227604
1434	144.5128541366355	144.5128541366355
1435	144.5244455228027	144.5244455228027
1436	144.53090672616133	144.53090672616133
1437	144.5351728385544	144.5351728385544
1438	144.5567313700717	144.5567313700717
1439	144.5900928194742	144.5900928194742
1440	144.6389885388688	144.6389885388688
1441	144.69757360814057	144.69757360814057
1442	144.74340644857966	144.74340644857966
1443	144.76628267010753	144.76628267010753
1444	144.79570290845047	144.79570290845047
1445	144.82662884781914	144.82662884781914
1446	144.86807649898248	144.86807649898248
1447	144.9137881827312	144.9137881827312
1448	144.96302722150398	144.96302722150398
1449	145.0131604128531	145.0131604128531
1450	145.06832519936188	145.06832519936188
1451	145.1202461073364	145.1202461073364
1452	145.18086489578283	145.18086489578283
1453	145.24959662635936	145.24959662635936
1454	145.30914177091475	145.30914177091475
1455	145.36773839548863	145.36773839548863
1456	145.4251181621289	145.4251181621289
1457	145.47424290246985	145.47424290246985
1458	145.55307891093486	145.55307891093486
1459	145.6218411761353	145.6218411761353
1460	145.670922751482	145.670922751482
1461	145.7345687976367	145.7345687976367
1462	145.80568555228575	145.80568555228575
1463	145.878369910783	145.878369910783
1464	145.96791566422732	145.96791566422732
1465	146.03694044129503	146.03694044129503
1466	146.08853391247794	146.08853391247794
1467	146.13802592627414	146.13802592627414
1468	146.20675609934662	146.20675609934662
1469	146.29589711058892	146.29589711058892
1470	146.37065195492562	146.37065195492562
1471	146.44570764651962	146.44570764651962
1472	146.49825142759556	146.49825142759556
1473	146.55626735155116	146.55626735155116
1474	146.59223028765484	146.59223028765484
1475	146.62258980912043	146.62258980912043
1476	146.63153427378418	146.63153427378418
1477	146.61410343012452	146.61410343012452
1478	146.6005820726985	146.6005820726985
1479	146.59967930072253	146.59967930072253
1480	146.58667509056338	146.58667509056338
1481	146.580287576017	146.580287576017
1482	146.58265906533936	146.58265906533936
1483	146.58616665734553	146.58616665734553
1484	146.57988806568568	146.57988806568568
1485	146.57723093887543	146.57723093887543
1486	146.55201351524528	146.55201351524528
1487	146.52690664354904	146.52690664354904
1488	146.49257267657853	146.49257267657853
1489	146.48500552442	146.48500552442
1490	146.50846123591646	146.50846123591646
1491	146.54582151161725	146.54582151161725
1492	146.58049058631855	146.58049058631855
1493	146.6287635687681	146.6287635687681
1494	146.66389983717377	146.66389983717377
1495	146.70740053623533	146.70740053623533
1496	146.74437611009418	146.74437611009418
1497	146.77549379526187	146.77549379526187
1498	146.81761380949433	146.81761380949433
1499	146.8693905371794	146.8693905371794
1500	146.92291448614031	146.92291448614031
1501	146.9614840180125	146.9614840180125
1502	147.0083382383697	147.0083382383697
1503	147.05859898341652	147.05859898341652
1504	147.10066731508454	147.10066731508454
1505	147.11734532845242	147.11734532845242
1506	147.16721744355664	147.16721744355664
1507	147.2045839756433	147.2045839756433
1508	147.26013381807394	147.26013381807394
1509	147.2984911940261	147.2984911940261
1510	147.3448004597837	147.3448004597837
1511	147.39009755664244	147.39009755664244
1512	147.4698514824471	147.4698514824471
1513	147.53207251383392	147.53207251383392
1514	147.6070307992514	147.6070307992514
1515	147.65067136324578	147.65067136324578
1516	147.67868369615297	147.67868369615297
1517	147.68243650401857	147.68243650401857
1518	147.7079401004369	147.7079401004369
1519	147.7536993169723	147.7536993169723
1520	147.75208605566675	147.75208605566675
1521	147.7621517835773	147.7621517835773
1522	147.760366756439	147.760366756439
1523	147.7621742758299	147.7621742758299
1524	147.75150953607513	147.75150953607513
1525	147.72791054676907	147.72791054676907
1526	147.72827916237503	147.72827916237503
1527	147.74902537747423	147.74902537747423
1528	147.8033577236084	147.8033577236084
1529	147.88422258599596	147.88422258599596
1530	147.98155126998222	147.98155126998222
1531	148.07671855835537	148.07671855835537
1532	148.16847419704706	148.16847419704706
1533	148.29575628628214	148.29575628628214
1534	148.43927961761213	148.43927961761213
1535	148.5848372614808	148.5848372614808
1536	148.73017806551448	148.73017806551448
1537	148.86279027437152	148.86279027437152
1538	148.98316627521055	148.98316627521055
1539	149.1315272192106	149.1315272192106
1540	149.27313444747944	149.27313444747944
1541	149.41070152346464	149.41070152346464
1542	149.547684777951	149.547684777951
1543	149.71148342424829	149.71148342424829
1544	149.8648713743869	149.8648713743869
1545	149.98792644359293	149.98792644359293
1546	150.10027959702512	150.10027959702512
1547	150.19087792640386	150.19087792640386
1548	150.2740720561483	150.2740720561483
1549	150.33675286869948	150.33675286869948
1550	150.41456984374668	150.41456984374668
1551	150.48050878479498	150.48050878479498
1552	150.51304413171317	150.51304413171317
1553	150.52463936039223	150.52463936039223
1554	150.53763897954548	150.53763897954548
1555	150.58874450513454	150.58874450513454
1556	150.64464903704933	150.64464903704933
1557	150.69814115601986	150.69814115601986
1558	150.762816551103	150.762816551103
1559	150.80314599355552	150.80314599355552
1560	150.8465947076894	150.8465947076894
1561	150.89875936649636	150.89875936649636
1562	150.93211297044036	150.93211297044036
1563	150.95874109051027	150.95874109051027
1564	150.98600762147626	150.98600762147626
1565	151.02938832693508	151.02938832693508
1566	151.0554598014379	151.0554598014379
1567	151.07727304102383	151.07727304102383
1568	151.13483211998732	151.13483211998732
1569	151.18888942922305	151.18888942922305
1570	151.25439309239846	151.25439309239846
1571	151.3087623430426	151.3087623430426
1572	151.36406616910222	151.36406616910222
1573	151.43354656695857	151.43354656695857
1574	151.52045892478247	151.52045892478247
1575	151.61830125199214	151.61830125199214
1576	151.6937572178405	151.6937572178405
1577	151.7696392832421	151.7696392832421
1578	151.85744770950913	151.85744770950913
1579	151.91956559673332	151.91956559673332
1580	151.95903375997796	151.95903375997796
1581	152.01392012433314	152.01392012433314
1582	152.08162169666855	152.08162169666855
1583	152.14851757781594	152.14851757781594
1584	152.2040501107433	152.2040501107433
1585	152.2525097190196	152.2525097190196
1586	152.29304327233763	152.29304327233763
1587	152.3170903070227	152.3170903070227
1588	152.35696417603816	152.35696417603816
1589	152.39398570881005	152.39398570881005
1590	152.4354131550681	152.4354131550681
1591	152.44624628862653	152.44624628862653
1592	152.460835884312	152.460835884312
1593	152.5049002216929	152.5049002216929
1594	152.53746772525815	152.53746772525815
1595	152.56865431268992	152.56865431268992
1596	152.58873676255595	152.58873676255595
1597	152.62852313254024	152.62852313254024
1598	152.64974824380843	152.64974824380843
1599	152.64236380125618	152.64236380125618
1600	152.6490983610844	152.6490983610844
1601	152.6770011556822	152.6770011556822
1602	152.7280889607427	152.7280889607427
1603	152.78300223466027	152.78300223466027
1604	152.81706772472302	152.81706772472302
1605	152.86190842726097	152.86190842726097
1606	152.90877093405197	152.90877093405197
1607	152.91882828241654	152.91882828241654
1608	152.94638154078066	152.94638154078066
1609	153.009929403201	153.009929403201
1610	153.07558099434362	153.07558099434362
1611	153.13597947881513	153.13597947881513
1612	153.1733546911222	153.1733546911222
1613	153.20685977495503	153.20685977495503
1614	153.27322391356694	153.27322391356694
1615	153.3440199665931	153.3440199665931
1616	153.4178659497382	153.4178659497382
1617	153.47356413059782	153.47356413059782
1618	153.56019134507125	153.56019134507125
1619	153.65482348236569	153.65482348236569
1620	153.76758085662595	153.76758085662595
1621	153.88264319126492	153.88264319126492
1622	153.97072326395738	153.97072326395738
1623	154.05431984423103	154.05431984423103
1624	154.13368946131035	154.13368946131035
1625	154.1709559844162	154.1709559844162
1626	154.21892831947417	154.21892831947417
1627	154.26037390393117	154.26037390393117
1628	154.2550447744459	154.2550447744459
1629	154.22441649706315	154.22441649706315
1630	154.17723546035018	154.17723546035018
1631	154.17410303655726	154.17410303655726
1632	154.153410637396	154.153410637396
1633	154.1236540846901	154.1236540846901
1634	154.09807364318908	154.09807364318908
1635	154.06154050407667	154.06154050407667
1636	154.08101569709697	154.08101569709697
1637	154.14272631195453	154.14272631195453
1638	154.19679644582152	154.19679644582152
1639	154.2664589051649	154.2664589051649
1640	154.37187007852253	154.37187007852253
1641	154.46365138220102	154.46365138220102
1642	154.568216742621	154.568216742621
1643	154.68086939962373	154.68086939962373
1644	154.76784018842943	154.76784018842943
1645	154.8410137587719	154.8410137587719
1646	154.92316520105533	154.92316520105533
1647	154.99535108982656	154.99535108982656
1648	155.03869332881825	155.03869332881825
1649	155.10765786338533	155.10765786338533
1650	155.21771588840144	155.21771588840144
1651	155.35955055187856	155.35955055187856
1652	155.47426113092104	155.47426113092104
1653	155.58847635172594	155.58847635172594
1654	155.6689084751012	155.6689084751012
1655	155.73480571775804	155.73480571775804
1656	155.77053660587	155.77053660587
1657	155.85091679065746	155.85091679065746
1658	155.9471597039327	155.9471597039327
1659	156.0428756329065	156.0428756329065
1660	156.14161478069843	156.14161478069843
1661	156.21295993314612	156.21295993314612
1662	156.2961060672343	156.2961060672343
1663	156.37223762125188	156.37223762125188
1664	156.43438978502502	156.43438978502502
1665	156.49368493531642	156.49368493531642
1666	156.5501518762359	156.5501518762359
1667	156.58877265713352	156.58877265713352
1668	156.610005878117	156.610005878117
1669	156.59445896640977	156.59445896640977
1670	156.5608025733684	156.5608025733684
1671	156.52239916898876	156.52239916898876
1672	156.45150734564976	156.45150734564976
1673	156.36064355449258	156.36064355449258
1674	156.28186378217964	156.28186378217964
1675	156.1979064252162	156.1979064252162
1676	156.1082254399292	156.1082254399292
1677	155.995481475603	155.995481475603
1678	155.8678917170696	155.8678917170696
1679	155.74702118901348	155.74702118901348
1680	155.57808494084048	155.57808494084048
1681	155.39097899522676	155.39097899522676
1682	155.21986953689554	155.21986953689554
1683	155.04312986334497	155.04312986334497
1684	154.87173313854302	154.87173313854302
1685	154.7022816201923	154.7022816201923
1686	154.5211039471979	154.5211039471979
1687	154.34756211300885	154.34756211300885
1688	154.18747907503985	154.18747907503985
1689	154.04935311012812	154.04935311012812
1690	153.9018569458234	153.9018569458234
1691	153.71374876940232	153.71374876940232
1692	153.49958908865696	153.49958908865696
1693	153.30513133828214	153.30513133828214
1694	153.14112951627084	153.14112951627084
1695	152.98692212944434	152.98692212944434
1696	152.8450812373468	152.8450812373468
1697	152.72131887419835	152.72131887419835
1698	152.61776272751004	152.61776272751004
1699	152.57614127123674	152.57614127123674
1700	152.5372695139224	152.5372695139224
1701	152.51001192181434	152.51001192181434
1702	152.49682325878945	152.49682325878945
1703	152.46827538225392	152.46827538225392
1704	152.3843340564315	152.3843340564315
1705	152.30011941992424	152.30011941992424
1706	152.22420517997446	152.22420517997446
1707	152.15167197825178	152.15167197825178
1708	152.01809388009283	152.01809388009283
1709	151.8476275323693	151.8476275323693
1710	151.6318913179233	151.6318913179233
1711	151.46425999281058	151.46425999281058
1712	151.29485817694916	151.29485817694916
1713	151.16869700755322	151.16869700755322
1714	151.0722638744819	151.0722638744819
1715	150.9864806226205	150.9864806226205
1716	150.9093932314721	150.9093932314721
1717	150.85779056631105	150.85779056631105
1718	150.83246077964196	150.83246077964196
1719	150.79954542265358	150.79954542265358
1720	150.79510048876986	150.79510048876986
1721	150.83342302379063	150.83342302379063
1722	150.8997030942602	150.8997030942602
1723	150.98864521081552	150.98864521081552
1724	151.10223268215262	151.10223268215262
1725	151.23639785575813	151.23639785575813
1726	151.38845833509816	151.38845833509816
1727	151.54916966792823	151.54916966792823
1728	151.6997507586956	151.6997507586956
1729	151.8641122024585	151.8641122024585
1730	152.03130372869998	152.03130372869998
1731	152.1989157736063	152.1989157736063
1732	152.3566935512166	152.3566935512166
1733	152.5092709600197	152.5092709600197
1734	152.6348904011393	152.6348904011393
1735	152.75209674035972	152.75209674035972
1736	152.8814812834357	152.8814812834357
1737	153.01563667117057	153.01563667117057
1738	153.21625196650544	153.21625196650544
1739	153.4392278162616	153.4392278162616
1740	153.67849869701857	153.67849869701857
1741	153.9016808993759	153.9016808993759
1742	154.14392640372031	154.14392640372031
1743	154.4069058063137	154.4069058063137
1744	154.6660000888896	154.6660000888896
1745	154.98198889772112	154.98198889772112
1746	155.2811270149598	155.2811270149598
1747	155.59097419752794	155.59097419752794
1748	155.91642155805022	155.91642155805022
1749	156.22043647340476	156.22043647340476
1750	156.49491567720338	156.49491567720338
1751	156.77621223508964	156.77621223508964
1752	157.0527373627615	157.0527373627615
1753	157.324989789563	157.324989789563
1754	157.58497713862016	157.58497713862016
1755	157.85710981834086	157.85710981834086
1756	158.1314012574356	158.1314012574356
1757	158.44163134520477	158.44163134520477
1758	158.74673353612448	158.74673353612448
1759	159.05681653069053	159.05681653069053
1760	159.38061690986396	159.38061690986396
1761	159.72499178424357	159.72499178424357
1762	160.04883277812658	160.04883277812658
1763	160.3606854431963	160.3606854431963
1764	160.6487249296427	160.6487249296427
1765	160.93694321360243	160.93694321360243
1766	161.2305011542197	161.2305011542197
1767	161.5155410816713	161.5155410816713
1768	161.82204389408207	161.82204389408207
1769	162.11339402470884	162.11339402470884
1770	162.3756936845539	162.3756936845539
1771	162.5999698474602	162.5999698474602
1772	162.80428724388196	162.80428724388196
1773	163.0240177119434	163.0240177119434
1774	163.2320599831494	163.2320599831494
1775	163.4803442572586	163.4803442572586
1776	163.70982403588107	163.70982403588107
1777	163.9241797047407	163.9241797047407
1778	164.1634969387548	164.1634969387548
1779	164.37558133883692	164.37558133883692
1780	164.55977700611345	164.55977700611345
1781	164.7947119432888	164.7947119432888
1782	165.06545941937597	165.06545941937597
1783	165.32281003207316	165.32281003207316
1784	165.56621922575087	165.56621922575087
1785	165.79418179380764	165.79418179380764
1786	165.98450727705946	165.98450727705946
1787	166.19813005866988	166.19813005866988
1788	166.40528917545774	166.40528917545774
1789	166.62898842647036	166.62898842647036
1790	166.8760117472074	166.8760117472074
1791	167.067184235514	167.067184235514
1792	167.1978649253944	167.1978649253944
1793	167.36133421434192	167.36133421434192
1794	167.49498776025297	167.49498776025297
1795	167.60183804404176	167.60183804404176
1796	167.7057774343375	167.7057774343375
1797	167.79487343034236	167.79487343034236
1798	167.8616078900525	167.8616078900525
1799	167.9085691883193	167.9085691883193
1800	167.98259461028883	167.98259461028883
1801	168.02922206091114	168.02922206091114
1802	168.03726451661367	168.03726451661367
1803	168.0528803397921	168.0528803397921
1804	168.0442392029882	168.0442392029882
1805	168.0958865709653	168.0958865709653
1806	168.17069625323356	168.17069625323356
1807	168.2686694277105	168.2686694277105
1808	168.3892098685746	168.3892098685746
1809	168.519117368374	168.519117368374
1810	168.6234120256567	168.6234120256567
1811	168.70262357483358	168.70262357483358
1812	168.76516345430645	168.76516345430645
1813	168.8056951109793	168.8056951109793
1814	168.8283092227024	168.8283092227024
1815	168.87507830283528	168.87507830283528
1816	168.94621096012327	168.94621096012327
1817	169.0242866166068	169.0242866166068
1818	169.13105501340266	169.13105501340266
1819	169.23192752649697	169.23192752649697
1820	169.34986092673807	169.34986092673807
1821	169.44318365293066	169.44318365293066
1822	169.54589660746979	169.54589660746979
1823	169.72048167910955	169.72048167910955
1824	169.87937293970415	169.87937293970415
1825	170.05831923631496	170.05831923631496
1826	170.26278666850885	170.26278666850885
1827	170.46902501446107	170.46902501446107
1828	170.6304357739233	170.6304357739233
1829	170.83134475160992	170.83134475160992
1830	171.03641752133393	171.03641752133393
1831	171.26365130206898	171.26365130206898
1832	171.49510148281752	171.49510148281752
1833	171.75529820909105	171.75529820909105
1834	171.98349811117754	171.98349811117754
1835	172.24229450093992	172.24229450093992
1836	172.5629065167768	172.5629065167768
1837	172.89627840686862	172.89627840686862
1838	173.2145730468407	173.2145730468407
1839	173.50897004546962	173.50897004546962
1840	173.78151915509187	173.78151915509187
1841	173.99533148910808	173.99533148910808
1842	174.22455431952085	174.22455431952085
1843	174.47933439698124	174.47933439698124
1844	174.72819496274025	174.72819496274025
1845	175.00835815818732	175.00835815818732
1846	175.26241038139733	175.26241038139733
1847	175.49100647932858	175.49100647932858
1848	175.71156681206105	175.71156681206105
1849	175.945079631456	175.945079631456
1850	176.2004921922813	176.2004921922813
1851	176.45077928811082	176.45077928811082
1852	176.67954376366572	176.67954376366572
1853	176.8509285643578	176.8509285643578
1854	177.05048102767694	177.05048102767694
1855	177.22394686585233	177.22394686585233
1856	177.36773695020776	177.36773695020776
1857	177.5688764492356	177.5688764492356
1858	177.85811815803723	177.85811815803723
1859	178.13480351050336	178.13480351050336
1860	178.43497441529854	178.43497441529854
1861	178.7210052617128	178.7210052617128
1862	179.06817177741488	179.06817177741488
1863	179.42590692459362	179.42590692459362
1864	179.7694474361674	179.7694474361674
1865	180.08377656720702	180.08377656720702
1866	180.38022559876174	180.38022559876174
1867	180.62362786432075	180.62362786432075
1868	180.8571502164709	180.8571502164709
1869	181.06406495125702	181.06406495125702
1870	181.20299569683527	181.20299569683527
1871	181.30793077792265	181.30793077792265
1872	181.4109457448327	181.4109457448327
1873	181.58100496314466	181.58100496314466
1874	181.79328572380723	181.79328572380723
1875	181.9843159113619	181.9843159113619
1876	182.19633946715015	182.19633946715015
1877	182.3853377461218	182.3853377461218
1878	182.5278350721954	182.5278350721954
1879	182.7444297593107	182.7444297593107
1880	182.9526367870731	182.9526367870731
1881	183.17353856453065	183.17353856453065
1882	183.4012143722918	183.4012143722918
1883	183.66213318845627	183.66213318845627
1884	183.94045595038835	183.94045595038835
1885	184.25585107830148	184.25585107830148
1886	184.5294097211849	184.5294097211849
1887	184.83220144084686	184.83220144084686
1888	185.1210292366179	185.1210292366179
1889	185.46533909303355	185.46533909303355
1890	185.72249596606963	185.72249596606963
1891	185.93135396660773	185.93135396660773
1892	186.10225965365538	186.10225965365538
1893	186.2479926763286	186.2479926763286
1894	186.4542098470746	186.4542098470746
1895	186.67527313642535	186.67527313642535
1896	186.97806312236395	186.97806312236395
1897	187.31119275686316	187.31119275686316
1898	187.62091966596904	187.62091966596904
1899	188.0216386285872	188.0216386285872
1900	188.36971146796606	188.36971146796606
1901	188.71151790526807	188.71151790526807
1902	189.07891240317576	189.07891240317576
1903	189.3992747853385	189.3992747853385
1904	189.69360884112473	189.69360884112473
1905	190.0704892019785	190.0704892019785
1906	190.36746168932876	190.36746168932876
1907	190.80056403483394	190.80056403483394
1908	191.20632044521432	191.20632044521432
1909	191.5877747371513	191.5877747371513
1910	191.99237330266644	191.99237330266644
1911	192.42211049593828	192.42211049593828
1912	192.90275494814875	192.90275494814875
1913	193.3966861468439	193.3966861468439
1914	193.91045826248518	193.91045826248518
1915	194.45843676894123	194.45843676894123
1916	194.99412974315646	194.99412974315646
1917	195.55709048099075	195.55709048099075
1918	196.13473845526494	196.13473845526494
1919	196.72542189499316	196.72542189499316
1920	197.2713843605427	197.2713843605427
1921	197.78101391278108	197.78101391278108
1922	198.2983517060103	198.2983517060103
1923	198.81539877949018	198.81539877949018
1924	199.29991068552056	199.29991068552056
1925	199.80250765971545	199.80250765971545
1926	200.33622535802365	200.33622535802365
1927	200.8483173005704	200.8483173005704
1928	201.28159516487216	201.28159516487216
1929	201.65895639582968	201.65895639582968
1930	202.12872384796742	202.12872384796742
1931	202.54928121723776	202.54928121723776
1932	202.9977925717006	202.9977925717006
1933	203.50836525274252	203.50836525274252
1934	203.9893865281431	203.9893865281431
1935	204.58842529466003	204.58842529466003
1936	205.19863330877354	205.19863330877354
1937	205.8226989755467	205.8226989755467
1938	206.52684298563753	206.52684298563753
1939	207.2475358474698	207.2475358474698
1940	207.93705563474225	207.93705563474225
1941	208.7089534461539	208.7089534461539
1942	209.5365642057259	209.5365642057259
1943	210.35868292037105	210.35868292037105
1944	211.1220917508836	211.1220917508836
1945	211.91633413110495	211.91633413110495
1946	212.6203648827352	212.6203648827352
1947	213.21631444747294	213.21631444747294
1948	213.79968148823724	213.79968148823724
1949	214.3724308292405	214.3724308292405
1950	214.84886920572296	214.84886920572296
1951	215.38686045671878	215.38686045671878
1952	215.93279851315413	215.93279851315413
1953	216.39948849862571	216.39948849862571
1954	216.86737020616795	216.86737020616795
1955	217.35117403198993	217.35117403198993
1956	217.91097852259043	217.91097852259043
1957	218.47239091331045	218.47239091331045
1958	219.04576194973535	219.04576194973535
1959	219.5637734214804	219.5637734214804
1960	220.1041703219711	220.1041703219711
1961	220.69225510826294	220.69225510826294
1962	221.3284365001216	221.3284365001216
1963	222.03461554144775	222.03461554144775
1964	222.70823607933187	222.70823607933187
1965	223.37905120570213	223.37905120570213
1966	224.08302793404215	224.08302793404215
1967	224.7733955103423	224.7733955103423
1968	225.4817007684847	225.4817007684847
1969	226.2746049673945	226.2746049673945
1970	227.02279134913198	227.02279134913198
1971	227.78224854873366	227.78224854873366
1972	228.53544945166595	228.53544945166595
1973	229.40649820837695	229.40649820837695
1974	230.14931778941002	230.14931778941002
1975	230.85311665142962	230.85311665142962
1976	231.60646650334718	231.60646650334718
1977	232.47591958653317	232.47591958653317
1978	233.32954054258045	233.32954054258045
1979	234.17998070565926	234.17998070565926
1980	235.04133381020534	235.04133381020534
1981	235.78442279951815	235.78442279951815
1982	236.58662810811305	236.58662810811305
1983	237.3252304490403	237.3252304490403
1984	238.04076396224093	238.04076396224093
1985	238.69364215925629	238.69364215925629
1986	239.31606903717102	239.31606903717102
1987	239.85183828864433	239.85183828864433
1988	240.5722628566649	240.5722628566649
1989	241.31943599868362	241.31943599868362
1990	242.199817608727	242.199817608727
1991	243.06780053960057	243.06780053960057
1992	243.8937534919446	243.8937534919446
1993	244.5555951683603	244.5555951683603
1994	245.0621910962849	245.0621910962849
1995	245.6903381711139	245.6903381711139
1996	246.14035580606543	246.14035580606543
1997	246.55916401533392	246.55916401533392
1998	246.9519778149046	246.9519778149046
1999	247.24722544642097	247.24722544642097
2000	247.77940613348648	247.77940613348648
2001	248.51482580541685	248.51482580541685
2002	249.2208474257602	249.2208474257602
2003	249.95221410102585	249.95221410102585
2004	250.75009322766232	250.75009322766232
2005	251.5114077991273	251.5114077991273
2006	252.43570280836832	252.43570280836832
2007	253.26704124681635	253.26704124681635
2008	254.14047362412734	254.14047362412734
2009	255.11879213606716	255.11879213606716
2010	255.92486490440297	255.92486490440297
2011	256.68015855010935	256.68015855010935
2012	257.4764228774197	257.4764228774197
2013	258.62267893383466	258.62267893383466
2014	259.89050155768444	259.89050155768444
2015	260.870337809441	260.870337809441
2016	261.88096875273743	261.88096875273743
2017	263.06314512503934	263.06314512503934
2018	264.1480083591865	264.1480083591865
2019	265.12472468062987	265.12472468062987
2020	266.05632078478646	266.05632078478646
2021	266.77979496728216	266.77979496728216
2022	267.23645125057345	267.23645125057345
2023	267.6998019504529	267.6998019504529
2024	268.23009351279893	268.23009351279893
2025	268.72324276254443	268.72324276254443
2026	269.22415615382056	269.22415615382056
2027	269.8083374433568	269.8083374433568
2028	270.4449244565452	270.4449244565452
2029	270.95851218673613	270.95851218673613
2030	271.61118683496363	271.61118683496363
2031	272.213102297245	272.213102297245
2032	272.8178821159439	272.8178821159439
2033	273.14921968161207	273.14921968161207
2034	273.62452990156976	273.62452990156976
2035	273.95837623461637	273.95837623461637
2036	274.37134499086517	274.37134499086517
2037	274.7831624165293	274.7831624165293
2038	275.7210794123728	275.7210794123728
2039	276.8450772127166	276.8450772127166
2040	277.83379033429543	277.83379033429543
2041	278.65144310130654	278.65144310130654
2042	279.71054663276584	279.71054663276584
2043	280.3352555814565	280.3352555814565
2044	280.8061577089623	280.8061577089623
2045	281.3887221973904	281.3887221973904
2046	281.6461893477244	281.6461893477244
2047	281.9257833792808	281.9257833792808
2048	282.4052329513731	282.4052329513731
2049	282.9156216718618	282.9156216718618
2050	283.5241870262507	283.5241870262507
2051	284.13617313478306	284.13617313478306
2052	284.6746091173186	284.6746091173186
2053	285.09708503830615	285.09708503830615
2054	285.95937215232743	285.95937215232743
2055	286.94714013813325	286.94714013813325
2056	288.2007758425715	288.2007758425715
2057	289.41274516520514	289.41274516520514
2058	290.4313017652761	290.4313017652761
2059	291.667051255765	291.667051255765
2060	292.9309868997143	292.9309868997143
2061	294.72567801767815	294.72567801767815
2062	295.97325746644117	295.97325746644117
2063	297.2461257984545	297.2461257984545
2064	298.3271033121402	298.3271033121402
2065	299.7851327720568	299.7851327720568
2066	300.87626491254883	300.87626491254883
2067	301.5084697208781	301.5084697208781
2068	302.3388016052856	302.3388016052856
2069	302.9905202154435	302.9905202154435
2070	303.4006189190778	303.4006189190778
2071	303.9746934559466	303.9746934559466
2072	304.9213642404944	304.9213642404944
2073	305.5906752710325	305.5906752710325
2074	307.128560850591	307.128560850591
2075	308.76445393934404	308.76445393934404
2076	310.13058173648966	310.13058173648966
2077	311.6531319716502	311.6531319716502
2078	313.34909774002284	313.34909774002284
2079	315.70988640644254	315.70988640644254
2080	317.7337358508449	317.7337358508449
2081	318.5167868306287	318.5167868306287
2082	318.1421609810038	318.1421609810038
2083	318.1530730165926	318.1530730165926
2084	317.0173026691544	317.0173026691544
2085	315.5799884112309	315.5799884112309
2086	313.2313992279632	313.2313992279632
2087	308.5100619780251	308.5100619780251
2088	308.26315614160535	308.26315614160535
2089	312.59280003884885	312.59280003884885
2090	319.89370648106706	319.89370648106706
