#Calcul du déplacement moyen
#Time	dqmoy	part_0
1	0.11453225538148125	0.11453225538148125
2	0.21236945248795674	0.21236945248795674
3	0.3294928293324385	0.3294928293324385
4	0.4138421715539866	0.4138421715539866
5	0.5211232215436254	0.5211232215436254
6	0.605011138488411	0.605011138488411
7	0.7116214869543298	0.7116214869543298
8	0.8019787319250011	0.8019787319250011
9	0.9086608615042711	0.9086608615042711
10	0.9961260535009189	0.9961260535009189
11	1.0929578317664828	1.0929578317664828
12	1.1761635342922188	1.1761635342922188
13	1.2739693075311322	1.2739693075311322
14	1.368170971299444	1.368170971299444
15	1.4708931479257146	1.4708931479257146
16	1.5645322989981758	1.5645322989981758
17	1.6558097176999862	1.6558097176999862
18	1.7434586845297706	1.7434586845297706
19	1.8340702438854115	1.8340702438854115
20	1.927752594224013	1.927752594224013
21	2.0171104149250105	2.0171104149250105
22	2.1106734780874206	2.1106734780874206
23	2.1892200786896603	2.1892200786896603
24	2.2795722850818123	2.2795722850818123
25	2.3654636594927574	2.3654636594927574
26	2.468366778379152	2.468366778379152
27	2.5576995240937057	2.5576995240937057
28	2.665357535150438	2.665357535150438
29	2.748855358736339	2.748855358736339
30	2.846105141360156	2.846105141360156
31	2.925016668070983	2.925016668070983
32	3.028105372876019	3.028105372876019
33	3.1073484313235102	3.1073484313235102
34	3.209920373731979	3.209920373731979
35	3.2887453902036587	3.2887453902036587
36	3.3900856117861813	3.3900856117861813
37	3.4680573617113284	3.4680573617113284
38	3.5656683440810113	3.5656683440810113
39	3.6472183712225092	3.6472183712225092
40	3.7529714552033164	3.7529714552033164
41	3.8272717770534532	3.8272717770534532
42	3.9177231181482424	3.9177231181482424
43	3.985633196580145	3.985633196580145
44	4.06840393722436	4.06840393722436
45	4.139794150738044	4.139794150738044
46	4.22597035621498	4.22597035621498
47	4.297999207468459	4.297999207468459
48	4.377722059204238	4.377722059204238
49	4.451002139250285	4.451002139250285
50	4.528128648580058	4.528128648580058
51	4.609333713300789	4.609333713300789
52	4.689196155100925	4.689196155100925
53	4.769143428104758	4.769143428104758
54	4.84332913388617	4.84332913388617
55	4.921600649633359	4.921600649633359
56	4.989928245166281	4.989928245166281
57	5.072058991974487	5.072058991974487
58	5.1412129606284065	5.1412129606284065
59	5.219100022553035	5.219100022553035
60	5.2791770529800965	5.2791770529800965
61	5.3546450563378585	5.3546450563378585
62	5.416767949182525	5.416767949182525
63	5.502927104137167	5.502927104137167
64	5.568949508392774	5.568949508392774
65	5.661368559823886	5.661368559823886
66	5.722034692583111	5.722034692583111
67	5.804100727648862	5.804100727648862
68	5.856432413709284	5.856432413709284
69	5.932869225897107	5.932869225897107
70	5.986245995546009	5.986245995546009
71	6.062427642031167	6.062427642031167
72	6.116610436521048	6.116610436521048
73	6.188734272650974	6.188734272650974
74	6.2353923914290466	6.2353923914290466
75	6.307613814922849	6.307613814922849
76	6.360220046866067	6.360220046866067
77	6.4311047303371325	6.4311047303371325
78	6.485523844297296	6.485523844297296
79	6.550826382819946	6.550826382819946
80	6.598485030395826	6.598485030395826
81	6.660657381473905	6.660657381473905
82	6.711955248816112	6.711955248816112
83	6.781467130900904	6.781467130900904
84	6.84968589446072	6.84968589446072
85	6.914118677505452	6.914118677505452
86	6.966664170630615	6.966664170630615
87	7.021369649024632	7.021369649024632
88	7.079093602535084	7.079093602535084
89	7.135097896846611	7.135097896846611
90	7.194324443946971	7.194324443946971
91	7.246139384636118	7.246139384636118
92	7.309745340408272	7.309745340408272
93	7.36298684377067	7.36298684377067
94	7.433689062968663	7.433689062968663
95	7.497427150933961	7.497427150933961
96	7.586509858068665	7.586509858068665
97	7.661536527938312	7.661536527938312
98	7.756301425690925	7.756301425690925
99	7.826150181724767	7.826150181724767
100	7.919514976764464	7.919514976764464
101	8.00254292345279	8.00254292345279
102	8.10734547779365	8.10734547779365
103	8.19338797836451	8.19338797836451
104	8.298575320132093	8.298575320132093
105	8.382884134543472	8.382884134543472
106	8.487722275941346	8.487722275941346
107	8.57858052307067	8.57858052307067
108	8.696019138336899	8.696019138336899
109	8.794102614539604	8.794102614539604
110	8.914585208774744	8.914585208774744
111	9.009311958718161	9.009311958718161
112	9.116118373773762	9.116118373773762
113	9.206633327544829	9.206633327544829
114	9.313922807216212	9.313922807216212
115	9.403664092871054	9.403664092871054
116	9.506750146205412	9.506750146205412
117	9.60073920832349	9.60073920832349
118	9.693961000004286	9.693961000004286
119	9.790767832010289	9.790767832010289
120	9.895309777013368	9.895309777013368
121	9.997285881391758	9.997285881391758
122	10.100274288587038	10.100274288587038
123	10.203530266647036	10.203530266647036
124	10.299765291460027	10.299765291460027
125	10.40534501271593	10.40534501271593
126	10.506148436104208	10.506148436104208
127	10.620961335963123	10.620961335963123
128	10.721521445542816	10.721521445542816
129	10.830987497586463	10.830987497586463
130	10.925281318384698	10.925281318384698
131	11.040936094070705	11.040936094070705
132	11.13767636278235	11.13767636278235
133	11.255832684360591	11.255832684360591
134	11.35473210399012	11.35473210399012
135	11.464431274128447	11.464431274128447
136	11.550166314165056	11.550166314165056
137	11.654429351999596	11.654429351999596
138	11.741814454858932	11.741814454858932
139	11.855433795235022	11.855433795235022
140	11.94594061648452	11.94594061648452
141	12.058117508928813	12.058117508928813
142	12.143115533623659	12.143115533623659
143	12.246650371970162	12.246650371970162
144	12.330540859300289	12.330540859300289
145	12.44065605131835	12.44065605131835
146	12.53554778394122	12.53554778394122
147	12.653335333533882	12.653335333533882
148	12.74756341613637	12.74756341613637
149	12.854686975846185	12.854686975846185
150	12.945681570992972	12.945681570992972
151	13.054933973591645	13.054933973591645
152	13.150528267668356	13.150528267668356
153	13.255238221972837	13.255238221972837
154	13.343889303338672	13.343889303338672
155	13.429418911099134	13.429418911099134
156	13.505903421839761	13.505903421839761
157	13.586782195174752	13.586782195174752
158	13.670672481115702	13.670672481115702
159	13.753696701557972	13.753696701557972
160	13.84362749663853	13.84362749663853
161	13.923341031902893	13.923341031902893
162	14.010740684709168	14.010740684709168
163	14.08284890343608	14.08284890343608
164	14.168878005164293	14.168878005164293
165	14.238223097073034	14.238223097073034
166	14.322305425051729	14.322305425051729
167	14.387262794277586	14.387262794277586
168	14.468926031434462	14.468926031434462
169	14.537888033012209	14.537888033012209
170	14.629654052813406	14.629654052813406
171	14.702499202057494	14.702499202057494
172	14.796993992400406	14.796993992400406
173	14.869239949432476	14.869239949432476
174	14.959480046422161	14.959480046422161
175	15.029563564752955	15.029563564752955
176	15.123891927943085	15.123891927943085
177	15.204862394711693	15.204862394711693
178	15.316844999527408	15.316844999527408
179	15.406867330966556	15.406867330966556
180	15.512858227122578	15.512858227122578
181	15.596284042143054	15.596284042143054
182	15.697990376116977	15.697990376116977
183	15.782767576261161	15.782767576261161
184	15.882719749739184	15.882719749739184
185	15.959205831756975	15.959205831756975
186	16.05092921102947	16.05092921102947
187	16.131756886114864	16.131756886114864
188	16.226378706271426	16.226378706271426
189	16.31931161962068	16.31931161962068
190	16.41591995492102	16.41591995492102
191	16.50963574621498	16.50963574621498
192	16.596910499212807	16.596910499212807
193	16.687189695323184	16.687189695323184
194	16.776812699542695	16.776812699542695
195	16.87282583043131	16.87282583043131
196	16.958190152350628	16.958190152350628
197	17.04713545837687	17.04713545837687
198	17.122459108187563	17.122459108187563
199	17.217213509014666	17.217213509014666
200	17.297326574712457	17.297326574712457
201	17.399271912581625	17.399271912581625
202	17.484851731928657	17.484851731928657
203	17.597610842958655	17.597610842958655
204	17.68709441620891	17.68709441620891
205	17.795425573828684	17.795425573828684
206	17.881952525219454	17.881952525219454
207	17.99353633288915	17.99353633288915
208	18.086304984366095	18.086304984366095
209	18.19709112459025	18.19709112459025
210	18.286394989669397	18.286394989669397
211	18.396762749017224	18.396762749017224
212	18.487157122016345	18.487157122016345
213	18.606434901717876	18.606434901717876
214	18.707746562047085	18.707746562047085
215	18.828271277413794	18.828271277413794
216	18.92651594713879	18.92651594713879
217	19.039711856677744	19.039711856677744
218	19.132483543660115	19.132483543660115
219	19.241681541669102	19.241681541669102
220	19.33996821642306	19.33996821642306
221	19.4550513833671	19.4550513833671
222	19.557761778158614	19.557761778158614
223	19.660639676582697	19.660639676582697
224	19.75622606518533	19.75622606518533
225	19.859168500171393	19.859168500171393
226	19.962279302135855	19.962279302135855
227	20.06945528886836	20.06945528886836
228	20.181636928625796	20.181636928625796
229	20.29567376343264	20.29567376343264
230	20.412294658192344	20.412294658192344
231	20.520439891721477	20.520439891721477
232	20.63949112883121	20.63949112883121
233	20.756550905133192	20.756550905133192
234	20.88979416330689	20.88979416330689
235	21.00779053836829	21.00779053836829
236	21.135451457076805	21.135451457076805
237	21.244588303450577	21.244588303450577
238	21.379566703993426	21.379566703993426
239	21.496105777682835	21.496105777682835
240	21.631421841563274	21.631421841563274
241	21.748011466581183	21.748011466581183
242	21.877792987195875	21.877792987195875
243	21.987621320469437	21.987621320469437
244	22.116631476788196	22.116631476788196
245	22.225330887947496	22.225330887947496
246	22.357875321672772	22.357875321672772
247	22.47281168817171	22.47281168817171
248	22.609688165710708	22.609688165710708
249	22.725149139226893	22.725149139226893
250	22.85861331509492	22.85861331509492
251	22.978856187269535	22.978856187269535
252	23.12291263716881	23.12291263716881
253	23.256240119422692	23.256240119422692
254	23.400449735156407	23.400449735156407
255	23.52495089723099	23.52495089723099
256	23.652921476531905	23.652921476531905
257	23.77289240580199	23.77289240580199
258	23.900112899925233	23.900112899925233
259	24.023792388961674	24.023792388961674
260	24.155899480956812	24.155899480956812
261	24.282350344794146	24.282350344794146
262	24.406890077890186	24.406890077890186
263	24.54240193589319	24.54240193589319
264	24.68194271453428	24.68194271453428
265	24.82617387874975	24.82617387874975
266	24.96225732958535	24.96225732958535
267	25.101841089170623	25.101841089170623
268	25.230460506588663	25.230460506588663
269	25.376285394601688	25.376285394601688
270	25.510726199884356	25.510726199884356
271	25.666839033110996	25.666839033110996
272	25.81357557940227	25.81357557940227
273	25.97361844199477	25.97361844199477
274	26.104555087536966	26.104555087536966
275	26.256408939176396	26.256408939176396
276	26.38669395356112	26.38669395356112
277	26.544364999016082	26.544364999016082
278	26.680918423198122	26.680918423198122
279	26.83870935483405	26.83870935483405
280	26.971623547973785	26.971623547973785
281	27.123487777897033	27.123487777897033
282	27.25543589204851	27.25543589204851
283	27.412669871211996	27.412669871211996
284	27.555455411706575	27.555455411706575
285	27.713471623069083	27.713471623069083
286	27.844648307837446	27.844648307837446
287	27.982175792128253	27.982175792128253
288	28.108910448395868	28.108910448395868
289	28.25538299111786	28.25538299111786
290	28.390932568552763	28.390932568552763
291	28.532548609517583	28.532548609517583
292	28.65900495885756	28.65900495885756
293	28.785484561782056	28.785484561782056
294	28.901966665560657	28.901966665560657
295	29.03309246250332	29.03309246250332
296	29.168377376178267	29.168377376178267
297	29.304552000538852	29.304552000538852
298	29.446326541714043	29.446326541714043
299	29.583125835968744	29.583125835968744
300	29.717204155774006	29.717204155774006
301	29.84355568496713	29.84355568496713
302	29.985797250581214	29.985797250581214
303	30.123444614927024	30.123444614927024
304	30.269662418883037	30.269662418883037
305	30.398191241572405	30.398191241572405
306	30.538030872982915	30.538030872982915
307	30.66664623004965	30.66664623004965
308	30.82160065002939	30.82160065002939
309	30.953867186727706	30.953867186727706
310	31.10754400383859	31.10754400383859
311	31.231858742349488	31.231858742349488
312	31.37435195768886	31.37435195768886
313	31.499644626913927	31.499644626913927
314	31.64664795814743	31.64664795814743
315	31.7695402856599	31.7695402856599
316	31.911988791112243	31.911988791112243
317	32.02934422377153	32.02934422377153
318	32.1624104580003	32.1624104580003
319	32.27645721050877	32.27645721050877
320	32.407070506195005	32.407070506195005
321	32.52748908417608	32.52748908417608
322	32.66073319717144	32.66073319717144
323	32.77929644525483	32.77929644525483
324	32.90308992444855	32.90308992444855
325	33.01482790461869	33.01482790461869
326	33.14150719719049	33.14150719719049
327	33.26142221075415	33.26142221075415
328	33.391366546007625	33.391366546007625
329	33.514328260711785	33.514328260711785
330	33.63294985579154	33.63294985579154
331	33.74621783581324	33.74621783581324
332	33.86066821842204	33.86066821842204
333	33.981791731396065	33.981791731396065
334	34.10908344459427	34.10908344459427
335	34.239615849903146	34.239615849903146
336	34.35639193265281	34.35639193265281
337	34.4788593176779	34.4788593176779
338	34.591483213664304	34.591483213664304
339	34.71903808766173	34.71903808766173
340	34.83768979585766	34.83768979585766
341	34.97260647964319	34.97260647964319
342	35.090311126550844	35.090311126550844
343	35.22222099848732	35.22222099848732
344	35.33537530001761	35.33537530001761
345	35.472772107152124	35.472772107152124
346	35.59392904287189	35.59392904287189
347	35.73231737173322	35.73231737173322
348	35.84571496311385	35.84571496311385
349	35.9797661253925	35.9797661253925
350	36.09335336485517	36.09335336485517
351	36.232541088748704	36.232541088748704
352	36.35667856634285	36.35667856634285
353	36.5055055603804	36.5055055603804
354	36.62805598210517	36.62805598210517
355	36.76309490463521	36.76309490463521
356	36.878664171877126	36.878664171877126
357	37.01426157944083	37.01426157944083
358	37.13847428317901	37.13847428317901
359	37.28102246328882	37.28102246328882
360	37.407959216727605	37.407959216727605
361	37.53596572302335	37.53596572302335
362	37.651098001881635	37.651098001881635
363	37.770526148493076	37.770526148493076
364	37.88809926517582	37.88809926517582
365	38.007889388500914	38.007889388500914
366	38.12321449676051	38.12321449676051
367	38.23431645259595	38.23431645259595
368	38.34150631822225	38.34150631822225
369	38.44928787010196	38.44928787010196
370	38.558872812156636	38.558872812156636
371	38.66703331468908	38.66703331468908
372	38.788862216910964	38.788862216910964
373	38.89897258071254	38.89897258071254
374	39.01254933599321	39.01254933599321
375	39.10966039388252	39.10966039388252
376	39.22196804182644	39.22196804182644
377	39.32531947877801	39.32531947877801
378	39.44469692329158	39.44469692329158
379	39.54595545626217	39.54595545626217
380	39.66268619418321	39.66268619418321
381	39.75786360475797	39.75786360475797
382	39.87491585669359	39.87491585669359
383	39.965754652879056	39.965754652879056
384	40.079727516160226	40.079727516160226
385	40.16967649368139	40.16967649368139
386	40.26913781852461	40.26913781852461
387	40.342913428964366	40.342913428964366
388	40.43618631422526	40.43618631422526
389	40.520472043033635	40.520472043033635
390	40.62868210145612	40.62868210145612
391	40.72042791099064	40.72042791099064
392	40.82454729382104	40.82454729382104
393	40.90441277830545	40.90441277830545
394	40.99643113734267	40.99643113734267
395	41.080308408794764	41.080308408794764
396	41.16964454563319	41.16964454563319
397	41.249714649815054	41.249714649815054
398	41.33890312523455	41.33890312523455
399	41.422390571700475	41.422390571700475
400	41.51202564908101	41.51202564908101
401	41.60141209628091	41.60141209628091
402	41.69782995173136	41.69782995173136
403	41.80296674740348	41.80296674740348
404	41.903270002667156	41.903270002667156
405	42.00633092013305	42.00633092013305
406	42.0943569350463	42.0943569350463
407	42.191921240983135	42.191921240983135
408	42.27880070769402	42.27880070769402
409	42.381188213248286	42.381188213248286
410	42.46576410869764	42.46576410869764
411	42.554762721877864	42.554762721877864
412	42.627219447799675	42.627219447799675
413	42.71735121019351	42.71735121019351
414	42.79616489315001	42.79616489315001
415	42.89070600284035	42.89070600284035
416	42.96676944305772	42.96676944305772
417	43.05614640566597	43.05614640566597
418	43.119446233207185	43.119446233207185
419	43.196799160543065	43.196799160543065
420	43.24704387844757	43.24704387844757
421	43.319028759312104	43.319028759312104
422	43.366407247135456	43.366407247135456
423	43.431356475769775	43.431356475769775
424	43.47221498550536	43.47221498550536
425	43.53260881061564	43.53260881061564
426	43.580641478203816	43.580641478203816
427	43.64593467020534	43.64593467020534
428	43.70876286282152	43.70876286282152
429	43.781644500665	43.781644500665
430	43.84030384057436	43.84030384057436
431	43.90405209522778	43.90405209522778
432	43.96004706948067	43.96004706948067
433	44.03652995407604	44.03652995407604
434	44.11420013528972	44.11420013528972
435	44.196885916767066	44.196885916767066
436	44.28372776259856	44.28372776259856
437	44.362154707583954	44.362154707583954
438	44.449354945026506	44.449354945026506
439	44.53927310701449	44.53927310701449
440	44.63952244867806	44.63952244867806
441	44.73412311853426	44.73412311853426
442	44.831913654499346	44.831913654499346
443	44.906933173892035	44.906933173892035
444	44.98870116528705	44.98870116528705
445	45.05666884568305	45.05666884568305
446	45.138664820285946	45.138664820285946
447	45.206098957248344	45.206098957248344
448	45.29293670861789	45.29293670861789
449	45.36164032583898	45.36164032583898
450	45.452564202679504	45.452564202679504
451	45.52921746857393	45.52921746857393
452	45.63116263636009	45.63116263636009
453	45.71257899958141	45.71257899958141
454	45.817977946024534	45.817977946024534
455	45.895156456752616	45.895156456752616
456	45.982137624690566	45.982137624690566
457	46.04987712126919	46.04987712126919
458	46.14841323800687	46.14841323800687
459	46.22742123020096	46.22742123020096
460	46.32531390512961	46.32531390512961
461	46.4031978002412	46.4031978002412
462	46.4955233076684	46.4955233076684
463	46.56689054866822	46.56689054866822
464	46.655637221893095	46.655637221893095
465	46.73688346566293	46.73688346566293
466	46.83317837821504	46.83317837821504
467	46.91847124373271	46.91847124373271
468	47.00598773876827	47.00598773876827
469	47.085767872381254	47.085767872381254
470	47.17113996302122	47.17113996302122
471	47.265735003959556	47.265735003959556
472	47.362583828491715	47.362583828491715
473	47.463441830204346	47.463441830204346
474	47.55592507683032	47.55592507683032
475	47.650367792780756	47.650367792780756
476	47.74023529942531	47.74023529942531
477	47.8463995014927	47.8463995014927
478	47.93857442456871	47.93857442456871
479	48.04410868580722	48.04410868580722
480	48.13101050558211	48.13101050558211
481	48.23117404763225	48.23117404763225
482	48.31827597120166	48.31827597120166
483	48.42938696794836	48.42938696794836
484	48.52759609501261	48.52759609501261
485	48.637756033359665	48.637756033359665
486	48.72374840367591	48.72374840367591
487	48.82651359991682	48.82651359991682
488	48.904594463632975	48.904594463632975
489	49.0001311760777	49.0001311760777
490	49.09105457134133	49.09105457134133
491	49.203494901207485	49.203494901207485
492	49.29518948809993	49.29518948809993
493	49.39184735809667	49.39184735809667
494	49.468243309285015	49.468243309285015
495	49.558496863585944	49.558496863585944
496	49.63886528212363	49.63886528212363
497	49.73059838323918	49.73059838323918
498	49.801723940535155	49.801723940535155
499	49.87972772549835	49.87972772549835
500	49.94141798570924	49.94141798570924
501	50.01669802826818	50.01669802826818
502	50.08728136751947	50.08728136751947
503	50.16813807919827	50.16813807919827
504	50.24129703727045	50.24129703727045
505	50.32525469880228	50.32525469880228
506	50.407631434915075	50.407631434915075
507	50.499765325076275	50.499765325076275
508	50.60152655574803	50.60152655574803
509	50.70232370331868	50.70232370331868
510	50.805999355291064	50.805999355291064
511	50.894839029975635	50.894839029975635
512	50.98706415639931	50.98706415639931
513	51.0574027535681	51.0574027535681
514	51.13867704937107	51.13867704937107
515	51.21442780070073	51.21442780070073
516	51.299744092375704	51.299744092375704
517	51.36080976695123	51.36080976695123
518	51.43635535649955	51.43635535649955
519	51.48538836150095	51.48538836150095
520	51.55399074182843	51.55399074182843
521	51.61318477236879	51.61318477236879
522	51.69332276033492	51.69332276033492
523	51.74985166082584	51.74985166082584
524	51.81665327465727	51.81665327465727
525	51.868644689536616	51.868644689536616
526	51.93888401854019	51.93888401854019
527	51.99668637002492	51.99668637002492
528	52.0843644586848	52.0843644586848
529	52.16450958221459	52.16450958221459
530	52.26254462724205	52.26254462724205
531	52.339973440545606	52.339973440545606
532	52.43052828585515	52.43052828585515
533	52.50286000831707	52.50286000831707
534	52.58160210216483	52.58160210216483
535	52.644986700142574	52.644986700142574
536	52.704240596084176	52.704240596084176
537	52.74497918949544	52.74497918949544
538	52.79206551929063	52.79206551929063
539	52.84479625850211	52.84479625850211
540	52.90647825632438	52.90647825632438
541	52.97055405570082	52.97055405570082
542	53.02862078469646	53.02862078469646
543	53.08470849753143	53.08470849753143
544	53.13957318918632	53.13957318918632
545	53.195073271175914	53.195073271175914
546	53.24894408224621	53.24894408224621
547	53.30863881972526	53.30863881972526
548	53.35024309083305	53.35024309083305
549	53.39974912626533	53.39974912626533
550	53.4395766424181	53.4395766424181
551	53.49490351179124	53.49490351179124
552	53.53433935005647	53.53433935005647
553	53.58365495325633	53.58365495325633
554	53.62854710476127	53.62854710476127
555	53.680898305353296	53.680898305353296
556	53.71754159825099	53.71754159825099
557	53.776397406573864	53.776397406573864
558	53.82558446387482	53.82558446387482
559	53.89597266160888	53.89597266160888
560	53.95760811249504	53.95760811249504
561	54.024156192743405	54.024156192743405
562	54.06823787659069	54.06823787659069
563	54.127934311118	54.127934311118
564	54.16845515511733	54.16845515511733
565	54.23139888687779	54.23139888687779
566	54.28271611178096	54.28271611178096
567	54.34601567200153	54.34601567200153
568	54.389537092022564	54.389537092022564
569	54.45007501999518	54.45007501999518
570	54.50031233129963	54.50031233129963
571	54.55844092100733	54.55844092100733
572	54.60773564634106	54.60773564634106
573	54.664958624674114	54.664958624674114
574	54.71580896091372	54.71580896091372
575	54.770804620843876	54.770804620843876
576	54.829000238805094	54.829000238805094
577	54.90197310591792	54.90197310591792
578	54.9824646545561	54.9824646545561
579	55.0616271011356	55.0616271011356
580	55.14426124327417	55.14426124327417
581	55.215461665066385	55.215461665066385
582	55.295723878798725	55.295723878798725
583	55.3587163397648	55.3587163397648
584	55.43670952712289	55.43670952712289
585	55.512425888344765	55.512425888344765
586	55.59997961101029	55.59997961101029
587	55.672610477516045	55.672610477516045
588	55.761251366857294	55.761251366857294
589	55.83214536395079	55.83214536395079
590	55.927515864269246	55.927515864269246
591	56.00022365967334	56.00022365967334
592	56.088454972917795	56.088454972917795
593	56.14951976010174	56.14951976010174
594	56.23208911094686	56.23208911094686
595	56.30474220130287	56.30474220130287
596	56.40268717003036	56.40268717003036
597	56.4779823382801	56.4779823382801
598	56.56941170615401	56.56941170615401
599	56.63974654065839	56.63974654065839
600	56.729075179570664	56.729075179570664
601	56.81026082225887	56.81026082225887
602	56.90687756662642	56.90687756662642
603	56.989153612168096	56.989153612168096
604	57.08949590510275	57.08949590510275
605	57.166427759104934	57.166427759104934
606	57.24014666604608	57.24014666604608
607	57.29751452723298	57.29751452723298
608	57.36039836894787	57.36039836894787
609	57.41728626873953	57.41728626873953
610	57.48014308447252	57.48014308447252
611	57.536159722359024	57.536159722359024
612	57.60724653809642	57.60724653809642
613	57.67114954695061	57.67114954695061
614	57.73080306254343	57.73080306254343
615	57.79800376378168	57.79800376378168
616	57.866666541222415	57.866666541222415
617	57.939137913494164	57.939137913494164
618	57.99560322031185	57.99560322031185
619	58.051288621181634	58.051288621181634
620	58.09440757342595	58.09440757342595
621	58.15588801491501	58.15588801491501
622	58.195978383569226	58.195978383569226
623	58.2472232589131	58.2472232589131
624	58.281695127237604	58.281695127237604
625	58.33372210736425	58.33372210736425
626	58.37185621664704	58.37185621664704
627	58.42920026940892	58.42920026940892
628	58.46803183965015	58.46803183965015
629	58.512429649455036	58.512429649455036
630	58.53607946514091	58.53607946514091
631	58.57679624359834	58.57679624359834
632	58.59405039633235	58.59405039633235
633	58.62359396355629	58.62359396355629
634	58.62703006645879	58.62703006645879
635	58.64770209817155	58.64770209817155
636	58.65251706104998	58.65251706104998
637	58.66992588249745	58.66992588249745
638	58.67383851235256	58.67383851235256
639	58.69572235122909	58.69572235122909
640	58.71348612799964	58.71348612799964
641	58.7353444628295	58.7353444628295
642	58.739926134497225	58.739926134497225
643	58.74405803356743	58.74405803356743
644	58.72959687735744	58.72959687735744
645	58.723074553882725	58.723074553882725
646	58.71829467923716	58.71829467923716
647	58.71936270547337	58.71936270547337
648	58.72545569334012	58.72545569334012
649	58.72297479295156	58.72297479295156
650	58.72821708878645	58.72821708878645
651	58.73997567988437	58.73997567988437
652	58.765215704541085	58.765215704541085
653	58.7739878833208	58.7739878833208
654	58.80888498993098	58.80888498993098
655	58.83018493888735	58.83018493888735
656	58.86024512278287	58.86024512278287
657	58.87054207742365	58.87054207742365
658	58.90271293405894	58.90271293405894
659	58.92278871301254	58.92278871301254
660	58.971915754048666	58.971915754048666
661	58.99513767964779	58.99513767964779
662	59.03180391246208	59.03180391246208
663	59.041446618527765	59.041446618527765
664	59.08163489677679	59.08163489677679
665	59.112659418599414	59.112659418599414
666	59.173188009080086	59.173188009080086
667	59.21433640862073	59.21433640862073
668	59.266241874502356	59.266241874502356
669	59.28819537730224	59.28819537730224
670	59.336951446035954	59.336951446035954
671	59.360303821066594	59.360303821066594
672	59.40121148012276	59.40121148012276
673	59.4356618532386	59.4356618532386
674	59.4737790440687	59.4737790440687
675	59.49407197345447	59.49407197345447
676	59.526431908784666	59.526431908784666
677	59.55940270401687	59.55940270401687
678	59.597407944812424	59.597407944812424
679	59.630278051882726	59.630278051882726
680	59.65911590618239	59.65911590618239
681	59.68683324177461	59.68683324177461
682	59.71006650213723	59.71006650213723
683	59.73198215428937	59.73198215428937
684	59.75573004001486	59.75573004001486
685	59.79010480116804	59.79010480116804
686	59.81987051062571	59.81987051062571
687	59.86182557046815	59.86182557046815
688	59.88634353367373	59.88634353367373
689	59.91493694106386	59.91493694106386
690	59.93148411955895	59.93148411955895
691	59.9648911177341	59.9648911177341
692	59.97387208908157	59.97387208908157
693	59.99347246223408	59.99347246223408
694	59.994121207236844	59.994121207236844
695	60.02397429305367	60.02397429305367
696	60.028485851469384	60.028485851469384
697	60.05368709784898	60.05368709784898
698	60.06196842818873	60.06196842818873
699	60.08525676912083	60.08525676912083
700	60.09127471155603	60.09127471155603
701	60.113903264371274	60.113903264371274
702	60.12780311739236	60.12780311739236
703	60.16201634663282	60.16201634663282
704	60.18716881491682	60.18716881491682
705	60.2219693204765	60.2219693204765
706	60.23604602035843	60.23604602035843
707	60.26700559969588	60.26700559969588
708	60.28797834943804	60.28797834943804
709	60.32315859276278	60.32315859276278
710	60.34793563317222	60.34793563317222
711	60.38025496975976	60.38025496975976
712	60.41037480030226	60.41037480030226
713	60.44256656296636	60.44256656296636
714	60.4801286286966	60.4801286286966
715	60.52115133356599	60.52115133356599
716	60.56416441359825	60.56416441359825
717	60.60255357145244	60.60255357145244
718	60.637690253219134	60.637690253219134
719	60.66602294202172	60.66602294202172
720	60.710538102882026	60.710538102882026
721	60.75010676745745	60.75010676745745
722	60.803239941510796	60.803239941510796
723	60.84297498133468	60.84297498133468
724	60.89155823292296	60.89155823292296
725	60.92693878292751	60.92693878292751
726	60.973715220317374	60.973715220317374
727	61.00562875089377	61.00562875089377
728	61.06578070647581	61.06578070647581
729	61.10502086144222	61.10502086144222
730	61.170609979210155	61.170609979210155
731	61.212724812939406	61.212724812939406
732	61.274794122368625	61.274794122368625
733	61.3263699584798	61.3263699584798
734	61.4048440036001	61.4048440036001
735	61.46932918058235	61.46932918058235
736	61.54381442836599	61.54381442836599
737	61.59974360456176	61.59974360456176
738	61.66639764634172	61.66639764634172
739	61.72124740572154	61.72124740572154
740	61.7922023092272	61.7922023092272
741	61.855112459338834	61.855112459338834
742	61.92832987260993	61.92832987260993
743	61.98185389592525	61.98185389592525
744	62.03438717338135	62.03438717338135
745	62.0762829754193	62.0762829754193
746	62.13939948910972	62.13939948910972
747	62.203029870107024	62.203029870107024
748	62.273753772719274	62.273753772719274
749	62.330016101627955	62.330016101627955
750	62.382240753791024	62.382240753791024
751	62.42804696537606	62.42804696537606
752	62.47664345513878	62.47664345513878
753	62.539196470154685	62.539196470154685
754	62.60157958586585	62.60157958586585
755	62.67082590985481	62.67082590985481
756	62.734792228786944	62.734792228786944
757	62.801819376758054	62.801819376758054
758	62.8594088168007	62.8594088168007
759	62.927147032674256	62.927147032674256
760	62.990500622948616	62.990500622948616
761	63.064545673371114	63.064545673371114
762	63.12377376870816	63.12377376870816
763	63.19053154337619	63.19053154337619
764	63.24446877549748	63.24446877549748
765	63.31818842776956	63.31818842776956
766	63.387006928950285	63.387006928950285
767	63.48024890753817	63.48024890753817
768	63.5517537144595	63.5517537144595
769	63.64324587313901	63.64324587313901
770	63.7191317236047	63.7191317236047
771	63.80699675424743	63.80699675424743
772	63.886797694518336	63.886797694518336
773	63.987500314365576	63.987500314365576
774	64.0740001010721	64.0740001010721
775	64.16863806663028	64.16863806663028
776	64.23996779460886	64.23996779460886
777	64.31863006214707	64.31863006214707
778	64.39309192464982	64.39309192464982
779	64.47385660800518	64.47385660800518
780	64.54234290213891	64.54234290213891
781	64.61594836713324	64.61594836713324
782	64.6840731551138	64.6840731551138
783	64.74538841160103	64.74538841160103
784	64.80639688181927	64.80639688181927
785	64.87689095576523	64.87689095576523
786	64.95598614501768	64.95598614501768
787	65.02578048917111	65.02578048917111
788	65.1032542781553	65.1032542781553
789	65.1821349279812	65.1821349279812
790	65.27748704266168	65.27748704266168
791	65.36512293073383	65.36512293073383
792	65.45989367731343	65.45989367731343
793	65.53302772593781	65.53302772593781
794	65.61411088966179	65.61411088966179
795	65.67905880576474	65.67905880576474
796	65.75784650367915	65.75784650367915
797	65.82249969420273	65.82249969420273
798	65.90451722230496	65.90451722230496
799	65.97187789683201	65.97187789683201
800	66.04972640149478	66.04972640149478
801	66.11645310997245	66.11645310997245
802	66.20459385070475	66.20459385070475
803	66.27326315928019	66.27326315928019
804	66.356509379178	66.356509379178
805	66.4331745089906	66.4331745089906
806	66.53069867104058	66.53069867104058
807	66.60193270525721	66.60193270525721
808	66.68985388167313	66.68985388167313
809	66.77161827980976	66.77161827980976
810	66.87018553608416	66.87018553608416
811	66.95195287543679	66.95195287543679
812	67.04678179557561	67.04678179557561
813	67.12755960240509	67.12755960240509
814	67.21985133675119	67.21985133675119
815	67.30034759584545	67.30034759584545
816	67.40190691956161	67.40190691956161
817	67.49266709950736	67.49266709950736
818	67.58952764131507	67.58952764131507
819	67.67323345202529	67.67323345202529
820	67.7531914554185	67.7531914554185
821	67.81897633492927	67.81897633492927
822	67.88767247331853	67.88767247331853
823	67.95868379921248	67.95868379921248
824	68.02122617492317	68.02122617492317
825	68.08721966754045	68.08721966754045
826	68.14243483051149	68.14243483051149
827	68.21786666493382	68.21786666493382
828	68.28647314669941	68.28647314669941
829	68.37660158929518	68.37660158929518
830	68.44454570496177	68.44454570496177
831	68.52055957411454	68.52055957411454
832	68.57998680996978	68.57998680996978
833	68.6482145591583	68.6482145591583
834	68.70186984420452	68.70186984420452
835	68.75592993742609	68.75592993742609
836	68.79250766022113	68.79250766022113
837	68.85827745875748	68.85827745875748
838	68.92488761440595	68.92488761440595
839	69.00124603247826	69.00124603247826
840	69.07371359816621	69.07371359816621
841	69.16714982893218	69.16714982893218
842	69.24407893245628	69.24407893245628
843	69.33789032012639	69.33789032012639
844	69.40773957404478	69.40773957404478
845	69.49106924495852	69.49106924495852
846	69.55858420801785	69.55858420801785
847	69.64514731830128	69.64514731830128
848	69.7165964886094	69.7165964886094
849	69.78551322440876	69.78551322440876
850	69.83327607883288	69.83327607883288
851	69.88171081848638	69.88171081848638
852	69.93284523684976	69.93284523684976
853	70.0009012731319	70.0009012731319
854	70.05893416058905	70.05893416058905
855	70.11432275412233	70.11432275412233
856	70.16733060966608	70.16733060966608
857	70.21379519399609	70.21379519399609
858	70.27553805059742	70.27553805059742
859	70.32589260903816	70.32589260903816
860	70.3911252978725	70.3911252978725
861	70.43863172802031	70.43863172802031
862	70.49324061702278	70.49324061702278
863	70.54325425439029	70.54325425439029
864	70.61205252376391	70.61205252376391
865	70.66746519482099	70.66746519482099
866	70.73433492848345	70.73433492848345
867	70.78556008975899	70.78556008975899
868	70.86088479272975	70.86088479272975
869	70.90926950082797	70.90926950082797
870	70.9749122169691	70.9749122169691
871	71.02317371853613	71.02317371853613
872	71.08585019847489	71.08585019847489
873	71.12072514889626	71.12072514889626
874	71.16695103772747	71.16695103772747
875	71.18110074737105	71.18110074737105
876	71.21951925859862	71.21951925859862
877	71.22943981544601	71.22943981544601
878	71.25831970743876	71.25831970743876
879	71.28433957673283	71.28433957673283
880	71.32344361404442	71.32344361404442
881	71.33254777916817	71.33254777916817
882	71.3475851039386	71.3475851039386
883	71.35616205637777	71.35616205637777
884	71.37218727347566	71.37218727347566
885	71.38542017308507	71.38542017308507
886	71.39868487976669	71.39868487976669
887	71.40405619114978	71.40405619114978
888	71.40961802534075	71.40961802534075
889	71.41112498623568	71.41112498623568
890	71.4153841931327	71.4153841931327
891	71.42225573332139	71.42225573332139
892	71.42279579189201	71.42279579189201
893	71.42892463815578	71.42892463815578
894	71.41757535080502	71.41757535080502
895	71.41113155882825	71.41113155882825
896	71.40345855462907	71.40345855462907
897	71.42037642451507	71.42037642451507
898	71.42715821391457	71.42715821391457
899	71.43449945341179	71.43449945341179
900	71.42711154276321	71.42711154276321
901	71.43001052265456	71.43001052265456
902	71.423827904643	71.423827904643
903	71.43230910674781	71.43230910674781
904	71.42902177794798	71.42902177794798
905	71.44687123105618	71.44687123105618
906	71.44852319222305	71.44852319222305
907	71.46086709095955	71.46086709095955
908	71.45201492188157	71.45201492188157
909	71.47571871397007	71.47571871397007
910	71.47590572689948	71.47590572689948
911	71.4972686643452	71.4972686643452
912	71.48903623822967	71.48903623822967
913	71.50204680926696	71.50204680926696
914	71.50607902865232	71.50607902865232
915	71.50985230981803	71.50985230981803
916	71.48655347419175	71.48655347419175
917	71.47388582600222	71.47388582600222
918	71.4565500036566	71.4565500036566
919	71.45023128806153	71.45023128806153
920	71.4341570099279	71.4341570099279
921	71.42755120872003	71.42755120872003
922	71.42402218524553	71.42402218524553
923	71.43047362648456	71.43047362648456
924	71.43723881838596	71.43723881838596
925	71.43493697560368	71.43493697560368
926	71.42742735499878	71.42742735499878
927	71.42346105979178	71.42346105979178
928	71.42840666398985	71.42840666398985
929	71.42060578820572	71.42060578820572
930	71.41641500685064	71.41641500685064
931	71.39565705596806	71.39565705596806
932	71.39571255428882	71.39571255428882
933	71.39227051357265	71.39227051357265
934	71.41486703163503	71.41486703163503
935	71.42918468314275	71.42918468314275
936	71.45607939383474	71.45607939383474
937	71.4603404992694	71.4603404992694
938	71.48208391540405	71.48208391540405
939	71.48159777138532	71.48159777138532
940	71.49399592762919	71.49399592762919
941	71.48698705196105	71.48698705196105
942	71.4874801678496	71.4874801678496
943	71.46853383588113	71.46853383588113
944	71.45674383643974	71.45674383643974
945	71.4172542016315	71.4172542016315
946	71.40343363716663	71.40343363716663
947	71.3850032824687	71.3850032824687
948	71.3820777128764	71.3820777128764
949	71.36530015404847	71.36530015404847
950	71.35671930838747	71.35671930838747
951	71.31573087906605	71.31573087906605
952	71.29493235605999	71.29493235605999
953	71.25508303081035	71.25508303081035
954	71.21236389798122	71.21236389798122
955	71.16366406527284	71.16366406527284
956	71.12074232472166	71.12074232472166
957	71.0794241908707	71.0794241908707
958	71.04417989828988	71.04417989828988
959	71.01392501016996	71.01392501016996
960	70.98771326809124	70.98771326809124
961	70.98018704063517	70.98018704063517
962	70.97041477753496	70.97041477753496
963	70.94672081285592	70.94672081285592
964	70.91889251238709	70.91889251238709
965	70.90877655258505	70.90877655258505
966	70.90180014808442	70.90180014808442
967	70.90763598220056	70.90763598220056
968	70.88923794425165	70.88923794425165
969	70.87142293064824	70.87142293064824
970	70.82958998430732	70.82958998430732
971	70.79790429490558	70.79790429490558
972	70.76379819448297	70.76379819448297
973	70.74386813052476	70.74386813052476
974	70.6969347782764	70.6969347782764
975	70.66652976576773	70.66652976576773
976	70.61849857186454	70.61849857186454
977	70.59860927498713	70.59860927498713
978	70.56436911910791	70.56436911910791
979	70.55948249329919	70.55948249329919
980	70.5310360999115	70.5310360999115
981	70.50368417308613	70.50368417308613
982	70.46184321507212	70.46184321507212
983	70.45210118629974	70.45210118629974
984	70.43650362589374	70.43650362589374
985	70.42196557074084	70.42196557074084
986	70.39841423771709	70.39841423771709
987	70.38072671760906	70.38072671760906
988	70.3518743024289	70.3518743024289
989	70.31668544415867	70.31668544415867
990	70.2930688465944	70.2930688465944
991	70.28723235922757	70.28723235922757
992	70.283049577501	70.283049577501
993	70.26735776558675	70.26735776558675
994	70.24956267154673	70.24956267154673
995	70.24439445052107	70.24439445052107
996	70.25839708227406	70.25839708227406
997	70.27308658237891	70.27308658237891
998	70.30314477251792	70.30314477251792
999	70.33050052842646	70.33050052842646
1000	70.35699672123843	70.35699672123843
1001	70.37371517849085	70.37371517849085
1002	70.39279789708449	70.39279789708449
1003	70.40170507458153	70.40170507458153
1004	70.43525476086633	70.43525476086633
1005	70.45350283096772	70.45350283096772
1006	70.50102653445146	70.50102653445146
1007	70.52507399514286	70.52507399514286
1008	70.56458289282445	70.56458289282445
1009	70.59862064608292	70.59862064608292
1010	70.6502059074158	70.6502059074158
1011	70.6836533895327	70.6836533895327
1012	70.72762644315155	70.72762644315155
1013	70.75573048735619	70.75573048735619
1014	70.81607805557684	70.81607805557684
1015	70.86497003964897	70.86497003964897
1016	70.93288332887212	70.93288332887212
1017	70.98864757984441	70.98864757984441
1018	71.06285405928179	71.06285405928179
1019	71.11298965188766	71.11298965188766
1020	71.16825540741695	71.16825540741695
1021	71.20839770337042	71.20839770337042
1022	71.26327003332925	71.26327003332925
1023	71.31296236578542	71.31296236578542
1024	71.36783856410439	71.36783856410439
1025	71.42220737176923	71.42220737176923
1026	71.47144707936496	71.47144707936496
1027	71.51780659513219	71.51780659513219
1028	71.57879314901578	71.57879314901578
1029	71.65384029492773	71.65384029492773
1030	71.72205325350305	71.72205325350305
1031	71.78564800802576	71.78564800802576
1032	71.84412038070188	71.84412038070188
1033	71.90643973508357	71.90643973508357
1034	71.96014396872248	71.96014396872248
1035	72.01201930371087	72.01201930371087
1036	72.0494766847327	72.0494766847327
1037	72.08843842322712	72.08843842322712
1038	72.10671864704416	72.10671864704416
1039	72.13926422105692	72.13926422105692
1040	72.15799920125318	72.15799920125318
1041	72.2052288107471	72.2052288107471
1042	72.22538441491122	72.22538441491122
1043	72.25956885978651	72.25956885978651
1044	72.2778621913876	72.2778621913876
1045	72.320536353609	72.320536353609
1046	72.34832294303845	72.34832294303845
1047	72.38938596131148	72.38938596131148
1048	72.41197001815995	72.41197001815995
1049	72.44545902520142	72.44545902520142
1050	72.46952103031009	72.46952103031009
1051	72.50044494797454	72.50044494797454
1052	72.51583350602158	72.51583350602158
1053	72.54542292193935	72.54542292193935
1054	72.56855394742243	72.56855394742243
1055	72.60204337787782	72.60204337787782
1056	72.62885659926272	72.62885659926272
1057	72.66060776185252	72.66060776185252
1058	72.69882295580204	72.69882295580204
1059	72.74328567688761	72.74328567688761
1060	72.77333254932762	72.77333254932762
1061	72.8049518253197	72.8049518253197
1062	72.83089830762873	72.83089830762873
1063	72.86210696580912	72.86210696580912
1064	72.89348516965987	72.89348516965987
1065	72.92970465092974	72.92970465092974
1066	72.97288710849129	72.97288710849129
1067	73.02091817908722	73.02091817908722
1068	73.07974075713956	73.07974075713956
1069	73.12450329493856	73.12450329493856
1070	73.19504999720041	73.19504999720041
1071	73.25330928826281	73.25330928826281
1072	73.31889553867508	73.31889553867508
1073	73.36491432251479	73.36491432251479
1074	73.42192198509673	73.42192198509673
1075	73.45133843069479	73.45133843069479
1076	73.48984042192299	73.48984042192299
1077	73.49760904611409	73.49760904611409
1078	73.52822536306802	73.52822536306802
1079	73.55126070903367	73.55126070903367
1080	73.5943141982825	73.5943141982825
1081	73.61431457934793	73.61431457934793
1082	73.64467021051495	73.64467021051495
1083	73.65202986337653	73.65202986337653
1084	73.68529569277999	73.68529569277999
1085	73.71088047244893	73.71088047244893
1086	73.7460520148885	73.7460520148885
1087	73.77628835415011	73.77628835415011
1088	73.83003585940105	73.83003585940105
1089	73.869392895848	73.869392895848
1090	73.92117243112068	73.92117243112068
1091	73.96388221388092	73.96388221388092
1092	74.02437772176461	74.02437772176461
1093	74.07038162780185	74.07038162780185
1094	74.12325046526051	74.12325046526051
1095	74.16691639966247	74.16691639966247
1096	74.21537220899985	74.21537220899985
1097	74.26762030097898	74.26762030097898
1098	74.3211937311266	74.3211937311266
1099	74.36080788331986	74.36080788331986
1100	74.39533188704468	74.39533188704468
1101	74.42556717564412	74.42556717564412
1102	74.45731324567194	74.45731324567194
1103	74.50188260708492	74.50188260708492
1104	74.55730014560342	74.55730014560342
1105	74.61998000853222	74.61998000853222
1106	74.67212000066158	74.67212000066158
1107	74.72535877507804	74.72535877507804
1108	74.7588216201413	74.7588216201413
1109	74.79978990996476	74.79978990996476
1110	74.8295024201435	74.8295024201435
1111	74.87267015052227	74.87267015052227
1112	74.8985465090463	74.8985465090463
1113	74.93467527158074	74.93467527158074
1114	74.94524662488948	74.94524662488948
1115	74.96529346977576	74.96529346977576
1116	74.98628341618483	74.98628341618483
1117	75.02607556055383	75.02607556055383
1118	75.05027304798867	75.05027304798867
1119	75.07679580289698	75.07679580289698
1120	75.09757533756779	75.09757533756779
1121	75.14297836555613	75.14297836555613
1122	75.17757846104169	75.17757846104169
1123	75.21036296540822	75.21036296540822
1124	75.22977471157988	75.22977471157988
1125	75.25722390521115	75.25722390521115
1126	75.2560984796453	75.2560984796453
1127	75.25872959682037	75.25872959682037
1128	75.24127716148121	75.24127716148121
1129	75.23936033376071	75.23936033376071
1130	75.22549314024575	75.22549314024575
1131	75.20810311966541	75.20810311966541
1132	75.18491279177962	75.18491279177962
1133	75.15745738583834	75.15745738583834
1134	75.13455035440583	75.13455035440583
1135	75.12046529654943	75.12046529654943
1136	75.10866558392473	75.10866558392473
1137	75.09143603807648	75.09143603807648
1138	75.0838555104663	75.0838555104663
1139	75.04393308548845	75.04393308548845
1140	75.00735771299847	75.00735771299847
1141	74.96803543672556	74.96803543672556
1142	74.94985312125608	74.94985312125608
1143	74.91505841735301	74.91505841735301
1144	74.89200288317258	74.89200288317258
1145	74.8585721281362	74.8585721281362
1146	74.8307509053904	74.8307509053904
1147	74.79218697963562	74.79218697963562
1148	74.76449424323368	74.76449424323368
1149	74.71418839403336	74.71418839403336
1150	74.68165773975022	74.68165773975022
1151	74.6418583457784	74.6418583457784
1152	74.62225538589388	74.62225538589388
1153	74.58335221045431	74.58335221045431
1154	74.5732434488938	74.5732434488938
1155	74.54116511412823	74.54116511412823
1156	74.52475742484316	74.52475742484316
1157	74.50195113982	74.50195113982
1158	74.48730139560608	74.48730139560608
1159	74.45019269505931	74.45019269505931
1160	74.43957968493238	74.43957968493238
1161	74.41935715432453	74.41935715432453
1162	74.41266400660835	74.41266400660835
1163	74.39193863507415	74.39193863507415
1164	74.38541144511892	74.38541144511892
1165	74.39192595020921	74.39192595020921
1166	74.39642152374843	74.39642152374843
1167	74.39437584234359	74.39437584234359
1168	74.39746109447161	74.39746109447161
1169	74.3927153712595	74.3927153712595
1170	74.39905287134764	74.39905287134764
1171	74.41232431551566	74.41232431551566
1172	74.4176544930261	74.4176544930261
1173	74.43372783902169	74.43372783902169
1174	74.4466232235419	74.4466232235419
1175	74.46445169017187	74.46445169017187
1176	74.47286462168545	74.47286462168545
1177	74.49891731472067	74.49891731472067
1178	74.51071004046727	74.51071004046727
1179	74.54425686104932	74.54425686104932
1180	74.56829533674201	74.56829533674201
1181	74.61020414812936	74.61020414812936
1182	74.6157896250999	74.6157896250999
1183	74.63351081353431	74.63351081353431
1184	74.64079660196833	74.64079660196833
1185	74.6750324858896	74.6750324858896
1186	74.68018163934569	74.68018163934569
1187	74.68023299369337	74.68023299369337
1188	74.65686389381521	74.65686389381521
1189	74.66683738785338	74.66683738785338
1190	74.67088744888329	74.67088744888329
1191	74.68595079847266	74.68595079847266
1192	74.68472002950907	74.68472002950907
1193	74.69352506013695	74.69352506013695
1194	74.69006573673026	74.69006573673026
1195	74.69388383135765	74.69388383135765
1196	74.68972259669405	74.68972259669405
1197	74.70258921966534	74.70258921966534
1198	74.70444333820697	74.70444333820697
1199	74.70234627231837	74.70234627231837
1200	74.68701936341037	74.68701936341037
1201	74.67257996217805	74.67257996217805
1202	74.65312218103566	74.65312218103566
1203	74.628425104272	74.628425104272
1204	74.61484052270526	74.61484052270526
1205	74.59345269420116	74.59345269420116
1206	74.58013952513595	74.58013952513595
1207	74.5578528323862	74.5578528323862
1208	74.52499302161803	74.52499302161803
1209	74.47626737208464	74.47626737208464
1210	74.45175514175557	74.45175514175557
1211	74.42941299112249	74.42941299112249
1212	74.41306611999852	74.41306611999852
1213	74.39784753756899	74.39784753756899
1214	74.38616951967792	74.38616951967792
1215	74.37540154636437	74.37540154636437
1216	74.38136665888902	74.38136665888902
1217	74.37482115990795	74.37482115990795
1218	74.39456778734947	74.39456778734947
1219	74.39930724410101	74.39930724410101
1220	74.41124365177015	74.41124365177015
1221	74.40085639779733	74.40085639779733
1222	74.39060390909466	74.39060390909466
1223	74.36331151648663	74.36331151648663
1224	74.36768033770983	74.36768033770983
1225	74.35649793491781	74.35649793491781
1226	74.36431238040095	74.36431238040095
1227	74.354408577833	74.354408577833
1228	74.37881013280501	74.37881013280501
1229	74.39389748285187	74.39389748285187
1230	74.42717239346123	74.42717239346123
1231	74.45875572841763	74.45875572841763
1232	74.49303943480186	74.49303943480186
1233	74.51733284096213	74.51733284096213
1234	74.55527167780647	74.55527167780647
1235	74.59391704541993	74.59391704541993
1236	74.63930193421072	74.63930193421072
1237	74.69284072781036	74.69284072781036
1238	74.75100682782053	74.75100682782053
1239	74.80803167599555	74.80803167599555
1240	74.86162787032065	74.86162787032065
1241	74.90835250706462	74.90835250706462
1242	74.95755736446758	74.95755736446758
1243	75.01527706655378	75.01527706655378
1244	75.06222797635317	75.06222797635317
1245	75.10299211937993	75.10299211937993
1246	75.14788489222991	75.14788489222991
1247	75.20157435220264	75.20157435220264
1248	75.24574011155116	75.24574011155116
1249	75.30837818522083	75.30837818522083
1250	75.3528547997629	75.3528547997629
1251	75.4112618668116	75.4112618668116
1252	75.43497826150042	75.43497826150042
1253	75.47438566216286	75.47438566216286
1254	75.51430343960368	75.51430343960368
1255	75.58943795100953	75.58943795100953
1256	75.6417904126618	75.6417904126618
1257	75.70964879808471	75.70964879808471
1258	75.74596604192365	75.74596604192365
1259	75.80467705032906	75.80467705032906
1260	75.83659920210651	75.83659920210651
1261	75.89864758405164	75.89864758405164
1262	75.94233325826045	75.94233325826045
1263	75.99947380309486	75.99947380309486
1264	76.04916362933733	76.04916362933733
1265	76.09599497067909	76.09599497067909
1266	76.14485581368771	76.14485581368771
1267	76.19771784957734	76.19771784957734
1268	76.23632549448209	76.23632549448209
1269	76.26718680852913	76.26718680852913
1270	76.28411789714606	76.28411789714606
1271	76.30504140804445	76.30504140804445
1272	76.33619258430417	76.33619258430417
1273	76.38179483726354	76.38179483726354
1274	76.43008873394962	76.43008873394962
1275	76.48377768571997	76.48377768571997
1276	76.53103052398868	76.53103052398868
1277	76.57965358080293	76.57965358080293
1278	76.62214251223617	76.62214251223617
1279	76.6660693227443	76.6660693227443
1280	76.71620803536257	76.71620803536257
1281	76.75390506132966	76.75390506132966
1282	76.80209688447837	76.80209688447837
1283	76.8305889324966	76.8305889324966
1284	76.88610598641807	76.88610598641807
1285	76.92331666406115	76.92331666406115
1286	76.981117940097	76.981117940097
1287	77.01928441810267	77.01928441810267
1288	77.0757546476417	77.0757546476417
1289	77.10313497362637	77.10313497362637
1290	77.15259485639623	77.15259485639623
1291	77.19808899435738	77.19808899435738
1292	77.26072917405722	77.26072917405722
1293	77.3039630663308	77.3039630663308
1294	77.34950865015617	77.34950865015617
1295	77.35757895936962	77.35757895936962
1296	77.38013589579347	77.38013589579347
1297	77.3957565907582	77.3957565907582
1298	77.44185051408984	77.44185051408984
1299	77.47836793190154	77.47836793190154
1300	77.51742696524964	77.51742696524964
1301	77.52254739302256	77.52254739302256
1302	77.52984284257494	77.52984284257494
1303	77.52293034527038	77.52293034527038
1304	77.52544659280903	77.52544659280903
1305	77.52038813244558	77.52038813244558
1306	77.51429814012363	77.51429814012363
1307	77.49183693199737	77.49183693199737
1308	77.47565136954358	77.47565136954358
1309	77.47823169496036	77.47823169496036
1310	77.49167090428406	77.49167090428406
1311	77.51252024002568	77.51252024002568
1312	77.5303051099487	77.5303051099487
1313	77.56245278286227	77.56245278286227
1314	77.57569087855063	77.57569087855063
1315	77.60086976560919	77.60086976560919
1316	77.6282449691854	77.6282449691854
1317	77.66567159061323	77.66567159061323
1318	77.68522904308571	77.68522904308571
1319	77.71188798636337	77.71188798636337
1320	77.7210048825015	77.7210048825015
1321	77.74308950397024	77.74308950397024
1322	77.74297093736683	77.74297093736683
1323	77.75638147597458	77.75638147597458
1324	77.749599127094	77.749599127094
1325	77.74531665663943	77.74531665663943
1326	77.72604771827724	77.72604771827724
1327	77.72144219468655	77.72144219468655
1328	77.69343367617932	77.69343367617932
1329	77.69767770092061	77.69767770092061
1330	77.68736724021056	77.68736724021056
1331	77.69470631216274	77.69470631216274
1332	77.67968381222519	77.67968381222519
1333	77.68192697078398	77.68192697078398
1334	77.69539398676369	77.69539398676369
1335	77.73205054898118	77.73205054898118
1336	77.76098668239845	77.76098668239845
1337	77.79558079727025	77.79558079727025
1338	77.82046345248406	77.82046345248406
1339	77.84405960375254	77.84405960375254
1340	77.85084844795523	77.85084844795523
1341	77.87320707638696	77.87320707638696
1342	77.89280656946917	77.89280656946917
1343	77.91359155308638	77.91359155308638
1344	77.94764354203829	77.94764354203829
1345	77.9655576207987	77.9655576207987
1346	77.99300813233751	77.99300813233751
1347	78.02390216531799	78.02390216531799
1348	78.08446163581009	78.08446163581009
1349	78.13585365301812	78.13585365301812
1350	78.2123161640834	78.2123161640834
1351	78.25105001704645	78.25105001704645
1352	78.28620451311079	78.28620451311079
1353	78.30416220513905	78.30416220513905
1354	78.35532103682044	78.35532103682044
1355	78.40794693550038	78.40794693550038
1356	78.47947584802614	78.47947584802614
1357	78.53737244316085	78.53737244316085
1358	78.61369870627267	78.61369870627267
1359	78.66746104313276	78.66746104313276
1360	78.73141750110773	78.73141750110773
1361	78.78679003601938	78.78679003601938
1362	78.86089315266241	78.86089315266241
1363	78.91664136251941	78.91664136251941
1364	78.97593710589452	78.97593710589452
1365	79.02076685510919	79.02076685510919
1366	79.07105846144844	79.07105846144844
1367	79.11640829770836	79.11640829770836
1368	79.17032056490758	79.17032056490758
1369	79.20094665329508	79.20094665329508
1370	79.2385912117953	79.2385912117953
1371	79.2593106875444	79.2593106875444
1372	79.28804948311534	79.28804948311534
1373	79.31216829147994	79.31216829147994
1374	79.34720280471618	79.34720280471618
1375	79.36440600032137	79.36440600032137
1376	79.38252345974654	79.38252345974654
1377	79.38554696311684	79.38554696311684
1378	79.3773543064641	79.3773543064641
1379	79.37766922129296	79.37766922129296
1380	79.37609518225523	79.37609518225523
1381	79.38206176867635	79.38206176867635
1382	79.3713871218215	79.3713871218215
1383	79.3699170419051	79.3699170419051
1384	79.37705223730856	79.37705223730856
1385	79.38331168133163	79.38331168133163
1386	79.3644150857242	79.3644150857242
1387	79.3681756632327	79.3681756632327
1388	79.34373477248981	79.34373477248981
1389	79.33046291742411	79.33046291742411
1390	79.29849327715795	79.29849327715795
1391	79.28332033543703	79.28332033543703
1392	79.2512324576771	79.2512324576771
1393	79.22349807792376	79.22349807792376
1394	79.16093077456043	79.16093077456043
1395	79.12237591212968	79.12237591212968
1396	79.07822000428463	79.07822000428463
1397	79.04823000132042	79.04823000132042
1398	79.00763079780478	79.00763079780478
1399	78.98783982695954	78.98783982695954
1400	78.95827523023448	78.95827523023448
1401	78.91298581934385	78.91298581934385
1402	78.83083039529622	78.83083039529622
1403	78.76450640731196	78.76450640731196
1404	78.68402911259533	78.68402911259533
1405	78.62097786010449	78.62097786010449
1406	78.54552807669768	78.54552807669768
1407	78.46493448887111	78.46493448887111
1408	78.36011727128785	78.36011727128785
1409	78.27272314131807	78.27272314131807
1410	78.15087630078365	78.15087630078365
1411	78.03542619921251	78.03542619921251
1412	77.92681686395969	77.92681686395969
1413	77.82845297051819	77.82845297051819
1414	77.71808692059909	77.71808692059909
1415	77.61052643430327	77.61052643430327
1416	77.53087695947912	77.53087695947912
1417	77.45109644717716	77.45109644717716
1418	77.36691890637809	77.36691890637809
1419	77.27178540787214	77.27178540787214
1420	77.15640857693268	77.15640857693268
1421	77.03250239232246	77.03250239232246
1422	76.92675328986691	76.92675328986691
1423	76.80448974051797	76.80448974051797
1424	76.69465764005047	76.69465764005047
1425	76.56174317330284	76.56174317330284
1426	76.45501872231625	76.45501872231625
1427	76.33143497359228	76.33143497359228
1428	76.21508282760792	76.21508282760792
1429	76.06658788167417	76.06658788167417
1430	75.95326401458357	75.95326401458357
1431	75.8327005262117	75.8327005262117
1432	75.7132136302353	75.7132136302353
1433	75.56619405063172	75.56619405063172
1434	75.44317175255749	75.44317175255749
1435	75.29379157636805	75.29379157636805
1436	75.18472860333696	75.18472860333696
1437	75.0504911198424	75.0504911198424
1438	74.92647177491966	74.92647177491966
1439	74.77201295161413	74.77201295161413
1440	74.61906861919694	74.61906861919694
1441	74.45965213951848	74.45965213951848
1442	74.31596013678616	74.31596013678616
1443	74.15936902474019	74.15936902474019
1444	74.01329055005321	74.01329055005321
1445	73.84895703312922	73.84895703312922
1446	73.67122541061238	73.67122541061238
1447	73.48794946191454	73.48794946191454
1448	73.3240440462824	73.3240440462824
1449	73.15394023171106	73.15394023171106
1450	72.97047997045819	72.97047997045819
1451	72.76696188202551	72.76696188202551
1452	72.58861772114741	72.58861772114741
1453	72.4304951231338	72.4304951231338
1454	72.26858419934679	72.26858419934679
1455	72.13198158223128	72.13198158223128
1456	71.99354759485539	71.99354759485539
1457	71.85657608475734	71.85657608475734
1458	71.6849088896881	71.6849088896881
1459	71.54062045126123	71.54062045126123
1460	71.35916870316815	71.35916870316815
1461	71.21474193341916	71.21474193341916
1462	71.05312897468913	71.05312897468913
1463	70.89755219829448	70.89755219829448
1464	70.70044577841276	70.70044577841276
1465	70.52046193571206	70.52046193571206
1466	70.31370316654936	70.31370316654936
1467	70.1492574991585	70.1492574991585
1468	69.9404508303698	69.9404508303698
1469	69.72961262720955	69.72961262720955
1470	69.46721224993905	69.46721224993905
1471	69.24888776895631	69.24888776895631
1472	69.01125352960786	69.01125352960786
1473	68.80015042500821	68.80015042500821
1474	68.5700260082835	68.5700260082835
1475	68.34950137136794	68.34950137136794
1476	68.12088976671399	68.12088976671399
1477	67.94071329628147	67.94071329628147
1478	67.74842429318495	67.74842429318495
1479	67.56581142416528	67.56581142416528
1480	67.38248692811635	67.38248692811635
1481	67.20874102612716	67.20874102612716
1482	67.02352851967935	67.02352851967935
1483	66.8450650416471	66.8450650416471
1484	66.65859131774035	66.65859131774035
1485	66.48300173064203	66.48300173064203
1486	66.32321641081833	66.32321641081833
1487	66.1721499469649	66.1721499469649
1488	66.01023632688933	66.01023632688933
1489	65.85007622691653	65.85007622691653
1490	65.72493751028878	65.72493751028878
1491	65.58787746172587	65.58787746172587
1492	65.46895834063716	65.46895834063716
1493	65.32780468536959	65.32780468536959
1494	65.19851116502484	65.19851116502484
1495	65.03699654901749	65.03699654901749
1496	64.89514805710824	64.89514805710824
1497	64.75266520762449	64.75266520762449
1498	64.64232134571792	64.64232134571792
1499	64.50759847360969	64.50759847360969
1500	64.41057694705863	64.41057694705863
1501	64.28338065011528	64.28338065011528
1502	64.1594433569123	64.1594433569123
1503	64.0110779109776	64.0110779109776
1504	63.875407857931336	63.875407857931336
1505	63.720400819377396	63.720400819377396
1506	63.58699058195225	63.58699058195225
1507	63.4215308010013	63.4215308010013
1508	63.27514114652372	63.27514114652372
1509	63.10269860721393	63.10269860721393
1510	62.93196694404884	62.93196694404884
1511	62.75014698331029	62.75014698331029
1512	62.56664526510423	62.56664526510423
1513	62.374584110666405	62.374584110666405
1514	62.208237544684266	62.208237544684266
1515	62.037220217333456	62.037220217333456
1516	61.895428901407385	61.895428901407385
1517	61.75127772188159	61.75127772188159
1518	61.61028967992847	61.61028967992847
1519	61.47720781699471	61.47720781699471
1520	61.34314267769773	61.34314267769773
1521	61.204161842545325	61.204161842545325
1522	61.08204896593271	61.08204896593271
1523	60.9666605747333	60.9666605747333
1524	60.86058908226779	60.86058908226779
1525	60.75117410372995	60.75117410372995
1526	60.621294598710904	60.621294598710904
1527	60.50324605080887	60.50324605080887
1528	60.35634064928198	60.35634064928198
1529	60.22065072425829	60.22065072425829
1530	60.0337432417907	60.0337432417907
1531	59.86566423023398	59.86566423023398
1532	59.672732113396876	59.672732113396876
1533	59.50529068782622	59.50529068782622
1534	59.285777489788316	59.285777489788316
1535	59.112044137956644	59.112044137956644
1536	58.91594526845212	58.91594526845212
1537	58.7605114543194	58.7605114543194
1538	58.55895742906337	58.55895742906337
1539	58.37492902311967	58.37492902311967
1540	58.172610983003736	58.172610983003736
1541	58.01463474567033	58.01463474567033
1542	57.834033222491676	57.834033222491676
1543	57.67814012552893	57.67814012552893
1544	57.5262254872942	57.5262254872942
1545	57.37625802145619	57.37625802145619
1546	57.20532380524219	57.20532380524219
1547	57.05616205796043	57.05616205796043
1548	56.910265666481436	56.910265666481436
1549	56.75713387836063	56.75713387836063
1550	56.61369701199011	56.61369701199011
1551	56.46248389736674	56.46248389736674
1552	56.32248565315183	56.32248565315183
1553	56.179587367102584	56.179587367102584
1554	56.02176937025095	56.02176937025095
1555	55.855110017504884	55.855110017504884
1556	55.694591529869335	55.694591529869335
1557	55.50434411197906	55.50434411197906
1558	55.31157523072886	55.31157523072886
1559	55.09122186815401	55.09122186815401
1560	54.8906693452465	54.8906693452465
1561	54.68821002199897	54.68821002199897
1562	54.490402417838254	54.490402417838254
1563	54.28971654245126	54.28971654245126
1564	54.10165997869179	54.10165997869179
1565	53.87659808590384	53.87659808590384
1566	53.66200406756078	53.66200406756078
1567	53.45954974225678	53.45954974225678
1568	53.2913795763004	53.2913795763004
1569	53.1048718530774	53.1048718530774
1570	52.97209158876254	52.97209158876254
1571	52.82485914957252	52.82485914957252
1572	52.709851747933165	52.709851747933165
1573	52.57436940646501	52.57436940646501
1574	52.470378169970814	52.470378169970814
1575	52.34455474360009	52.34455474360009
1576	52.197743103100045	52.197743103100045
1577	52.02736224273324	52.02736224273324
1578	51.89563576552189	51.89563576552189
1579	51.74861706575854	51.74861706575854
1580	51.6068307320882	51.6068307320882
1581	51.45956349611083	51.45956349611083
1582	51.330747529535685	51.330747529535685
1583	51.16908849094766	51.16908849094766
1584	51.000242579311134	51.000242579311134
1585	50.84444113337499	50.84444113337499
1586	50.739386010355815	50.739386010355815
1587	50.63566441008654	50.63566441008654
1588	50.50883527953253	50.50883527953253
1589	50.36495591992888	50.36495591992888
1590	50.21535581567029	50.21535581567029
1591	50.08571020081225	50.08571020081225
1592	49.959155851696615	49.959155851696615
1593	49.84880023222088	49.84880023222088
1594	49.74238629330425	49.74238629330425
1595	49.634686391382715	49.634686391382715
1596	49.50597196733854	49.50597196733854
1597	49.40197593544596	49.40197593544596
1598	49.26217805997982	49.26217805997982
1599	49.16521323996729	49.16521323996729
1600	49.02339364096016	49.02339364096016
1601	48.93129067394225	48.93129067394225
1602	48.80305962598285	48.80305962598285
1603	48.72205089089982	48.72205089089982
1604	48.58044031396275	48.58044031396275
1605	48.47311068342925	48.47311068342925
1606	48.32493717839511	48.32493717839511
1607	48.20547850730058	48.20547850730058
1608	48.056322060979994	48.056322060979994
1609	47.93561497270143	47.93561497270143
1610	47.80454202029074	47.80454202029074
1611	47.7230488466035	47.7230488466035
1612	47.63419536690864	47.63419536690864
1613	47.548138181907426	47.548138181907426
1614	47.45027287824244	47.45027287824244
1615	47.36615979218362	47.36615979218362
1616	47.256743194789856	47.256743194789856
1617	47.19941326383601	47.19941326383601
1618	47.146533581497955	47.146533581497955
1619	47.09037451676933	47.09037451676933
1620	47.0181392810422	47.0181392810422
1621	46.93117474062167	46.93117474062167
1622	46.83198593749248	46.83198593749248
1623	46.733827531828155	46.733827531828155
1624	46.64215916405411	46.64215916405411
1625	46.57633481439023	46.57633481439023
1626	46.52476876171061	46.52476876171061
1627	46.457009580589805	46.457009580589805
1628	46.37393714286946	46.37393714286946
1629	46.2622789577631	46.2622789577631
1630	46.18502859235852	46.18502859235852
1631	46.09049922117525	46.09049922117525
1632	45.99351396401781	45.99351396401781
1633	45.85987888922163	45.85987888922163
1634	45.722513508066086	45.722513508066086
1635	45.5617228643629	45.5617228643629
1636	45.433793455107235	45.433793455107235
1637	45.28310607720123	45.28310607720123
1638	45.16928690783478	45.16928690783478
1639	44.99846690559648	44.99846690559648
1640	44.843887602441015	44.843887602441015
1641	44.65455441360113	44.65455441360113
1642	44.50672207870769	44.50672207870769
1643	44.32556611634794	44.32556611634794
1644	44.192048702805295	44.192048702805295
1645	44.01705853654558	44.01705853654558
1646	43.86889281093152	43.86889281093152
1647	43.686965125179924	43.686965125179924
1648	43.51595871280115	43.51595871280115
1649	43.33592511073333	43.33592511073333
1650	43.176417832333286	43.176417832333286
1651	42.99278420735429	42.99278420735429
1652	42.828165333818184	42.828165333818184
1653	42.65970579730241	42.65970579730241
1654	42.486807307323	42.486807307323
1655	42.30223349747584	42.30223349747584
1656	42.132446391501524	42.132446391501524
1657	41.94252346902926	41.94252346902926
1658	41.74869213246847	41.74869213246847
1659	41.58235029164909	41.58235029164909
1660	41.41228209615403	41.41228209615403
1661	41.27478693671471	41.27478693671471
1662	41.11357243559071	41.11357243559071
1663	40.98698586702553	40.98698586702553
1664	40.84653346526505	40.84653346526505
1665	40.734963707669394	40.734963707669394
1666	40.58919715990395	40.58919715990395
1667	40.47228890019726	40.47228890019726
1668	40.34333459247914	40.34333459247914
1669	40.227770279090706	40.227770279090706
1670	40.07613585246013	40.07613585246013
1671	39.91048493739573	39.91048493739573
1672	39.66376004023034	39.66376004023034
1673	39.435967685245984	39.435967685245984
1674	39.21737854952684	39.21737854952684
1675	39.02470370639777	39.02470370639777
1676	38.77446076037357	38.77446076037357
1677	38.52623025790082	38.52623025790082
1678	38.27619067749118	38.27619067749118
1679	38.03417230611953	38.03417230611953
1680	37.75802896342974	37.75802896342974
1681	37.52550616151456	37.52550616151456
1682	37.27731545213474	37.27731545213474
1683	37.047352531191855	37.047352531191855
1684	36.80117033697266	36.80117033697266
1685	36.59749802542311	36.59749802542311
1686	36.39922761713627	36.39922761713627
1687	36.21971136918706	36.21971136918706
1688	36.011630224580905	36.011630224580905
1689	35.808079572434124	35.808079572434124
1690	35.598575281307056	35.598575281307056
1691	35.43077785660136	35.43077785660136
1692	35.219210005157926	35.219210005157926
1693	35.02028041342267	35.02028041342267
1694	34.87021895379296	34.87021895379296
1695	34.71581692815846	34.71581692815846
1696	34.58666109833405	34.58666109833405
1697	34.43406968072817	34.43406968072817
1698	34.29530409100832	34.29530409100832
1699	34.160291588455294	34.160291588455294
1700	34.05719048735928	34.05719048735928
1701	33.905708170910515	33.905708170910515
1702	33.75740042212527	33.75740042212527
1703	33.57555679559319	33.57555679559319
1704	33.437820625328406	33.437820625328406
1705	33.24338385907997	33.24338385907997
1706	33.055514071264625	33.055514071264625
1707	32.86739473234008	32.86739473234008
1708	32.71574729428597	32.71574729428597
1709	32.52546911263826	32.52546911263826
1710	32.36906901027461	32.36906901027461
1711	32.1850063405011	32.1850063405011
1712	32.04331111557417	32.04331111557417
1713	31.882588922923528	31.882588922923528
1714	31.751885911352293	31.751885911352293
1715	31.613625312842835	31.613625312842835
1716	31.47305848026439	31.47305848026439
1717	31.340056231907013	31.340056231907013
1718	31.211920429198972	31.211920429198972
1719	31.07695320637348	31.07695320637348
1720	30.97198347478581	30.97198347478581
1721	30.87255861718364	30.87255861718364
1722	30.76477855645469	30.76477855645469
1723	30.614686546653928	30.614686546653928
1724	30.515887774626897	30.515887774626897
1725	30.417444501702292	30.417444501702292
1726	30.32410211863352	30.32410211863352
1727	30.244162540730848	30.244162540730848
1728	30.136434564949102	30.136434564949102
1729	30.07596025491765	30.07596025491765
1730	29.981424640421245	29.981424640421245
1731	29.88569184718999	29.88569184718999
1732	29.781060239225994	29.781060239225994
1733	29.66724460262858	29.66724460262858
1734	29.526093204842656	29.526093204842656
1735	29.40954440773008	29.40954440773008
1736	29.24532914770915	29.24532914770915
1737	29.114705926653997	29.114705926653997
1738	28.99515465693731	28.99515465693731
1739	28.914680979896264	28.914680979896264
1740	28.82227662461628	28.82227662461628
1741	28.742952792476526	28.742952792476526
1742	28.661980945808686	28.661980945808686
1743	28.634376922063495	28.634376922063495
1744	28.604132312239656	28.604132312239656
1745	28.606749981459892	28.606749981459892
1746	28.568556587114294	28.568556587114294
1747	28.53987268994192	28.53987268994192
1748	28.487139692119463	28.487139692119463
1749	28.43925273162802	28.43925273162802
1750	28.361233110789208	28.361233110789208
1751	28.30264122586842	28.30264122586842
1752	28.220090791401518	28.220090791401518
1753	28.117243778367587	28.117243778367587
1754	27.9845670379883	27.9845670379883
1755	27.910312446534995	27.910312446534995
1756	27.836964915261937	27.836964915261937
1757	27.77931783557485	27.77931783557485
1758	27.70939259314305	27.70939259314305
1759	27.618367692620822	27.618367692620822
1760	27.54267089569704	27.54267089569704
1761	27.456374761397765	27.456374761397765
1762	27.364849159551184	27.364849159551184
1763	27.26343108946697	27.26343108946697
1764	27.14896348093347	27.14896348093347
1765	27.02390417697916	27.02390417697916
1766	26.880351218389347	26.880351218389347
1767	26.724933704119355	26.724933704119355
1768	26.63769914392978	26.63769914392978
1769	26.531202573289583	26.531202573289583
1770	26.42279911222382	26.42279911222382
1771	26.296890691127373	26.296890691127373
1772	26.21470641940357	26.21470641940357
1773	26.092798675296045	26.092798675296045
1774	25.992260254038285	25.992260254038285
1775	25.864318802499838	25.864318802499838
1776	25.737009795844276	25.737009795844276
1777	25.567891706625826	25.567891706625826
1778	25.426728106194382	25.426728106194382
1779	25.257700652273243	25.257700652273243
1780	25.108563137450787	25.108563137450787
1781	24.94940015076955	24.94940015076955
1782	24.81213845907532	24.81213845907532
1783	24.635222568099902	24.635222568099902
1784	24.491022593854666	24.491022593854666
1785	24.339204338933467	24.339204338933467
1786	24.20353868592523	24.20353868592523
1787	24.053029930041863	24.053029930041863
1788	23.92546457114704	23.92546457114704
1789	23.78466965062507	23.78466965062507
1790	23.656583967659152	23.656583967659152
1791	23.5101006060287	23.5101006060287
1792	23.363625875576073	23.363625875576073
1793	23.238126468576304	23.238126468576304
1794	23.11425054984781	23.11425054984781
1795	22.983190315653573	22.983190315653573
1796	22.834636633034933	22.834636633034933
1797	22.70277541733107	22.70277541733107
1798	22.572921463797687	22.572921463797687
1799	22.46020332201401	22.46020332201401
1800	22.368692629356246	22.368692629356246
1801	22.27640663058424	22.27640663058424
1802	22.214825945276992	22.214825945276992
1803	22.17353909400014	22.17353909400014
1804	22.10018879806728	22.10018879806728
1805	22.050910543166417	22.050910543166417
1806	21.96779559927348	21.96779559927348
1807	21.934247313971532	21.934247313971532
1808	21.829624125113583	21.829624125113583
1809	21.75137198735198	21.75137198735198
1810	21.691286475271482	21.691286475271482
1811	21.660401358220472	21.660401358220472
1812	21.626943502513136	21.626943502513136
1813	21.597115616449393	21.597115616449393
1814	21.544175229499928	21.544175229499928
1815	21.534392700483494	21.534392700483494
1816	21.496829256501044	21.496829256501044
1817	21.50108801953862	21.50108801953862
1818	21.49242415543585	21.49242415543585
1819	21.520255797075365	21.520255797075365
1820	21.504031335611533	21.504031335611533
1821	21.51096102843578	21.51096102843578
1822	21.498995337481773	21.498995337481773
1823	21.501853083860496	21.501853083860496
1824	21.498303275104945	21.498303275104945
1825	21.485867288425947	21.485867288425947
1826	21.490125941602543	21.490125941602543
1827	21.529455736396223	21.529455736396223
1828	21.55234979879885	21.55234979879885
1829	21.612729934533803	21.612729934533803
1830	21.6907373001929	21.6907373001929
1831	21.74574908022278	21.74574908022278
1832	21.78421457559454	21.78421457559454
1833	21.820423630486296	21.820423630486296
1834	21.903944742441144	21.903944742441144
1835	21.978836809452744	21.978836809452744
1836	22.084801554702153	22.084801554702153
1837	22.18336138969436	22.18336138969436
1838	22.283373924385614	22.283373924385614
1839	22.36814899877244	22.36814899877244
1840	22.47679446090376	22.47679446090376
1841	22.550317910052605	22.550317910052605
1842	22.66597113180996	22.66597113180996
1843	22.761210934558854	22.761210934558854
1844	22.8489767123616	22.8489767123616
1845	22.907457350978813	22.907457350978813
1846	22.999302622522826	22.999302622522826
1847	23.055370450375953	23.055370450375953
1848	23.12298690316745	23.12298690316745
1849	23.154490307439637	23.154490307439637
1850	23.2324501025931	23.2324501025931
1851	23.25320488424728	23.25320488424728
1852	23.286433753380855	23.286433753380855
1853	23.322332482688648	23.322332482688648
1854	23.36241046774109	23.36241046774109
1855	23.37275918971308	23.37275918971308
1856	23.435596204766497	23.435596204766497
1857	23.51272733315338	23.51272733315338
1858	23.594434242972383	23.594434242972383
1859	23.595350957068096	23.595350957068096
1860	23.579070306110196	23.579070306110196
1861	23.558129309377136	23.558129309377136
1862	23.521717838642413	23.521717838642413
1863	23.527973454438698	23.527973454438698
1864	23.489235417416836	23.489235417416836
1865	23.43895327628771	23.43895327628771
1866	23.36414424934874	23.36414424934874
1867	23.33421226920588	23.33421226920588
1868	23.330609983115373	23.330609983115373
1869	23.334268179610525	23.334268179610525
1870	23.313800806375827	23.313800806375827
1871	23.31738219835031	23.31738219835031
1872	23.325775925612277	23.325775925612277
1873	23.362386497876145	23.362386497876145
1874	23.370321752849165	23.370321752849165
1875	23.42094521550287	23.42094521550287
1876	23.438205713618544	23.438205713618544
1877	23.470498125210256	23.470498125210256
1878	23.429555222844943	23.429555222844943
1879	23.41941763118801	23.41941763118801
1880	23.391941495984042	23.391941495984042
1881	23.399519686236577	23.399519686236577
1882	23.34102857473276	23.34102857473276
1883	23.271442224996797	23.271442224996797
1884	23.209605119673974	23.209605119673974
1885	23.177436270655445	23.177436270655445
1886	23.124838616213193	23.124838616213193
1887	23.12026571460018	23.12026571460018
1888	23.104469995967868	23.104469995967868
1889	23.113708953076475	23.113708953076475
1890	23.104586859040154	23.104586859040154
1891	23.096022260369928	23.096022260369928
1892	23.09359660664229	23.09359660664229
1893	23.113541633452513	23.113541633452513
1894	23.112690623078628	23.112690623078628
1895	23.128065843341382	23.128065843341382
1896	23.10594335475251	23.10594335475251
1897	23.058391990975743	23.058391990975743
1898	23.054329955670287	23.054329955670287
1899	23.059370299076352	23.059370299076352
1900	23.10527630983255	23.10527630983255
1901	23.15597928889295	23.15597928889295
1902	23.246673745330675	23.246673745330675
1903	23.321373227686998	23.321373227686998
1904	23.424894438675114	23.424894438675114
1905	23.4988343026495	23.4988343026495
1906	23.570793038512	23.570793038512
1907	23.63246799001588	23.63246799001588
1908	23.68360052849027	23.68360052849027
1909	23.706247643691412	23.706247643691412
1910	23.764711895282858	23.764711895282858
1911	23.792163014812278	23.792163014812278
1912	23.897467181406803	23.897467181406803
1913	23.950455214576813	23.950455214576813
1914	24.086730331422487	24.086730331422487
1915	24.195110451487597	24.195110451487597
1916	24.347871549902656	24.347871549902656
1917	24.47672734973208	24.47672734973208
1918	24.634269966031656	24.634269966031656
1919	24.77668432942294	24.77668432942294
1920	24.956934887702456	24.956934887702456
1921	25.117963995519283	25.117963995519283
1922	25.314781650158356	25.314781650158356
1923	25.501299880591922	25.501299880591922
1924	25.740871139346996	25.740871139346996
1925	25.953699278290706	25.953699278290706
1926	26.165931088427794	26.165931088427794
1927	26.383341362756404	26.383341362756404
1928	26.626855458554047	26.626855458554047
1929	26.854097252150318	26.854097252150318
1930	27.089365185159338	27.089365185159338
1931	27.318910076946462	27.318910076946462
1932	27.550005595780775	27.550005595780775
1933	27.791320788678714	27.791320788678714
1934	28.041644586617867	28.041644586617867
1935	28.316453109789556	28.316453109789556
1936	28.568567165607924	28.568567165607924
1937	28.829652120909447	28.829652120909447
1938	29.057479272242464	29.057479272242464
1939	29.256536325600386	29.256536325600386
1940	29.459704206081465	29.459704206081465
1941	29.6759101879537	29.6759101879537
1942	29.83692203769874	29.83692203769874
1943	30.066115004566115	30.066115004566115
1944	30.294117750744956	30.294117750744956
1945	30.586843593418095	30.586843593418095
1946	30.880722043195235	30.880722043195235
1947	31.23760323264887	31.23760323264887
1948	31.585217362964073	31.585217362964073
1949	31.944871641709845	31.944871641709845
1950	32.24987922411639	32.24987922411639
1951	32.57753370309241	32.57753370309241
1952	32.84931705003126	32.84931705003126
1953	33.125674233294056	33.125674233294056
1954	33.343014346262336	33.343014346262336
1955	33.64523630547938	33.64523630547938
1956	33.939687797341605	33.939687797341605
1957	34.24575220656196	34.24575220656196
1958	34.60794085461957	34.60794085461957
1959	35.014214977847416	35.014214977847416
1960	35.39465964859414	35.39465964859414
1961	35.80694680231106	35.80694680231106
1962	36.241084835862026	36.241084835862026
1963	36.63002824194883	36.63002824194883
1964	36.96776971651261	36.96776971651261
1965	37.31563028775597	37.31563028775597
1966	37.641548844314336	37.641548844314336
1967	38.026658404873544	38.026658404873544
1968	38.375385096594606	38.375385096594606
1969	38.743202926681825	38.743202926681825
1970	39.07092868009251	39.07092868009251
1971	39.42256382015724	39.42256382015724
1972	39.76583129000628	39.76583129000628
1973	40.050251327332546	40.050251327332546
1974	40.342841133687116	40.342841133687116
1975	40.64204145474304	40.64204145474304
1976	40.93157819581203	40.93157819581203
1977	41.103734628543926	41.103734628543926
1978	41.37090244571396	41.37090244571396
1979	41.63338151095791	41.63338151095791
1980	41.968782035041976	41.968782035041976
1981	42.20480643960078	42.20480643960078
1982	42.47352678765343	42.47352678765343
1983	42.744975884565775	42.744975884565775
1984	43.02168089530197	43.02168089530197
1985	43.29868645440472	43.29868645440472
1986	43.638349704527	43.638349704527
1987	43.94027051388462	43.94027051388462
1988	44.316872433854606	44.316872433854606
1989	44.674981537159155	44.674981537159155
1990	45.075181013216124	45.075181013216124
1991	45.50229483391783	45.50229483391783
1992	45.98161805237511	45.98161805237511
1993	46.41203260273653	46.41203260273653
1994	46.878738337205206	46.878738337205206
1995	47.306559619486706	47.306559619486706
1996	47.72445266118934	47.72445266118934
1997	48.121198998893995	48.121198998893995
1998	48.52063937013172	48.52063937013172
1999	48.86362611475566	48.86362611475566
2000	49.26125989765349	49.26125989765349
2001	49.66410224671736	49.66410224671736
2002	50.06659047136408	50.06659047136408
2003	50.43436145502797	50.43436145502797
2004	50.82845572085914	50.82845572085914
2005	51.23325048348312	51.23325048348312
2006	51.596505320818316	51.596505320818316
2007	52.03191600111022	52.03191600111022
2008	52.37675875761401	52.37675875761401
2009	52.808481116213436	52.808481116213436
2010	53.154037438609464	53.154037438609464
2011	53.566147977257145	53.566147977257145
2012	53.99518116616977	53.99518116616977
2013	54.484463965311704	54.484463965311704
2014	55.025855057884556	55.025855057884556
2015	55.576530272510226	55.576530272510226
2016	56.11596598162487	56.11596598162487
2017	56.68998200133737	56.68998200133737
2018	57.152059620607034	57.152059620607034
2019	57.643319701788556	57.643319701788556
2020	58.04497259576439	58.04497259576439
2021	58.39604504539497	58.39604504539497
2022	58.7762914291736	58.7762914291736
2023	59.25423178930063	59.25423178930063
2024	59.71460329639709	59.71460329639709
2025	60.14060810131588	60.14060810131588
2026	60.58099409729648	60.58099409729648
2027	61.11251752774939	61.11251752774939
2028	61.60958662789563	61.60958662789563
2029	62.15451273809518	62.15451273809518
2030	62.65018997830903	62.65018997830903
2031	63.14068306973095	63.14068306973095
2032	63.66762985823468	63.66762985823468
2033	64.22256478694173	64.22256478694173
2034	64.8430582134541	64.8430582134541
2035	65.41840757084962	65.41840757084962
2036	65.96785576697903	65.96785576697903
2037	66.40717286236723	66.40717286236723
2038	66.89389162215994	66.89389162215994
2039	67.41572524751595	67.41572524751595
2040	68.11139247349197	68.11139247349197
2041	68.61869882056745	68.61869882056745
2042	69.12712967266705	69.12712967266705
2043	69.56231442849126	69.56231442849126
2044	70.0736674908143	70.0736674908143
2045	70.4714405579972	70.4714405579972
2046	70.96792616975792	70.96792616975792
2047	71.45897602537997	71.45897602537997
2048	72.05559745808335	72.05559745808335
2049	72.65226200953032	72.65226200953032
2050	73.27974971186578	73.27974971186578
2051	73.83940610988154	73.83940610988154
2052	74.40016509060237	74.40016509060237
2053	74.7000923481971	74.7000923481971
2054	74.91909472955129	74.91909472955129
2055	75.03911483415682	75.03911483415682
2056	75.17636473443079	75.17636473443079
2057	74.95463424398034	74.95463424398034
2058	74.50818767938506	74.50818767938506
2059	74.10049332584933	74.10049332584933
2060	73.76250913991298	73.76250913991298
2061	73.47412907036883	73.47412907036883
2062	73.25661298607277	73.25661298607277
2063	72.86287851587515	72.86287851587515
2064	72.31729993972779	72.31729993972779
2065	71.86679401896582	71.86679401896582
2066	71.40134337654752	71.40134337654752
2067	71.10063925776907	71.10063925776907
2068	70.5654389260023	70.5654389260023
2069	70.13097452433355	70.13097452433355
2070	69.43798280765651	69.43798280765651
2071	68.64647929145167	68.64647929145167
2072	67.83334438820178	67.83334438820178
2073	67.1623326727821	67.1623326727821
2074	66.53456680964788	66.53456680964788
2075	66.06076097614145	66.06076097614145
2076	65.11540447099256	65.11540447099256
2077	64.28440674969517	64.28440674969517
2078	63.12261630444908	63.12261630444908
2079	62.1935393461573	62.1935393461573
2080	61.1616727814813	61.1616727814813
2081	60.279212808793275	60.279212808793275
2082	59.32746049448555	59.32746049448555
2083	58.78945707786666	58.78945707786666
2084	58.23177975581358	58.23177975581358
2085	57.845828186699	57.845828186699
2086	57.27016242677658	57.27016242677658
2087	57.06744904809547	57.06744904809547
2088	57.11950001249916	57.11950001249916
2089	57.17314016722804	57.17314016722804
2090	57.43150129162057	57.43150129162057
2091	58.13149786438787	58.13149786438787
2092	59.43818876974092	59.43818876974092
2093	61.27420661251574	61.27420661251574
2094	63.08117729545175	63.08117729545175
2095	63.84877959518332	63.84877959518332
2096	65.13846565229892	65.13846565229892
2097	67.25669988213748	67.25669988213748
2098	67.85925536628797	67.85925536628797
2099	68.72238555018599	68.72238555018599
2100	70.78001360060527	70.78001360060527
2101	75.33056042129532	75.33056042129532
2102	81.68701576347186	81.68701576347186
