#Calcul du déplacement moyen
#Time	dqmoy	part_0
1	0.16683009580503988	0.16683009580503988
2	0.30166975446177924	0.30166975446177924
3	0.48283880099609067	0.48283880099609067
4	0.6276918576681135	0.6276918576681135
5	0.8147430574909275	0.8147430574909275
6	0.964513931065085	0.964513931065085
7	1.1573741026920554	1.1573741026920554
8	1.317940784124829	1.317940784124829
9	1.5125486583600596	1.5125486583600596
10	1.6745832994946297	1.6745832994946297
11	1.8527915330792342	1.8527915330792342
12	2.0002140308165766	2.0002140308165766
13	2.176739616815909	2.176739616815909
14	2.336221440765593	2.336221440765593
15	2.507143578423282	2.507143578423282
16	2.658638970948733	2.658638970948733
17	2.82137792165253	2.82137792165253
18	2.9725473695797033	2.9725473695797033
19	3.128422021641966	3.128422021641966
20	3.2812782800921747	3.2812782800921747
21	3.4339203200580064	3.4339203200580064
22	3.5720835709842507	3.5720835709842507
23	3.7113773628635816	3.7113773628635816
24	3.848009685390845	3.848009685390845
25	3.9679793083920685	3.9679793083920685
26	4.1098037918176775	4.1098037918176775
27	4.238612208958354	4.238612208958354
28	4.38610766872285	4.38610766872285
29	4.508765367108122	4.508765367108122
30	4.650839184153867	4.650839184153867
31	4.75463437481346	4.75463437481346
32	4.888670531119034	4.888670531119034
33	4.994853046405124	4.994853046405124
34	5.129456989015589	5.129456989015589
35	5.225253936589695	5.225253936589695
36	5.356034657252693	5.356034657252693
37	5.453182573407185	5.453182573407185
38	5.583975599032053	5.583975599032053
39	5.676905219875329	5.676905219875329
40	5.808945101261562	5.808945101261562
41	5.900168226981171	5.900168226981171
42	6.035766820459292	6.035766820459292
43	6.133390801736859	6.133390801736859
44	6.2676604954649715	6.2676604954649715
45	6.368759094103913	6.368759094103913
46	6.511095715141829	6.511095715141829
47	6.612884740858426	6.612884740858426
48	6.747030231013907	6.747030231013907
49	6.843585675956897	6.843585675956897
50	6.9753904793439245	6.9753904793439245
51	7.076571620903035	7.076571620903035
52	7.20735826720144	7.20735826720144
53	7.314218625778973	7.314218625778973
54	7.441885322882352	7.441885322882352
55	7.554280652540108	7.554280652540108
56	7.67915948753536	7.67915948753536
57	7.7965102124474965	7.7965102124474965
58	7.922765242965573	7.922765242965573
59	8.037714028933411	8.037714028933411
60	8.158998797209364	8.158998797209364
61	8.273179430549924	8.273179430549924
62	8.387344294494433	8.387344294494433
63	8.505800451312858	8.505800451312858
64	8.617530807791425	8.617530807791425
65	8.734815278197516	8.734815278197516
66	8.837508888181498	8.837508888181498
67	8.950388607876597	8.950388607876597
68	9.046848482676783	9.046848482676783
69	9.164802572283477	9.164802572283477
70	9.258181606735663	9.258181606735663
71	9.380711662184064	9.380711662184064
72	9.471948553129844	9.471948553129844
73	9.585840510323145	9.585840510323145
74	9.66455886451302	9.66455886451302
75	9.774746013833076	9.774746013833076
76	9.85082037018584	9.85082037018584
77	9.964929847797912	9.964929847797912
78	10.035102686700332	10.035102686700332
79	10.141862006254033	10.141862006254033
80	10.209877725262924	10.209877725262924
81	10.3174085492377	10.3174085492377
82	10.382436038444926	10.382436038444926
83	10.487097679250635	10.487097679250635
84	10.553784258751612	10.553784258751612
85	10.653500273910474	10.653500273910474
86	10.720663472674815	10.720663472674815
87	10.82694359116941	10.82694359116941
88	10.898066613750442	10.898066613750442
89	11.003895432755023	11.003895432755023
90	11.079975719135057	11.079975719135057
91	11.17884330920822	11.17884330920822
92	11.254998028132327	11.254998028132327
93	11.34970848383027	11.34970848383027
94	11.42653649943248	11.42653649943248
95	11.51779603613661	11.51779603613661
96	11.599589857064242	11.599589857064242
97	11.68806854684673	11.68806854684673
98	11.77026787862011	11.77026787862011
99	11.865613647388848	11.865613647388848
100	11.953811599065752	11.953811599065752
101	12.04634655406909	12.04634655406909
102	12.141511120282688	12.141511120282688
103	12.23434501874635	12.23434501874635
104	12.333619920155488	12.333619920155488
105	12.421136430685209	12.421136430685209
106	12.516782707781125	12.516782707781125
107	12.597577705123792	12.597577705123792
108	12.704083866188666	12.704083866188666
109	12.782894377516676	12.782894377516676
110	12.87957863556251	12.87957863556251
111	12.94364395462021	12.94364395462021
112	13.038674994757535	13.038674994757535
113	13.111858601388347	13.111858601388347
114	13.22572385819552	13.22572385819552
115	13.302523717175436	13.302523717175436
116	13.411540291408127	13.411540291408127
117	13.483230836948785	13.483230836948785
118	13.584237200749826	13.584237200749826
119	13.64489522481349	13.64489522481349
120	13.751053143539732	13.751053143539732
121	13.816786755686152	13.816786755686152
122	13.912515418235131	13.912515418235131
123	13.964050118200893	13.964050118200893
124	14.046566991569403	14.046566991569403
125	14.087392274370709	14.087392274370709
126	14.166020685443726	14.166020685443726
127	14.21138665493889	14.21138665493889
128	14.283403663602535	14.283403663602535
129	14.320070067893084	14.320070067893084
130	14.380656085353497	14.380656085353497
131	14.417794443938746	14.417794443938746
132	14.477751302985016	14.477751302985016
133	14.509760509349965	14.509760509349965
134	14.565421862217338	14.565421862217338
135	14.607524381895747	14.607524381895747
136	14.660623939896153	14.660623939896153
137	14.697817314573914	14.697817314573914
138	14.74993067566796	14.74993067566796
139	14.799688767140303	14.799688767140303
140	14.858590551356391	14.858590551356391
141	14.906174243023298	14.906174243023298
142	14.95595238035759	14.95595238035759
143	15.002417862897182	15.002417862897182
144	15.039039986318723	15.039039986318723
145	15.083843205556242	15.083843205556242
146	15.117261944059491	15.117261944059491
147	15.159763385468649	15.159763385468649
148	15.18923797372738	15.18923797372738
149	15.234685118354474	15.234685118354474
150	15.259917857251061	15.259917857251061
151	15.309457858949688	15.309457858949688
152	15.338939842318325	15.338939842318325
153	15.392146366398809	15.392146366398809
154	15.420303505379804	15.420303505379804
155	15.47072431426001	15.47072431426001
156	15.494310374964808	15.494310374964808
157	15.548700726597831	15.548700726597831
158	15.574615086372392	15.574615086372392
159	15.630737990806104	15.630737990806104
160	15.64934138424557	15.64934138424557
161	15.69396469782167	15.69396469782167
162	15.7016540097673	15.7016540097673
163	15.742749535856827	15.742749535856827
164	15.75707447534846	15.75707447534846
165	15.79952295158434	15.79952295158434
166	15.809110131802795	15.809110131802795
167	15.84955840405738	15.84955840405738
168	15.851708034954012	15.851708034954012
169	15.884584551979401	15.884584551979401
170	15.892613152552252	15.892613152552252
171	15.932598702722125	15.932598702722125
172	15.939932909544261	15.939932909544261
173	15.978081192523867	15.978081192523867
174	15.994557781470336	15.994557781470336
175	16.028039654814727	16.028039654814727
176	16.046312756727676	16.046312756727676
177	16.07942233102964	16.07942233102964
178	16.10299660210713	16.10299660210713
179	16.127534959089722	16.127534959089722
180	16.145359020103218	16.145359020103218
181	16.16723271071144	16.16723271071144
182	16.191790927086426	16.191790927086426
183	16.21816196680064	16.21816196680064
184	16.25222503807744	16.25222503807744
185	16.279693594993567	16.279693594993567
186	16.316083613629303	16.316083613629303
187	16.335672909796347	16.335672909796347
188	16.373931416018074	16.373931416018074
189	16.398763087480322	16.398763087480322
190	16.4371072856705	16.4371072856705
191	16.445120382481043	16.445120382481043
192	16.477035298955396	16.477035298955396
193	16.488738232472144	16.488738232472144
194	16.52347831680922	16.52347831680922
195	16.536656492088063	16.536656492088063
196	16.575105007649285	16.575105007649285
197	16.58706134688246	16.58706134688246
198	16.629119627722652	16.629119627722652
199	16.638107024697387	16.638107024697387
200	16.686815116503475	16.686815116503475
201	16.711335295475813	16.711335295475813
202	16.775875043012284	16.775875043012284
203	16.809148506340396	16.809148506340396
204	16.874818458987246	16.874818458987246
205	16.911707976658207	16.911707976658207
206	16.972539145521736	16.972539145521736
207	17.003931739255723	17.003931739255723
208	17.06413430254809	17.06413430254809
209	17.1000218040516	17.1000218040516
210	17.16374552214834	17.16374552214834
211	17.207491381484907	17.207491381484907
212	17.275902187119428	17.275902187119428
213	17.33261958584915	17.33261958584915
214	17.411756751208642	17.411756751208642
215	17.471729773862563	17.471729773862563
216	17.555030394552166	17.555030394552166
217	17.626010166710067	17.626010166710067
218	17.70906579894671	17.70906579894671
219	17.79168497349184	17.79168497349184
220	17.887578035283976	17.887578035283976
221	17.97388646351011	17.97388646351011
222	18.068151222191943	18.068151222191943
223	18.160605572642396	18.160605572642396
224	18.24216021630538	18.24216021630538
225	18.328820540337254	18.328820540337254
226	18.411135317825554	18.411135317825554
227	18.507057614380894	18.507057614380894
228	18.591872585950252	18.591872585950252
229	18.68930301494342	18.68930301494342
230	18.769675708417765	18.769675708417765
231	18.87442337648112	18.87442337648112
232	18.969010908176248	18.969010908176248
233	19.08183044566875	19.08183044566875
234	19.17418474646473	19.17418474646473
235	19.288002633615605	19.288002633615605
236	19.372784285371957	19.372784285371957
237	19.479077755679135	19.479077755679135
238	19.560196435471553	19.560196435471553
239	19.658794876958034	19.658794876958034
240	19.726977084761863	19.726977084761863
241	19.814509770463246	19.814509770463246
242	19.86879214224031	19.86879214224031
243	19.95205666908945	19.95205666908945
244	20.005892539795546	20.005892539795546
245	20.088431085197712	20.088431085197712
246	20.135751498704156	20.135751498704156
247	20.207887732044924	20.207887732044924
248	20.250223754084686	20.250223754084686
249	20.315509367446637	20.315509367446637
250	20.34465942709018	20.34465942709018
251	20.39528397240456	20.39528397240456
252	20.40996123966668	20.40996123966668
253	20.440318292344305	20.440318292344305
254	20.450550113191966	20.450550113191966
255	20.480166151265696	20.480166151265696
256	20.492565577225314	20.492565577225314
257	20.515874785635297	20.515874785635297
258	20.522440262602903	20.522440262602903
259	20.53772302823551	20.53772302823551
260	20.544824136337905	20.544824136337905
261	20.549713986651682	20.549713986651682
262	20.563065891012627	20.563065891012627
263	20.580132911462425	20.580132911462425
264	20.608917092920013	20.608917092920013
265	20.632303490370568	20.632303490370568
266	20.65505766397137	20.65505766397137
267	20.67228695672246	20.67228695672246
268	20.70325127768583	20.70325127768583
269	20.724523131515934	20.724523131515934
270	20.763227542870318	20.763227542870318
271	20.78872883025486	20.78872883025486
272	20.83341099707406	20.83341099707406
273	20.85903211271083	20.85903211271083
274	20.898223013323936	20.898223013323936
275	20.91874735397498	20.91874735397498
276	20.961062145056964	20.961062145056964
277	20.98404460328405	20.98404460328405
278	21.032775823562254	21.032775823562254
279	21.060156111495786	21.060156111495786
280	21.116129650280705	21.116129650280705
281	21.157824479030314	21.157824479030314
282	21.238879600304813	21.238879600304813
283	21.296293107540063	21.296293107540063
284	21.385024256726453	21.385024256726453
285	21.43724722541384	21.43724722541384
286	21.513725170134354	21.513725170134354
287	21.564784574857335	21.564784574857335
288	21.63777547610752	21.63777547610752
289	21.682804176063655	21.682804176063655
290	21.7597905000445	21.7597905000445
291	21.81543547820087	21.81543547820087
292	21.886604317912003	21.886604317912003
293	21.9305756644433	21.9305756644433
294	21.98701823054757	21.98701823054757
295	22.037947600612274	22.037947600612274
296	22.111563157176455	22.111563157176455
297	22.169998278024316	22.169998278024316
298	22.233687639514475	22.233687639514475
299	22.29401856163159	22.29401856163159
300	22.355212449587633	22.355212449587633
301	22.4064665804052	22.4064665804052
302	22.45925165778943	22.45925165778943
303	22.507799536230145	22.507799536230145
304	22.548744353015433	22.548744353015433
305	22.589210849175657	22.589210849175657
306	22.630971979681664	22.630971979681664
307	22.69298683490895	22.69298683490895
308	22.751536631629556	22.751536631629556
309	22.823582211913653	22.823582211913653
310	22.880496743288834	22.880496743288834
311	22.95390393965455	22.95390393965455
312	23.009816116826194	23.009816116826194
313	23.083604072525077	23.083604072525077
314	23.141416260643474	23.141416260643474
315	23.224135338694275	23.224135338694275
316	23.28239030780575	23.28239030780575
317	23.362832747010536	23.362832747010536
318	23.417961592822476	23.417961592822476
319	23.498133392520618	23.498133392520618
320	23.551827375148452	23.551827375148452
321	23.62657510171524	23.62657510171524
322	23.67071445180685	23.67071445180685
323	23.732587468232918	23.732587468232918
324	23.762092575487188	23.762092575487188
325	23.813485669705944	23.813485669705944
326	23.845671726457777	23.845671726457777
327	23.898255815393863	23.898255815393863
328	23.93037236068858	23.93037236068858
329	23.98564112597614	23.98564112597614
330	24.01820569435712	24.01820569435712
331	24.069057974031125	24.069057974031125
332	24.100882895279142	24.100882895279142
333	24.149674508139817	24.149674508139817
334	24.182445361455947	24.182445361455947
335	24.238794180111206	24.238794180111206
336	24.27830857100046	24.27830857100046
337	24.33489653388211	24.33489653388211
338	24.38359812918994	24.38359812918994
339	24.437736459909104	24.437736459909104
340	24.48657292930536	24.48657292930536
341	24.535713769485454	24.535713769485454
342	24.583251867663606	24.583251867663606
343	24.62895166966502	24.62895166966502
344	24.669772320075186	24.669772320075186
345	24.70054891972299	24.70054891972299
346	24.731738086865974	24.731738086865974
347	24.74923165144435	24.74923165144435
348	24.76608589863708	24.76608589863708
349	24.778230477826156	24.778230477826156
350	24.7980251583747	24.7980251583747
351	24.808247448816143	24.808247448816143
352	24.82846534061221	24.82846534061221
353	24.837544139077295	24.837544139077295
354	24.864636507036597	24.864636507036597
355	24.877672779250762	24.877672779250762
356	24.909679950464735	24.909679950464735
357	24.927727736218166	24.927727736218166
358	24.961011196186803	24.961011196186803
359	24.967889135780283	24.967889135780283
360	25.003078751063114	25.003078751063114
361	25.01881988262751	25.01881988262751
362	25.0481316753402	25.0481316753402
363	25.049470827127237	25.049470827127237
364	25.081483261827003	25.081483261827003
365	25.084462339453882	25.084462339453882
366	25.106600651805092	25.106600651805092
367	25.097813474718265	25.097813474718265
368	25.11613916326502	25.11613916326502
369	25.109002645586077	25.109002645586077
370	25.13334133857202	25.13334133857202
371	25.150835052639426	25.150835052639426
372	25.193844540804	25.193844540804
373	25.211183235304	25.211183235304
374	25.253909640197268	25.253909640197268
375	25.28310236569388	25.28310236569388
376	25.32187973355512	25.32187973355512
377	25.359109121287823	25.359109121287823
378	25.401584936852313	25.401584936852313
379	25.43269595179754	25.43269595179754
380	25.468424524201822	25.468424524201822
381	25.504140896507707	25.504140896507707
382	25.551759379202867	25.551759379202867
383	25.598044046668527	25.598044046668527
384	25.651302746343838	25.651302746343838
385	25.71855642322341	25.71855642322341
386	25.780708669140463	25.780708669140463
387	25.840889704336796	25.840889704336796
388	25.88415765945908	25.88415765945908
389	25.934067618639368	25.934067618639368
390	25.973487846376813	25.973487846376813
391	26.024024342114156	26.024024342114156
392	26.067412478630512	26.067412478630512
393	26.12315485224079	26.12315485224079
394	26.172623625646878	26.172623625646878
395	26.240439934698866	26.240439934698866
396	26.289091663924914	26.289091663924914
397	26.354846549748434	26.354846549748434
398	26.40108694148432	26.40108694148432
399	26.471947137775604	26.471947137775604
400	26.516720116875167	26.516720116875167
401	26.58215089406453	26.58215089406453
402	26.632841949092896	26.632841949092896
403	26.700375713746396	26.700375713746396
404	26.74476097741198	26.74476097741198
405	26.812817729950805	26.812817729950805
406	26.85701811356044	26.85701811356044
407	26.92651102881054	26.92651102881054
408	26.981717790369196	26.981717790369196
409	27.057336566227868	27.057336566227868
410	27.109545399710004	27.109545399710004
411	27.200726523473257	27.200726523473257
412	27.263451422432002	27.263451422432002
413	27.34794063302992	27.34794063302992
414	27.41954164227952	27.41954164227952
415	27.502160807966476	27.502160807966476
416	27.561363003367354	27.561363003367354
417	27.64497620397525	27.64497620397525
418	27.718654388131753	27.718654388131753
419	27.810434812680707	27.810434812680707
420	27.891120464816964	27.891120464816964
421	27.975374786628226	27.975374786628226
422	28.05834502975084	28.05834502975084
423	28.137901095448846	28.137901095448846
424	28.210327820376122	28.210327820376122
425	28.287102739409615	28.287102739409615
426	28.373006335815298	28.373006335815298
427	28.45707491995831	28.45707491995831
428	28.54649448842887	28.54649448842887
429	28.635575623449085	28.635575623449085
430	28.728532739952108	28.728532739952108
431	28.815408238571912	28.815408238571912
432	28.9039566562018	28.9039566562018
433	28.98864837501275	28.98864837501275
434	29.072626463272933	29.072626463272933
435	29.14262171389315	29.14262171389315
436	29.219450729575076	29.219450729575076
437	29.286703726614476	29.286703726614476
438	29.36167581313856	29.36167581313856
439	29.412068522904587	29.412068522904587
440	29.488565352536078	29.488565352536078
441	29.5467926674124	29.5467926674124
442	29.622876430755568	29.622876430755568
443	29.686586627044672	29.686586627044672
444	29.77677856953945	29.77677856953945
445	29.852854515000278	29.852854515000278
446	29.95086068905076	29.95086068905076
447	30.031905554485846	30.031905554485846
448	30.11105442366388	30.11105442366388
449	30.174400252888034	30.174400252888034
450	30.258488850968085	30.258488850968085
451	30.329793846081593	30.329793846081593
452	30.421547673350478	30.421547673350478
453	30.499902951036926	30.499902951036926
454	30.593918676473265	30.593918676473265
455	30.665642886592256	30.665642886592256
456	30.7476014281955	30.7476014281955
457	30.81454039029646	30.81454039029646
458	30.892179798642392	30.892179798642392
459	30.957671314363616	30.957671314363616
460	31.041817538128843	31.041817538128843
461	31.10043043780766	31.10043043780766
462	31.173670809183825	31.173670809183825
463	31.237827047755818	31.237827047755818
464	31.306140048141476	31.306140048141476
465	31.37161773341034	31.37161773341034
466	31.4413799538985	31.4413799538985
467	31.501335608211356	31.501335608211356
468	31.56202660527011	31.56202660527011
469	31.624819064071204	31.624819064071204
470	31.68948004378141	31.68948004378141
471	31.766073945977837	31.766073945977837
472	31.85281999437103	31.85281999437103
473	31.94679802214182	31.94679802214182
474	32.029694579263115	32.029694579263115
475	32.1211382076926	32.1211382076926
476	32.21378524045616	32.21378524045616
477	32.314726827805536	32.314726827805536
478	32.40897849072858	32.40897849072858
479	32.52246898790085	32.52246898790085
480	32.61387730096987	32.61387730096987
481	32.72365364497757	32.72365364497757
482	32.820181292730325	32.820181292730325
483	32.93507034241766	32.93507034241766
484	33.026892347169714	33.026892347169714
485	33.13128091870625	33.13128091870625
486	33.20814820533424	33.20814820533424
487	33.31180709626666	33.31180709626666
488	33.39277396526193	33.39277396526193
489	33.4882984645058	33.4882984645058
490	33.566360524146	33.566360524146
491	33.65710252638105	33.65710252638105
492	33.71913865760325	33.71913865760325
493	33.807026791466065	33.807026791466065
494	33.87442337276488	33.87442337276488
495	33.960555184514924	33.960555184514924
496	34.03035701365035	34.03035701365035
497	34.11875087408377	34.11875087408377
498	34.182920940330746	34.182920940330746
499	34.2534017350249	34.2534017350249
500	34.29642776564871	34.29642776564871
501	34.35671914834291	34.35671914834291
502	34.40182420766138	34.40182420766138
503	34.44369593535912	34.44369593535912
504	34.47876260583116	34.47876260583116
505	34.517694443909676	34.517694443909676
506	34.549841422469434	34.549841422469434
507	34.578679333057366	34.578679333057366
508	34.618965396517055	34.618965396517055
509	34.66279135798692	34.66279135798692
510	34.707931976048805	34.707931976048805
511	34.74311414050488	34.74311414050488
512	34.794789685059264	34.794789685059264
513	34.84268055229956	34.84268055229956
514	34.911459203830674	34.911459203830674
515	34.957605731835336	34.957605731835336
516	35.01032934418036	35.01032934418036
517	35.04304178360049	35.04304178360049
518	35.08025993828619	35.08025993828619
519	35.10189947294835	35.10189947294835
520	35.14568440403245	35.14568440403245
521	35.185841053505804	35.185841053505804
522	35.238858597359325	35.238858597359325
523	35.27661447877343	35.27661447877343
524	35.322734960630825	35.322734960630825
525	35.35884282637334	35.35884282637334
526	35.41617870917203	35.41617870917203
527	35.463070985320265	35.463070985320265
528	35.53618806805022	35.53618806805022
529	35.58652245887354	35.58652245887354
530	35.656694211858735	35.656694211858735
531	35.697156368702196	35.697156368702196
532	35.746659568341556	35.746659568341556
533	35.77778356394777	35.77778356394777
534	35.8188998087469	35.8188998087469
535	35.83395340491694	35.83395340491694
536	35.85985088785281	35.85985088785281
537	35.868495497330144	35.868495497330144
538	35.90470362787171	35.90470362787171
539	35.91467440598817	35.91467440598817
540	35.93917339631961	35.93917339631961
541	35.93862665217365	35.93862665217365
542	35.953491186406644	35.953491186406644
543	35.95583160475042	35.95583160475042
544	35.96861223895614	35.96861223895614
545	35.98319554196585	35.98319554196585
546	36.000828163110796	36.000828163110796
547	36.02660187401061	36.02660187401061
548	36.05384341175647	36.05384341175647
549	36.068854616539	36.068854616539
550	36.08623356128267	36.08623356128267
551	36.110909770957	36.110909770957
552	36.131457839356585	36.131457839356585
553	36.16002264761013	36.16002264761013
554	36.17294397501276	36.17294397501276
555	36.18903117981924	36.18903117981924
556	36.19316141396949	36.19316141396949
557	36.197606781297345	36.197606781297345
558	36.18297246324986	36.18297246324986
559	36.17291462917392	36.17291462917392
560	36.144346410367625	36.144346410367625
561	36.128480473045016	36.128480473045016
562	36.10850984939254	36.10850984939254
563	36.1059237296694	36.1059237296694
564	36.07724422574524	36.07724422574524
565	36.06571886419287	36.06571886419287
566	36.03343499815889	36.03343499815889
567	36.01188959639595	36.01188959639595
568	35.97260957613653	35.97260957613653
569	35.961063975733026	35.961063975733026
570	35.925374658739784	35.925374658739784
571	35.9128462679427	35.9128462679427
572	35.87545249520862	35.87545249520862
573	35.85957256064178	35.85957256064178
574	35.82598188938947	35.82598188938947
575	35.807148046604006	35.807148046604006
576	35.76963330744361	35.76963330744361
577	35.75488492219522	35.75488492219522
578	35.725102132534644	35.725102132534644
579	35.72144300097886	35.72144300097886
580	35.69924713046557	35.69924713046557
581	35.691155438977134	35.691155438977134
582	35.677858027173464	35.677858027173464
583	35.67368656393731	35.67368656393731
584	35.65442395485148	35.65442395485148
585	35.64230194031267	35.64230194031267
586	35.632807322380394	35.632807322380394
587	35.62282692445966	35.62282692445966
588	35.606413830097054	35.606413830097054
589	35.59087545856685	35.59087545856685
590	35.57857002217161	35.57857002217161
591	35.5584987053134	35.5584987053134
592	35.52900330963494	35.52900330963494
593	35.482871063958214	35.482871063958214
594	35.44979850848682	35.44979850848682
595	35.4101442202631	35.4101442202631
596	35.37551168714021	35.37551168714021
597	35.32729432699073	35.32729432699073
598	35.30179512118744	35.30179512118744
599	35.26686271175061	35.26686271175061
600	35.24327570555188	35.24327570555188
601	35.20167926060267	35.20167926060267
602	35.17269475328216	35.17269475328216
603	35.13806709640041	35.13806709640041
604	35.12269267584864	35.12269267584864
605	35.088179241824726	35.088179241824726
606	35.06121795113764	35.06121795113764
607	35.01972566946655	35.01972566946655
608	35.00060383028144	35.00060383028144
609	34.96673177471113	34.96673177471113
610	34.9497401754443	34.9497401754443
611	34.912745755671814	34.912745755671814
612	34.89611693237764	34.89611693237764
613	34.860028320163266	34.860028320163266
614	34.848618543649344	34.848618543649344
615	34.819342826576715	34.819342826576715
616	34.8060471664814	34.8060471664814
617	34.77577842194063	34.77577842194063
618	34.75633544346402	34.75633544346402
619	34.72061604966148	34.72061604966148
620	34.690428980603656	34.690428980603656
621	34.65516451127931	34.65516451127931
622	34.63706183565613	34.63706183565613
623	34.60774225835157	34.60774225835157
624	34.583901438613736	34.583901438613736
625	34.555019491261	34.555019491261
626	34.53763196917895	34.53763196917895
627	34.52132579024367	34.52132579024367
628	34.50774850095507	34.50774850095507
629	34.489028105309096	34.489028105309096
630	34.4587840083934	34.4587840083934
631	34.431524922161984	34.431524922161984
632	34.40156281710985	34.40156281710985
633	34.36333587080665	34.36333587080665
634	34.31808625829532	34.31808625829532
635	34.28685402421211	34.28685402421211
636	34.243262782069536	34.243262782069536
637	34.19898121787849	34.19898121787849
638	34.16018238027522	34.16018238027522
639	34.12709493961353	34.12709493961353
640	34.091604661618426	34.091604661618426
641	34.07604924797617	34.07604924797617
642	34.0493833945501	34.0493833945501
643	34.03953299034994	34.03953299034994
644	34.01877483949536	34.01877483949536
645	34.019646895758484	34.019646895758484
646	34.01094899134997	34.01094899134997
647	34.01573289324784	34.01573289324784
648	34.00815165589875	34.00815165589875
649	34.01138725765858	34.01138725765858
650	33.99310488014991	33.99310488014991
651	33.99119557249199	33.99119557249199
652	33.964422476549395	33.964422476549395
653	33.957578914894746	33.957578914894746
654	33.945704736620286	33.945704736620286
655	33.94533289480354	33.94533289480354
656	33.926576530118695	33.926576530118695
657	33.93152997460734	33.93152997460734
658	33.92248141458346	33.92248141458346
659	33.94196984377909	33.94196984377909
660	33.949880393544674	33.949880393544674
661	33.969478279771124	33.969478279771124
662	33.97147409600437	33.97147409600437
663	33.98096197779613	33.98096197779613
664	33.98274875026592	33.98274875026592
665	33.99034664239435	33.99034664239435
666	33.99302149093985	33.99302149093985
667	33.9929750032721	33.9929750032721
668	33.98107867251645	33.98107867251645
669	33.961636352705106	33.961636352705106
670	33.94027140999497	33.94027140999497
671	33.92385604012439	33.92385604012439
672	33.91552891253504	33.91552891253504
673	33.907159595121605	33.907159595121605
674	33.89205899363934	33.89205899363934
675	33.87812483532616	33.87812483532616
676	33.874572739111066	33.874572739111066
677	33.85631285961554	33.85631285961554
678	33.841574350605725	33.841574350605725
679	33.81886982788122	33.81886982788122
680	33.827053862241236	33.827053862241236
681	33.82292763177263	33.82292763177263
682	33.845692829881386	33.845692829881386
683	33.854856859621876	33.854856859621876
684	33.88606677760088	33.88606677760088
685	33.90379465929118	33.90379465929118
686	33.939629423235175	33.939629423235175
687	33.950455758628166	33.950455758628166
688	33.98557177746958	33.98557177746958
689	34.00358251502129	34.00358251502129
690	34.044162552920554	34.044162552920554
691	34.067217488682	34.067217488682
692	34.10000753170633	34.10000753170633
693	34.1162073187632	34.1162073187632
694	34.14369356818783	34.14369356818783
695	34.154891620221804	34.154891620221804
696	34.17996947450139	34.17996947450139
697	34.19897163592667	34.19897163592667
698	34.222647320450406	34.222647320450406
699	34.22865127258969	34.22865127258969
700	34.23638623628922	34.23638623628922
701	34.23278015630086	34.23278015630086
702	34.23833784135107	34.23833784135107
703	34.243194698720345	34.243194698720345
704	34.2472202327737	34.2472202327737
705	34.255932303419264	34.255932303419264
706	34.2549477632237	34.2549477632237
707	34.26253268945959	34.26253268945959
708	34.2762783253797	34.2762783253797
709	34.29327482043582	34.29327482043582
710	34.308001233977286	34.308001233977286
711	34.32357153038341	34.32357153038341
712	34.333305519610086	34.333305519610086
713	34.34807812527851	34.34807812527851
714	34.3600604997546	34.3600604997546
715	34.390166457680806	34.390166457680806
716	34.410688297438575	34.410688297438575
717	34.44241536995968	34.44241536995968
718	34.45599300765307	34.45599300765307
719	34.47342333142087	34.47342333142087
720	34.47065180999876	34.47065180999876
721	34.487230677344776	34.487230677344776
722	34.487820836281315	34.487820836281315
723	34.50483411453485	34.50483411453485
724	34.520086613011514	34.520086613011514
725	34.55535002949195	34.55535002949195
726	34.57529871376467	34.57529871376467
727	34.60922223730828	34.60922223730828
728	34.610975959437866	34.610975959437866
729	34.62838820418973	34.62838820418973
730	34.623526495294556	34.623526495294556
731	34.63412904729764	34.63412904729764
732	34.6325127977389	34.6325127977389
733	34.65371402197382	34.65371402197382
734	34.673184462805985	34.673184462805985
735	34.710619273732405	34.710619273732405
736	34.73703622266037	34.73703622266037
737	34.77704764717988	34.77704764717988
738	34.81165488527979	34.81165488527979
739	34.86575477010189	34.86575477010189
740	34.90056107198747	34.90056107198747
741	34.94893205032397	34.94893205032397
742	34.99641868056531	34.99641868056531
743	35.041515661291584	35.041515661291584
744	35.07257638276463	35.07257638276463
745	35.10543816020638	35.10543816020638
746	35.12460998494591	35.12460998494591
747	35.14610074390949	35.14610074390949
748	35.161189711575716	35.161189711575716
749	35.175609828464815	35.175609828464815
750	35.17877995122315	35.17877995122315
751	35.1895675562036	35.1895675562036
752	35.21518636104814	35.21518636104814
753	35.237583067254754	35.237583067254754
754	35.27208154433228	35.27208154433228
755	35.29293581201141	35.29293581201141
756	35.32324662738182	35.32324662738182
757	35.3501628696378	35.3501628696378
758	35.39426524429621	35.39426524429621
759	35.42092486115954	35.42092486115954
760	35.462847321751525	35.462847321751525
761	35.49944974665179	35.49944974665179
762	35.548191521584364	35.548191521584364
763	35.57820478421509	35.57820478421509
764	35.631845870991505	35.631845870991505
765	35.66845736025212	35.66845736025212
766	35.71746370523469	35.71746370523469
767	35.74556329896051	35.74556329896051
768	35.78619999844554	35.78619999844554
769	35.799563958242175	35.799563958242175
770	35.82589549274226	35.82589549274226
771	35.8371788927697	35.8371788927697
772	35.85235079221283	35.85235079221283
773	35.849827184245285	35.849827184245285
774	35.86545341543606	35.86545341543606
775	35.86527581861628	35.86527581861628
776	35.88309586725241	35.88309586725241
777	35.90584271673781	35.90584271673781
778	35.941182880771194	35.941182880771194
779	35.96718250672447	35.96718250672447
780	35.99149646394745	35.99149646394745
781	35.989630696187774	35.989630696187774
782	35.99599792699118	35.99599792699118
783	35.99041082533018	35.99041082533018
784	35.97944897976201	35.97944897976201
785	35.95595400955149	35.95595400955149
786	35.93186950108937	35.93186950108937
787	35.89975464543841	35.89975464543841
788	35.8656417151363	35.8656417151363
789	35.84378964235579	35.84378964235579
790	35.82241828747641	35.82241828747641
791	35.79802715919439	35.79802715919439
792	35.76521333741843	35.76521333741843
793	35.73647890734259	35.73647890734259
794	35.691018157711554	35.691018157711554
795	35.672605259954686	35.672605259954686
796	35.651037134289375	35.651037134289375
797	35.631016889575264	35.631016889575264
798	35.59621048299609	35.59621048299609
799	35.572467337873306	35.572467337873306
800	35.525070164813556	35.525070164813556
801	35.48860105621701	35.48860105621701
802	35.44136971200939	35.44136971200939
803	35.41186838189605	35.41186838189605
804	35.36088171326026	35.36088171326026
805	35.3369451054542	35.3369451054542
806	35.30087526863366	35.30087526863366
807	35.2770623289829	35.2770623289829
808	35.2436038648923	35.2436038648923
809	35.22164125476283	35.22164125476283
810	35.18661143327012	35.18661143327012
811	35.15852152175123	35.15852152175123
812	35.127893054076644	35.127893054076644
813	35.115441607380724	35.115441607380724
814	35.082092210101926	35.082092210101926
815	35.07732779522776	35.07732779522776
816	35.06089398292936	35.06089398292936
817	35.05594105998064	35.05594105998064
818	35.036938882148526	35.036938882148526
819	35.024295702508134	35.024295702508134
820	35.01651405903736	35.01651405903736
821	35.020979173399716	35.020979173399716
822	35.01469411313833	35.01469411313833
823	35.023161190978975	35.023161190978975
824	35.031414003819876	35.031414003819876
825	35.03922465840358	35.03922465840358
826	35.03713314386698	35.03713314386698
827	35.045937935742764	35.045937935742764
828	35.0604266284068	35.0604266284068
829	35.07345385892035	35.07345385892035
830	35.10402748749488	35.10402748749488
831	35.130300892597404	35.130300892597404
832	35.15632140955154	35.15632140955154
833	35.1713010021985	35.1713010021985
834	35.19530714200755	35.19530714200755
835	35.21186943840673	35.21186943840673
836	35.2359693771169	35.2359693771169
837	35.24546153004936	35.24546153004936
838	35.274814739988855	35.274814739988855
839	35.288557836959384	35.288557836959384
840	35.312477982305346	35.312477982305346
841	35.33164476160698	35.33164476160698
842	35.364327743125514	35.364327743125514
843	35.386108354009345	35.386108354009345
844	35.43437122387598	35.43437122387598
845	35.47407604130293	35.47407604130293
846	35.53363191542237	35.53363191542237
847	35.57607365661737	35.57607365661737
848	35.628615559509505	35.628615559509505
849	35.68082099177996	35.68082099177996
850	35.74026854463006	35.74026854463006
851	35.78220860918204	35.78220860918204
852	35.84691302393229	35.84691302393229
853	35.89929891303189	35.89929891303189
854	35.96759674221559	35.96759674221559
855	36.026363825763305	36.026363825763305
856	36.10492205917253	36.10492205917253
857	36.1748297304197	36.1748297304197
858	36.26233252465855	36.26233252465855
859	36.33763954105166	36.33763954105166
860	36.42004561978692	36.42004561978692
861	36.5045817982569	36.5045817982569
862	36.594659922971	36.594659922971
863	36.678134581206756	36.678134581206756
864	36.76253081180444	36.76253081180444
865	36.84015287262587	36.84015287262587
866	36.90367222643872	36.90367222643872
867	36.964583719208335	36.964583719208335
868	37.02977276538776	37.02977276538776
869	37.095194603181696	37.095194603181696
870	37.15322499241709	37.15322499241709
871	37.21908759186481	37.21908759186481
872	37.2756882131087	37.2756882131087
873	37.33661131646961	37.33661131646961
874	37.382645015077834	37.382645015077834
875	37.43600697258562	37.43600697258562
876	37.48209756801552	37.48209756801552
877	37.53562461281674	37.53562461281674
878	37.5745414686128	37.5745414686128
879	37.630321976578294	37.630321976578294
880	37.68916580156778	37.68916580156778
881	37.75439670463187	37.75439670463187
882	37.803960400385016	37.803960400385016
883	37.87126781519423	37.87126781519423
884	37.93529760428022	37.93529760428022
885	38.00539451397101	38.00539451397101
886	38.064079212483634	38.064079212483634
887	38.126297558269634	38.126297558269634
888	38.185627536867145	38.185627536867145
889	38.250930570122826	38.250930570122826
890	38.32885300358391	38.32885300358391
891	38.40624777475671	38.40624777475671
892	38.477714416055115	38.477714416055115
893	38.55983589938659	38.55983589938659
894	38.632185817847144	38.632185817847144
895	38.707200841295624	38.707200841295624
896	38.78811374036465	38.78811374036465
897	38.87180265600427	38.87180265600427
898	38.94586719687271	38.94586719687271
899	39.01451981074864	39.01451981074864
900	39.08100291465074	39.08100291465074
901	39.143885657949	39.143885657949
902	39.21547996508243	39.21547996508243
903	39.287539971831755	39.287539971831755
904	39.34721548080053	39.34721548080053
905	39.410752318644576	39.410752318644576
906	39.477388293178606	39.477388293178606
907	39.544565470142345	39.544565470142345
908	39.60746976623169	39.60746976623169
909	39.65882720694715	39.65882720694715
910	39.71108785487955	39.71108785487955
911	39.76240468111802	39.76240468111802
912	39.812667775135544	39.812667775135544
913	39.862226633753735	39.862226633753735
914	39.93308979735383	39.93308979735383
915	39.99294367455019	39.99294367455019
916	40.06280871601393	40.06280871601393
917	40.11876031051131	40.11876031051131
918	40.17793384899427	40.17793384899427
919	40.211103343641675	40.211103343641675
920	40.254177834175096	40.254177834175096
921	40.293696757340726	40.293696757340726
922	40.35915452999513	40.35915452999513
923	40.42283643991319	40.42283643991319
924	40.49930745859745	40.49930745859745
925	40.55773075077839	40.55773075077839
926	40.612130946062685	40.612130946062685
927	40.66508401919111	40.66508401919111
928	40.723399545712155	40.723399545712155
929	40.77793791972592	40.77793791972592
930	40.83462590674567	40.83462590674567
931	40.87877382150613	40.87877382150613
932	40.94254787859661	40.94254787859661
933	41.01152359783891	41.01152359783891
934	41.09025476547395	41.09025476547395
935	41.165434979656695	41.165434979656695
936	41.25567638360147	41.25567638360147
937	41.3479849275047	41.3479849275047
938	41.43724631907659	41.43724631907659
939	41.514874226651116	41.514874226651116
940	41.59485529375503	41.59485529375503
941	41.672659683970664	41.672659683970664
942	41.7532649943206	41.7532649943206
943	41.83234012289534	41.83234012289534
944	41.89677387029967	41.89677387029967
945	41.95662399334599	41.95662399334599
946	42.026227101997655	42.026227101997655
947	42.09017325508185	42.09017325508185
948	42.13730742384854	42.13730742384854
949	42.19425026711548	42.19425026711548
950	42.23949188737097	42.23949188737097
951	42.29666971014451	42.29666971014451
952	42.36670428249618	42.36670428249618
953	42.446043088518586	42.446043088518586
954	42.515318556669456	42.515318556669456
955	42.5887321278108	42.5887321278108
956	42.65220073229295	42.65220073229295
957	42.71123849617261	42.71123849617261
958	42.76773964162458	42.76773964162458
959	42.829828797038246	42.829828797038246
960	42.877939665045915	42.877939665045915
961	42.93141541233625	42.93141541233625
962	42.975700965929185	42.975700965929185
963	43.02617023124816	43.02617023124816
964	43.0747880048693	43.0747880048693
965	43.137494346728815	43.137494346728815
966	43.18791595884503	43.18791595884503
967	43.23232350716236	43.23232350716236
968	43.27687704449443	43.27687704449443
969	43.33750527934181	43.33750527934181
970	43.38059438344254	43.38059438344254
971	43.42856476574136	43.42856476574136
972	43.462577401546646	43.462577401546646
973	43.49133163282537	43.49133163282537
974	43.52628886167294	43.52628886167294
975	43.586263821144705	43.586263821144705
976	43.63162855265685	43.63162855265685
977	43.70380523972166	43.70380523972166
978	43.77732176638559	43.77732176638559
979	43.85820857439282	43.85820857439282
980	43.94376269836261	43.94376269836261
981	44.04466387660878	44.04466387660878
982	44.14095893611328	44.14095893611328
983	44.22678256621349	44.22678256621349
984	44.29669996868767	44.29669996868767
985	44.367571389433635	44.367571389433635
986	44.43842047309387	44.43842047309387
987	44.51516159508937	44.51516159508937
988	44.58635749142607	44.58635749142607
989	44.6486453072624	44.6486453072624
990	44.70139097632632	44.70139097632632
991	44.748640528302296	44.748640528302296
992	44.804009084240825	44.804009084240825
993	44.861767428663576	44.861767428663576
994	44.92610400252034	44.92610400252034
995	45.00254159885312	45.00254159885312
996	45.07980664559858	45.07980664559858
997	45.14430866252168	45.14430866252168
998	45.20995068840944	45.20995068840944
999	45.26755826920313	45.26755826920313
1000	45.313835825621	45.313835825621
1001	45.33382366461254	45.33382366461254
1002	45.36378445817773	45.36378445817773
1003	45.382046432230915	45.382046432230915
1004	45.40787758965797	45.40787758965797
1005	45.41920261427909	45.41920261427909
1006	45.42771739956439	45.42771739956439
1007	45.43820235724074	45.43820235724074
1008	45.46158834416801	45.46158834416801
1009	45.45140050563554	45.45140050563554
1010	45.439317247726464	45.439317247726464
1011	45.4196282971327	45.4196282971327
1012	45.40303620806482	45.40303620806482
1013	45.3798617519607	45.3798617519607
1014	45.35834816320285	45.35834816320285
1015	45.338852705457306	45.338852705457306
1016	45.314512502934875	45.314512502934875
1017	45.28946872477211	45.28946872477211
1018	45.26299674974493	45.26299674974493
1019	45.23201681298903	45.23201681298903
1020	45.20968121513275	45.20968121513275
1021	45.196558427041346	45.196558427041346
1022	45.16540083487088	45.16540083487088
1023	45.15284257507982	45.15284257507982
1024	45.15360918728706	45.15360918728706
1025	45.14129878287579	45.14129878287579
1026	45.12532123437828	45.12532123437828
1027	45.105503262916834	45.105503262916834
1028	45.08534907006962	45.08534907006962
1029	45.07404161735725	45.07404161735725
1030	45.047201685854645	45.047201685854645
1031	45.03063665581034	45.03063665581034
1032	45.024755741926	45.024755741926
1033	45.01458106219373	45.01458106219373
1034	45.01520469637278	45.01520469637278
1035	45.02272619519556	45.02272619519556
1036	45.0358496926705	45.0358496926705
1037	45.0456792595061	45.0456792595061
1038	45.06763889637588	45.06763889637588
1039	45.10117853100242	45.10117853100242
1040	45.14301521303077	45.14301521303077
1041	45.18279721222342	45.18279721222342
1042	45.21837978440277	45.21837978440277
1043	45.25491354097427	45.25491354097427
1044	45.28119330904861	45.28119330904861
1045	45.315523387730515	45.315523387730515
1046	45.33990873820713	45.33990873820713
1047	45.37028726302531	45.37028726302531
1048	45.388032084384974	45.388032084384974
1049	45.415306007225205	45.415306007225205
1050	45.43096178987015	45.43096178987015
1051	45.45733162472009	45.45733162472009
1052	45.47197345796186	45.47197345796186
1053	45.49607306365231	45.49607306365231
1054	45.50628131345117	45.50628131345117
1055	45.51797869047519	45.51797869047519
1056	45.538201135556285	45.538201135556285
1057	45.56355778786326	45.56355778786326
1058	45.586023227167175	45.586023227167175
1059	45.60733738948451	45.60733738948451
1060	45.60576225765247	45.60576225765247
1061	45.60034295483896	45.60034295483896
1062	45.57696768794478	45.57696768794478
1063	45.55405594012666	45.55405594012666
1064	45.521373270938064	45.521373270938064
1065	45.47834141785624	45.47834141785624
1066	45.434357823655	45.434357823655
1067	45.39797653560727	45.39797653560727
1068	45.336393442640535	45.336393442640535
1069	45.28601820548411	45.28601820548411
1070	45.244502690106714	45.244502690106714
1071	45.20265798394527	45.20265798394527
1072	45.178521645383015	45.178521645383015
1073	45.154953707729554	45.154953707729554
1074	45.12595346903557	45.12595346903557
1075	45.086765047931806	45.086765047931806
1076	45.05661120386471	45.05661120386471
1077	45.019881231965535	45.019881231965535
1078	44.98777875827254	44.98777875827254
1079	44.95428120566612	44.95428120566612
1080	44.91947679811683	44.91947679811683
1081	44.882764416657146	44.882764416657146
1082	44.84378442305394	44.84378442305394
1083	44.811402978045656	44.811402978045656
1084	44.78285568630422	44.78285568630422
1085	44.747860824482935	44.747860824482935
1086	44.7145576190697	44.7145576190697
1087	44.68986686687953	44.68986686687953
1088	44.68091754604185	44.68091754604185
1089	44.67892755486874	44.67892755486874
1090	44.69753703652898	44.69753703652898
1091	44.7066622540837	44.7066622540837
1092	44.72632738261291	44.72632738261291
1093	44.75944126042725	44.75944126042725
1094	44.80677880624872	44.80677880624872
1095	44.84193081669728	44.84193081669728
1096	44.90037670841974	44.90037670841974
1097	44.94793895948598	44.94793895948598
1098	44.99276953654687	44.99276953654687
1099	45.0352534714978	45.0352534714978
1100	45.07384285255179	45.07384285255179
1101	45.100914616288634	45.100914616288634
1102	45.12184504733568	45.12184504733568
1103	45.12173502319963	45.12173502319963
1104	45.11698390336436	45.11698390336436
1105	45.12419016318807	45.12419016318807
1106	45.139119324941475	45.139119324941475
1107	45.15484485324958	45.15484485324958
1108	45.18384880619673	45.18384880619673
1109	45.19986708299679	45.19986708299679
1110	45.22409951506661	45.22409951506661
1111	45.237477943523864	45.237477943523864
1112	45.269061516038704	45.269061516038704
1113	45.286836189816256	45.286836189816256
1114	45.31203392776785	45.31203392776785
1115	45.335132365692935	45.335132365692935
1116	45.34618281347702	45.34618281347702
1117	45.33684698409015	45.33684698409015
1118	45.319693772959184	45.319693772959184
1119	45.30450303950932	45.30450303950932
1120	45.290142016502344	45.290142016502344
1121	45.287564350534964	45.287564350534964
1122	45.28221970316919	45.28221970316919
1123	45.29801100305	45.29801100305
1124	45.3270106326928	45.3270106326928
1125	45.385420824731874	45.385420824731874
1126	45.447731278926284	45.447731278926284
1127	45.53214054732186	45.53214054732186
1128	45.61588029373091	45.61588029373091
1129	45.70780078577963	45.70780078577963
1130	45.787360340101294	45.787360340101294
1131	45.874653566302875	45.874653566302875
1132	45.970564722462434	45.970564722462434
1133	46.06078122580781	46.06078122580781
1134	46.1529661564096	46.1529661564096
1135	46.25232709182072	46.25232709182072
1136	46.31917276251273	46.31917276251273
1137	46.3828623712335	46.3828623712335
1138	46.426934911217735	46.426934911217735
1139	46.482945709687996	46.482945709687996
1140	46.52889241913905	46.52889241913905
1141	46.59168820409591	46.59168820409591
1142	46.66072227371109	46.66072227371109
1143	46.73169657411445	46.73169657411445
1144	46.78878880602409	46.78878880602409
1145	46.849054855916286	46.849054855916286
1146	46.8961002730563	46.8961002730563
1147	46.95309426695101	46.95309426695101
1148	46.99876381838695	46.99876381838695
1149	47.04142658496082	47.04142658496082
1150	47.08789084094187	47.08789084094187
1151	47.15178623284655	47.15178623284655
1152	47.20546790406047	47.20546790406047
1153	47.262741636321095	47.262741636321095
1154	47.325535330470785	47.325535330470785
1155	47.38255907643527	47.38255907643527
1156	47.4313308499154	47.4313308499154
1157	47.4706072213613	47.4706072213613
1158	47.50958341873044	47.50958341873044
1159	47.553227025897115	47.553227025897115
1160	47.58456416015781	47.58456416015781
1161	47.62160922187298	47.62160922187298
1162	47.667533306897596	47.667533306897596
1163	47.705899215896096	47.705899215896096
1164	47.747188117773554	47.747188117773554
1165	47.77723146445729	47.77723146445729
1166	47.805866932021715	47.805866932021715
1167	47.842140527885846	47.842140527885846
1168	47.89459953959376	47.89459953959376
1169	47.929050898954856	47.929050898954856
1170	47.969995444323345	47.969995444323345
1171	47.9933349548396	47.9933349548396
1172	48.00557890041579	48.00557890041579
1173	48.01395422323478	48.01395422323478
1174	48.039601296835336	48.039601296835336
1175	48.06848830441778	48.06848830441778
1176	48.09893558256042	48.09893558256042
1177	48.124458311687675	48.124458311687675
1178	48.16044977354368	48.16044977354368
1179	48.20770864187254	48.20770864187254
1180	48.26387819656436	48.26387819656436
1181	48.324615426576884	48.324615426576884
1182	48.385525801408306	48.385525801408306
1183	48.447302032245524	48.447302032245524
1184	48.52387883460663	48.52387883460663
1185	48.60837055585326	48.60837055585326
1186	48.72063870362588	48.72063870362588
1187	48.82492808910334	48.82492808910334
1188	48.92814213942668	48.92814213942668
1189	49.021135200596056	49.021135200596056
1190	49.1223665757294	49.1223665757294
1191	49.22739808141623	49.22739808141623
1192	49.33995139091389	49.33995139091389
1193	49.45579778394699	49.45579778394699
1194	49.583376409595715	49.583376409595715
1195	49.709289063849674	49.709289063849674
1196	49.833987924711565	49.833987924711565
1197	49.95925686496765	49.95925686496765
1198	50.080556244597815	50.080556244597815
1199	50.19863850013481	50.19863850013481
1200	50.30430822196338	50.30430822196338
1201	50.41200760544339	50.41200760544339
1202	50.49980562572815	50.49980562572815
1203	50.602285004823344	50.602285004823344
1204	50.700159809740015	50.700159809740015
1205	50.79944642128595	50.79944642128595
1206	50.904717337745716	50.904717337745716
1207	51.00310042829525	51.00310042829525
1208	51.111740028541966	51.111740028541966
1209	51.20234066353487	51.20234066353487
1210	51.29295305522757	51.29295305522757
1211	51.37084198774018	51.37084198774018
1212	51.438158636912604	51.438158636912604
1213	51.49981663859564	51.49981663859564
1214	51.546043008918865	51.546043008918865
1215	51.59091418982561	51.59091418982561
1216	51.614320752164446	51.614320752164446
1217	51.642043914476176	51.642043914476176
1218	51.650501473083345	51.650501473083345
1219	51.668933107320875	51.668933107320875
1220	51.66321867384746	51.66321867384746
1221	51.661613027542344	51.661613027542344
1222	51.65746512981773	51.65746512981773
1223	51.67650821544262	51.67650821544262
1224	51.6721975888629	51.6721975888629
1225	51.687425209796835	51.687425209796835
1226	51.69237288823972	51.69237288823972
1227	51.72795974340465	51.72795974340465
1228	51.75101951377151	51.75101951377151
1229	51.78377077438432	51.78377077438432
1230	51.808378852737206	51.808378852737206
1231	51.84912160652724	51.84912160652724
1232	51.89038231544343	51.89038231544343
1233	51.93487643564809	51.93487643564809
1234	51.974324100936485	51.974324100936485
1235	52.02712903552046	52.02712903552046
1236	52.06595594680553	52.06595594680553
1237	52.12984719694084	52.12984719694084
1238	52.19607339779555	52.19607339779555
1239	52.27357964844261	52.27357964844261
1240	52.3442496623402	52.3442496623402
1241	52.43577411623079	52.43577411623079
1242	52.53348672815855	52.53348672815855
1243	52.619553184993194	52.619553184993194
1244	52.701034320511	52.701034320511
1245	52.777631479313634	52.777631479313634
1246	52.851347221156985	52.851347221156985
1247	52.93638817008437	52.93638817008437
1248	53.02236124056486	53.02236124056486
1249	53.095436584866334	53.095436584866334
1250	53.18107548665974	53.18107548665974
1251	53.26364556548022	53.26364556548022
1252	53.36350016593083	53.36350016593083
1253	53.47491592465696	53.47491592465696
1254	53.59523063646198	53.59523063646198
1255	53.705624345283404	53.705624345283404
1256	53.81038612804479	53.81038612804479
1257	53.888325750213625	53.888325750213625
1258	53.96708126703231	53.96708126703231
1259	54.043597776228964	54.043597776228964
1260	54.14228073415873	54.14228073415873
1261	54.24352449636353	54.24352449636353
1262	54.35350305383256	54.35350305383256
1263	54.46047442782939	54.46047442782939
1264	54.58670998151442	54.58670998151442
1265	54.70163380739876	54.70163380739876
1266	54.83877936769615	54.83877936769615
1267	54.938509890853474	54.938509890853474
1268	55.059216122314275	55.059216122314275
1269	55.180284668824285	55.180284668824285
1270	55.31924915709894	55.31924915709894
1271	55.44029076915033	55.44029076915033
1272	55.564813816955585	55.564813816955585
1273	55.66930813767731	55.66930813767731
1274	55.783072895610886	55.783072895610886
1275	55.8900274722296	55.8900274722296
1276	55.99879888247819	55.99879888247819
1277	56.095301161629564	56.095301161629564
1278	56.195842310329105	56.195842310329105
1279	56.27850131918571	56.27850131918571
1280	56.35441651134023	56.35441651134023
1281	56.43128848078721	56.43128848078721
1282	56.529053106949235	56.529053106949235
1283	56.60726685209426	56.60726685209426
1284	56.704442765403556	56.704442765403556
1285	56.78647307668423	56.78647307668423
1286	56.87427361657157	56.87427361657157
1287	56.95026250641692	56.95026250641692
1288	57.03604378207122	57.03604378207122
1289	57.10562827478797	57.10562827478797
1290	57.16314365457525	57.16314365457525
1291	57.21118205939194	57.21118205939194
1292	57.25679878842134	57.25679878842134
1293	57.30491218369383	57.30491218369383
1294	57.34531327078983	57.34531327078983
1295	57.3830188373492	57.3830188373492
1296	57.39805317590575	57.39805317590575
1297	57.433826168042174	57.433826168042174
1298	57.453560303482796	57.453560303482796
1299	57.46949339183635	57.46949339183635
1300	57.48817996960274	57.48817996960274
1301	57.51956475963282	57.51956475963282
1302	57.52988387841994	57.52988387841994
1303	57.55682784766901	57.55682784766901
1304	57.572711784961214	57.572711784961214
1305	57.605146748145856	57.605146748145856
1306	57.62105092587392	57.62105092587392
1307	57.62471464476681	57.62471464476681
1308	57.59609710086799	57.59609710086799
1309	57.59972427542894	57.59972427542894
1310	57.56882316492576	57.56882316492576
1311	57.54152050256046	57.54152050256046
1312	57.496764724912794	57.496764724912794
1313	57.47297877824928	57.47297877824928
1314	57.45119952262452	57.45119952262452
1315	57.451199037225365	57.451199037225365
1316	57.43108071415426	57.43108071415426
1317	57.43620777998486	57.43620777998486
1318	57.43038044177304	57.43038044177304
1319	57.447108268978305	57.447108268978305
1320	57.46489159761355	57.46489159761355
1321	57.49399904518701	57.49399904518701
1322	57.50309711107451	57.50309711107451
1323	57.53051869479923	57.53051869479923
1324	57.55255860262186	57.55255860262186
1325	57.550964305901275	57.550964305901275
1326	57.55871765874924	57.55871765874924
1327	57.554889549970376	57.554889549970376
1328	57.54696885515538	57.54696885515538
1329	57.53127659083923	57.53127659083923
1330	57.51584530855504	57.51584530855504
1331	57.48414935401699	57.48414935401699
1332	57.47846603438876	57.47846603438876
1333	57.465415383146706	57.465415383146706
1334	57.47304711098724	57.47304711098724
1335	57.4701269770688	57.4701269770688
1336	57.47480415025592	57.47480415025592
1337	57.45249518658841	57.45249518658841
1338	57.467019531727765	57.467019531727765
1339	57.45168984789102	57.45168984789102
1340	57.45008080929611	57.45008080929611
1341	57.43326424958273	57.43326424958273
1342	57.45108873528141	57.45108873528141
1343	57.42846896002938	57.42846896002938
1344	57.447048903013794	57.447048903013794
1345	57.43875203430374	57.43875203430374
1346	57.43860128817087	57.43860128817087
1347	57.39639663497002	57.39639663497002
1348	57.371069337199295	57.371069337199295
1349	57.345165701295116	57.345165701295116
1350	57.35479541436532	57.35479541436532
1351	57.32864645757698	57.32864645757698
1352	57.313887395269916	57.313887395269916
1353	57.29613371927381	57.29613371927381
1354	57.30636492156238	57.30636492156238
1355	57.29834669512147	57.29834669512147
1356	57.29930814279427	57.29930814279427
1357	57.28412962711234	57.28412962711234
1358	57.29566371311121	57.29566371311121
1359	57.304573961752155	57.304573961752155
1360	57.318668170856476	57.318668170856476
1361	57.31692554576043	57.31692554576043
1362	57.34686143243211	57.34686143243211
1363	57.36996979948195	57.36996979948195
1364	57.41702716876282	57.41702716876282
1365	57.46269733708691	57.46269733708691
1366	57.51904604871087	57.51904604871087
1367	57.587601253097986	57.587601253097986
1368	57.645898865841545	57.645898865841545
1369	57.68499749732392	57.68499749732392
1370	57.70017545793384	57.70017545793384
1371	57.7372103393972	57.7372103393972
1372	57.76463640740104	57.76463640740104
1373	57.81080643110177	57.81080643110177
1374	57.82515796341657	57.82515796341657
1375	57.868690415376136	57.868690415376136
1376	57.89924694482534	57.89924694482534
1377	57.949798928783935	57.949798928783935
1378	57.97077658192991	57.97077658192991
1379	58.02348597791372	58.02348597791372
1380	58.07200925874653	58.07200925874653
1381	58.13312672945641	58.13312672945641
1382	58.17212516560385	58.17212516560385
1383	58.243193940449686	58.243193940449686
1384	58.27737639430015	58.27737639430015
1385	58.32953915186668	58.32953915186668
1386	58.36667561799957	58.36667561799957
1387	58.41779051466714	58.41779051466714
1388	58.46185326574941	58.46185326574941
1389	58.52712079676476	58.52712079676476
1390	58.55518307061099	58.55518307061099
1391	58.59864870864785	58.59864870864785
1392	58.608272683812444	58.608272683812444
1393	58.64549066779159	58.64549066779159
1394	58.6619920845979	58.6619920845979
1395	58.704175344092285	58.704175344092285
1396	58.72749168381919	58.72749168381919
1397	58.78153206625592	58.78153206625592
1398	58.83365627438411	58.83365627438411
1399	58.897865277438854	58.897865277438854
1400	58.973758381047396	58.973758381047396
1401	59.04259560463703	59.04259560463703
1402	59.094360221390225	59.094360221390225
1403	59.1415764213355	59.1415764213355
1404	59.20805382325552	59.20805382325552
1405	59.29585354589349	59.29585354589349
1406	59.38045577722024	59.38045577722024
1407	59.466065777510956	59.466065777510956
1408	59.54550583435621	59.54550583435621
1409	59.6295327273012	59.6295327273012
1410	59.70959858094882	59.70959858094882
1411	59.780304093753124	59.780304093753124
1412	59.856206451436506	59.856206451436506
1413	59.90372426482261	59.90372426482261
1414	59.97230914658244	59.97230914658244
1415	60.000617763607536	60.000617763607536
1416	60.05088929461429	60.05088929461429
1417	60.0781346950723	60.0781346950723
1418	60.11958290922621	60.11958290922621
1419	60.13191433475633	60.13191433475633
1420	60.1629363314309	60.1629363314309
1421	60.158250195881166	60.158250195881166
1422	60.177460708839874	60.177460708839874
1423	60.16953408092057	60.16953408092057
1424	60.16665030120547	60.16665030120547
1425	60.123125275231864	60.123125275231864
1426	60.089931641503	60.089931641503
1427	60.01688813954813	60.01688813954813
1428	59.96277451021187	59.96277451021187
1429	59.881326146415624	59.881326146415624
1430	59.80234994563336	59.80234994563336
1431	59.68283330189071	59.68283330189071
1432	59.58041122877302	59.58041122877302
1433	59.478116117984776	59.478116117984776
1434	59.389331630418894	59.389331630418894
1435	59.28068479187186	59.28068479187186
1436	59.197153314376294	59.197153314376294
1437	59.08294026288388	59.08294026288388
1438	58.98319173074667	58.98319173074667
1439	58.878341985730486	58.878341985730486
1440	58.79562930449727	58.79562930449727
1441	58.70383293832548	58.70383293832548
1442	58.61964777492844	58.61964777492844
1443	58.509407513515285	58.509407513515285
1444	58.383280674682894	58.383280674682894
1445	58.276606154563034	58.276606154563034
1446	58.160313118507766	58.160313118507766
1447	58.07658863295241	58.07658863295241
1448	58.00713800995351	58.00713800995351
1449	57.97066256048383	57.97066256048383
1450	57.90968458841825	57.90968458841825
1451	57.852025061743724	57.852025061743724
1452	57.79217559155548	57.79217559155548
1453	57.743202499378214	57.743202499378214
1454	57.66531778944741	57.66531778944741
1455	57.605372660180386	57.605372660180386
1456	57.54691374539398	57.54691374539398
1457	57.52105705652163	57.52105705652163
1458	57.47129363869566	57.47129363869566
1459	57.44158551734545	57.44158551734545
1460	57.386963160228646	57.386963160228646
1461	57.34074802676675	57.34074802676675
1462	57.260494544316415	57.260494544316415
1463	57.21106190439744	57.21106190439744
1464	57.15027701740011	57.15027701740011
1465	57.117659307527596	57.117659307527596
1466	57.04977993234196	57.04977993234196
1467	57.01518603941325	57.01518603941325
1468	56.97072248321838	56.97072248321838
1469	56.95049246147469	56.95049246147469
1470	56.90124001680826	56.90124001680826
1471	56.86606474723044	56.86606474723044
1472	56.81636636614542	56.81636636614542
1473	56.77686207831832	56.77686207831832
1474	56.721102466969086	56.721102466969086
1475	56.68409922174153	56.68409922174153
1476	56.60884143477688	56.60884143477688
1477	56.54877520075321	56.54877520075321
1478	56.46976495343874	56.46976495343874
1479	56.392535054913814	56.392535054913814
1480	56.29126343264852	56.29126343264852
1481	56.19748044939503	56.19748044939503
1482	56.07627465943515	56.07627465943515
1483	55.982179082509674	55.982179082509674
1484	55.88801991261188	55.88801991261188
1485	55.78945590394956	55.78945590394956
1486	55.686488310150054	55.686488310150054
1487	55.59057067991492	55.59057067991492
1488	55.50593829969224	55.50593829969224
1489	55.39875479817717	55.39875479817717
1490	55.30523065384138	55.30523065384138
1491	55.196525069269356	55.196525069269356
1492	55.08301862719608	55.08301862719608
1493	54.965056658518876	54.965056658518876
1494	54.881136965662265	54.881136965662265
1495	54.779021436138684	54.779021436138684
1496	54.706972265593386	54.706972265593386
1497	54.62206251621862	54.62206251621862
1498	54.55769813996577	54.55769813996577
1499	54.49543593145496	54.49543593145496
1500	54.480809767607916	54.480809767607916
1501	54.46428626051454	54.46428626051454
1502	54.488482706300296	54.488482706300296
1503	54.49449154648258	54.49449154648258
1504	54.540768537993316	54.540768537993316
1505	54.543906981376864	54.543906981376864
1506	54.55720710116182	54.55720710116182
1507	54.526080213570346	54.526080213570346
1508	54.52630966499831	54.52630966499831
1509	54.49151901466885	54.49151901466885
1510	54.45269516583922	54.45269516583922
1511	54.38872964385397	54.38872964385397
1512	54.32131568382779	54.32131568382779
1513	54.24216367965184	54.24216367965184
1514	54.176603030916255	54.176603030916255
1515	54.09828226777426	54.09828226777426
1516	54.04155139794496	54.04155139794496
1517	53.956407172767975	53.956407172767975
1518	53.87213516290325	53.87213516290325
1519	53.76268098206889	53.76268098206889
1520	53.66383563925744	53.66383563925744
1521	53.539793302496044	53.539793302496044
1522	53.40302943411196	53.40302943411196
1523	53.243310901254226	53.243310901254226
1524	53.07480738160178	53.07480738160178
1525	52.89142396602831	52.89142396602831
1526	52.687854022843055	52.687854022843055
1527	52.48328611130418	52.48328611130418
1528	52.266040970314165	52.266040970314165
1529	52.057340835611576	52.057340835611576
1530	51.84603740616532	51.84603740616532
1531	51.64658397619483	51.64658397619483
1532	51.42804097592303	51.42804097592303
1533	51.24781567387214	51.24781567387214
1534	51.0461336349134	51.0461336349134
1535	50.87793316383876	50.87793316383876
1536	50.697837898249404	50.697837898249404
1537	50.54279674708735	50.54279674708735
1538	50.3507401169226	50.3507401169226
1539	50.197217777674965	50.197217777674965
1540	50.00580795070713	50.00580795070713
1541	49.835848326913386	49.835848326913386
1542	49.660051467209534	49.660051467209534
1543	49.512475787331596	49.512475787331596
1544	49.34391680715092	49.34391680715092
1545	49.24187635209684	49.24187635209684
1546	49.09297507979068	49.09297507979068
1547	48.98365472895147	48.98365472895147
1548	48.84513280181481	48.84513280181481
1549	48.72958919981544	48.72958919981544
1550	48.593892309963756	48.593892309963756
1551	48.48644964404484	48.48644964404484
1552	48.33544870545387	48.33544870545387
1553	48.22042655886685	48.22042655886685
1554	48.04649848241861	48.04649848241861
1555	47.902458439469534	47.902458439469534
1556	47.74560578064024	47.74560578064024
1557	47.61525236746883	47.61525236746883
1558	47.50991868493714	47.50991868493714
1559	47.416177410483535	47.416177410483535
1560	47.31614039895247	47.31614039895247
1561	47.2195815904034	47.2195815904034
1562	47.11622133387374	47.11622133387374
1563	47.0386036233094	47.0386036233094
1564	46.954846365120005	46.954846365120005
1565	46.870897502801725	46.870897502801725
1566	46.788638098606434	46.788638098606434
1567	46.70746758667696	46.70746758667696
1568	46.627178143877174	46.627178143877174
1569	46.5332981485429	46.5332981485429
1570	46.47090789761834	46.47090789761834
1571	46.42139341889382	46.42139341889382
1572	46.38673726179533	46.38673726179533
1573	46.32356081656535	46.32356081656535
1574	46.28636763232571	46.28636763232571
1575	46.23992813486764	46.23992813486764
1576	46.23316893732747	46.23316893732747
1577	46.19943938848009	46.19943938848009
1578	46.18280991397953	46.18280991397953
1579	46.15180811677243	46.15180811677243
1580	46.1511418544644	46.1511418544644
1581	46.13831835961106	46.13831835961106
1582	46.165379947634406	46.165379947634406
1583	46.17117241161282	46.17117241161282
1584	46.20961731106359	46.20961731106359
1585	46.21178402651642	46.21178402651642
1586	46.22978368119391	46.22978368119391
1587	46.19011052695869	46.19011052695869
1588	46.195692973357225	46.195692973357225
1589	46.16743937490612	46.16743937490612
1590	46.17730590661502	46.17730590661502
1591	46.13528489945439	46.13528489945439
1592	46.107977451348106	46.107977451348106
1593	46.0320332279799	46.0320332279799
1594	45.97032560724973	45.97032560724973
1595	45.89036311790109	45.89036311790109
1596	45.85426778640325	45.85426778640325
1597	45.77268831561385	45.77268831561385
1598	45.70985172073134	45.70985172073134
1599	45.64306950188223	45.64306950188223
1600	45.59188483464292	45.59188483464292
1601	45.53391692927219	45.53391692927219
1602	45.503148682293144	45.503148682293144
1603	45.44129538345034	45.44129538345034
1604	45.400294436570604	45.400294436570604
1605	45.341983722768504	45.341983722768504
1606	45.29856004971705	45.29856004971705
1607	45.265617658800124	45.265617658800124
1608	45.24292868913736	45.24292868913736
1609	45.24900969809097	45.24900969809097
1610	45.24662216938873	45.24662216938873
1611	45.232069555768064	45.232069555768064
1612	45.20617979349718	45.20617979349718
1613	45.19488290055173	45.19488290055173
1614	45.14214763017245	45.14214763017245
1615	45.11223632148267	45.11223632148267
1616	45.03762187547595	45.03762187547595
1617	45.0008694430897	45.0008694430897
1618	44.92889335057424	44.92889335057424
1619	44.878618141164594	44.878618141164594
1620	44.7957097707718	44.7957097707718
1621	44.75324507684043	44.75324507684043
1622	44.661675511396645	44.661675511396645
1623	44.59036406863186	44.59036406863186
1624	44.47933906753512	44.47933906753512
1625	44.393089207971926	44.393089207971926
1626	44.275701785735926	44.275701785735926
1627	44.18063181738329	44.18063181738329
1628	44.039081129771205	44.039081129771205
1629	43.919113452820184	43.919113452820184
1630	43.75480427084438	43.75480427084438
1631	43.65208932963686	43.65208932963686
1632	43.52311957899968	43.52311957899968
1633	43.44616472340938	43.44616472340938
1634	43.36425750437814	43.36425750437814
1635	43.3215453921199	43.3215453921199
1636	43.22831131077409	43.22831131077409
1637	43.178038363449446	43.178038363449446
1638	43.11413845815725	43.11413845815725
1639	43.08302936356971	43.08302936356971
1640	43.03228482190459	43.03228482190459
1641	42.96990183054014	42.96990183054014
1642	42.890003834721874	42.890003834721874
1643	42.813096257928095	42.813096257928095
1644	42.74659395322635	42.74659395322635
1645	42.701191795232866	42.701191795232866
1646	42.64762740824262	42.64762740824262
1647	42.60313687999054	42.60313687999054
1648	42.58563907815014	42.58563907815014
1649	42.580649237263636	42.580649237263636
1650	42.55097502083573	42.55097502083573
1651	42.530781904257616	42.530781904257616
1652	42.52722108676215	42.52722108676215
1653	42.5252829840364	42.5252829840364
1654	42.52355924350832	42.52355924350832
1655	42.498250018450136	42.498250018450136
1656	42.49821441925809	42.49821441925809
1657	42.51447549538796	42.51447549538796
1658	42.54368570354839	42.54368570354839
1659	42.537121915979434	42.537121915979434
1660	42.579637420122765	42.579637420122765
1661	42.568452248567	42.568452248567
1662	42.576183951734826	42.576183951734826
1663	42.538478007640215	42.538478007640215
1664	42.53796931896375	42.53796931896375
1665	42.51100942217533	42.51100942217533
1666	42.55449311070796	42.55449311070796
1667	42.52682167181349	42.52682167181349
1668	42.53460260984609	42.53460260984609
1669	42.507596191915695	42.507596191915695
1670	42.53505131941319	42.53505131941319
1671	42.546856642484435	42.546856642484435
1672	42.59216855696076	42.59216855696076
1673	42.615891229051	42.615891229051
1674	42.683391403456284	42.683391403456284
1675	42.72650349440441	42.72650349440441
1676	42.797616485356535	42.797616485356535
1677	42.83492423569078	42.83492423569078
1678	42.90101570906164	42.90101570906164
1679	42.944842380198935	42.944842380198935
1680	43.011953059253074	43.011953059253074
1681	43.040512635714244	43.040512635714244
1682	43.07928104386602	43.07928104386602
1683	43.10462494227805	43.10462494227805
1684	43.1391813824219	43.1391813824219
1685	43.170103494074944	43.170103494074944
1686	43.23421592631044	43.23421592631044
1687	43.30034852691428	43.30034852691428
1688	43.37866590907227	43.37866590907227
1689	43.44968814406347	43.44968814406347
1690	43.538379403578624	43.538379403578624
1691	43.61733151410375	43.61733151410375
1692	43.69347553376659	43.69347553376659
1693	43.793693315171474	43.793693315171474
1694	43.899050995462765	43.899050995462765
1695	44.01484598121281	44.01484598121281
1696	44.08801052813399	44.08801052813399
1697	44.187871442841164	44.187871442841164
1698	44.271522981716856	44.271522981716856
1699	44.37116977443039	44.37116977443039
1700	44.44490458450831	44.44490458450831
1701	44.54069294626771	44.54069294626771
1702	44.6466490107859	44.6466490107859
1703	44.77219534820364	44.77219534820364
1704	44.85884720265318	44.85884720265318
1705	44.991431068970826	44.991431068970826
1706	45.06229406130751	45.06229406130751
1707	45.17459961747621	45.17459961747621
1708	45.26249800896858	45.26249800896858
1709	45.40624961025842	45.40624961025842
1710	45.51561413040076	45.51561413040076
1711	45.67682509461199	45.67682509461199
1712	45.81701845538339	45.81701845538339
1713	46.023651035125724	46.023651035125724
1714	46.20646881605693	46.20646881605693
1715	46.42941443534121	46.42941443534121
1716	46.60608865106159	46.60608865106159
1717	46.83089740114311	46.83089740114311
1718	47.011415814516816	47.011415814516816
1719	47.22685599039895	47.22685599039895
1720	47.41400344756559	47.41400344756559
1721	47.61513816343282	47.61513816343282
1722	47.78812280467641	47.78812280467641
1723	47.975284061259664	47.975284061259664
1724	48.11456697528127	48.11456697528127
1725	48.27392189245932	48.27392189245932
1726	48.4025458108258	48.4025458108258
1727	48.56456464258791	48.56456464258791
1728	48.72292743640472	48.72292743640472
1729	48.84845617776105	48.84845617776105
1730	48.963682435403214	48.963682435403214
1731	49.05576105363217	49.05576105363217
1732	49.14548927024513	49.14548927024513
1733	49.245483827229926	49.245483827229926
1734	49.365106498461664	49.365106498461664
1735	49.467693205830614	49.467693205830614
1736	49.57931585249941	49.57931585249941
1737	49.65687136444575	49.65687136444575
1738	49.74434486888327	49.74434486888327
1739	49.79081610695809	49.79081610695809
1740	49.845960344081234	49.845960344081234
1741	49.876633273597534	49.876633273597534
1742	49.951018285150155	49.951018285150155
1743	49.99310441995013	49.99310441995013
1744	50.062801566662316	50.062801566662316
1745	50.125899642983946	50.125899642983946
1746	50.22887127353385	50.22887127353385
1747	50.302033484027696	50.302033484027696
1748	50.37833472459795	50.37833472459795
1749	50.406810794174405	50.406810794174405
1750	50.46851151391692	50.46851151391692
1751	50.49983656072101	50.49983656072101
1752	50.5971651088591	50.5971651088591
1753	50.65314011257393	50.65314011257393
1754	50.76633614263595	50.76633614263595
1755	50.83253499839359	50.83253499839359
1756	50.9257921585769	50.9257921585769
1757	50.98453666750286	50.98453666750286
1758	51.08292008638634	51.08292008638634
1759	51.151613602190565	51.151613602190565
1760	51.23344419033545	51.23344419033545
1761	51.24489884749523	51.24489884749523
1762	51.2739924903812	51.2739924903812
1763	51.27439123053133	51.27439123053133
1764	51.295175491253524	51.295175491253524
1765	51.31265792273131	51.31265792273131
1766	51.33676181373947	51.33676181373947
1767	51.30320302841072	51.30320302841072
1768	51.30956501449755	51.30956501449755
1769	51.31616764556963	51.31616764556963
1770	51.35478342975598	51.35478342975598
1771	51.38486328076875	51.38486328076875
1772	51.451789368758746	51.451789368758746
1773	51.50486828168662	51.50486828168662
1774	51.53708867509381	51.53708867509381
1775	51.57140365672991	51.57140365672991
1776	51.6124566434868	51.6124566434868
1777	51.67591116278009	51.67591116278009
1778	51.736852478168196	51.736852478168196
1779	51.79089851159136	51.79089851159136
1780	51.8306208493626	51.8306208493626
1781	51.90845010405924	51.90845010405924
1782	51.9532446784585	51.9532446784585
1783	52.03364035934427	52.03364035934427
1784	52.07833958735656	52.07833958735656
1785	52.12593037723316	52.12593037723316
1786	52.11199617288353	52.11199617288353
1787	52.12884177617766	52.12884177617766
1788	52.11997139498408	52.11997139498408
1789	52.16999146902477	52.16999146902477
1790	52.2044833793056	52.2044833793056
1791	52.293032098572056	52.293032098572056
1792	52.33266871520962	52.33266871520962
1793	52.43260949567143	52.43260949567143
1794	52.482706820903026	52.482706820903026
1795	52.61535328790057	52.61535328790057
1796	52.70948791022819	52.70948791022819
1797	52.850272289651286	52.850272289651286
1798	52.92276645613636	52.92276645613636
1799	53.04905183937592	53.04905183937592
1800	53.104902814621084	53.104902814621084
1801	53.21306319480322	53.21306319480322
1802	53.27017467500926	53.27017467500926
1803	53.38752024420411	53.38752024420411
1804	53.46925858107844	53.46925858107844
1805	53.58471953151033	53.58471953151033
1806	53.65640721521661	53.65640721521661
1807	53.72286694870929	53.72286694870929
1808	53.73178607945811	53.73178607945811
1809	53.75529357315777	53.75529357315777
1810	53.78980287509442	53.78980287509442
1811	53.830036872415235	53.830036872415235
1812	53.860242884975214	53.860242884975214
1813	53.879508272589305	53.879508272589305
1814	53.89211928661745	53.89211928661745
1815	53.900085251258176	53.900085251258176
1816	53.89345492576836	53.89345492576836
1817	53.84658803753956	53.84658803753956
1818	53.7762840824661	53.7762840824661
1819	53.68498411176833	53.68498411176833
1820	53.567009529973646	53.567009529973646
1821	53.409473125005114	53.409473125005114
1822	53.269049783650374	53.269049783650374
1823	53.09987699415278	53.09987699415278
1824	52.95733555139988	52.95733555139988
1825	52.804491493390245	52.804491493390245
1826	52.69676981516132	52.69676981516132
1827	52.58508065571972	52.58508065571972
1828	52.54644246936743	52.54644246936743
1829	52.46778431243765	52.46778431243765
1830	52.429587937865726	52.429587937865726
1831	52.336157100318644	52.336157100318644
1832	52.25850973364044	52.25850973364044
1833	52.12341432459003	52.12341432459003
1834	52.05703430336099	52.05703430336099
1835	51.94748824317317	51.94748824317317
1836	51.900808747135606	51.900808747135606
1837	51.80241860507711	51.80241860507711
1838	51.78101648523902	51.78101648523902
1839	51.742235201714365	51.742235201714365
1840	51.737937671858866	51.737937671858866
1841	51.63745581672312	51.63745581672312
1842	51.578773862622164	51.578773862622164
1843	51.48303895179474	51.48303895179474
1844	51.44977913765699	51.44977913765699
1845	51.42377949900337	51.42377949900337
1846	51.4394400856097	51.4394400856097
1847	51.45316670741598	51.45316670741598
1848	51.51426623623537	51.51426623623537
1849	51.5196769010172	51.5196769010172
1850	51.54410089366297	51.54410089366297
1851	51.547437111688225	51.547437111688225
1852	51.535948772272974	51.535948772272974
1853	51.528901292642516	51.528901292642516
1854	51.535112463800075	51.535112463800075
1855	51.54368756984928	51.54368756984928
1856	51.57565155795491	51.57565155795491
1857	51.63328115450442	51.63328115450442
1858	51.69796106734829	51.69796106734829
1859	51.7531103439524	51.7531103439524
1860	51.78038542936601	51.78038542936601
1861	51.84253402324491	51.84253402324491
1862	51.89672172264838	51.89672172264838
1863	51.995238087227015	51.995238087227015
1864	52.09163720168404	52.09163720168404
1865	52.23200319242296	52.23200319242296
1866	52.331845319324565	52.331845319324565
1867	52.47025270015675	52.47025270015675
1868	52.58781788028072	52.58781788028072
1869	52.75890317056252	52.75890317056252
1870	52.91680077514078	52.91680077514078
1871	53.106335241736055	53.106335241736055
1872	53.234709373008684	53.234709373008684
1873	53.40158152005311	53.40158152005311
1874	53.55515362699417	53.55515362699417
1875	53.778879518889006	53.778879518889006
1876	53.92978751104965	53.92978751104965
1877	54.134632604523425	54.134632604523425
1878	54.30907386714909	54.30907386714909
1879	54.50804061990114	54.50804061990114
1880	54.68417507325627	54.68417507325627
1881	54.91906161673846	54.91906161673846
1882	55.11942046730384	55.11942046730384
1883	55.36175885649466	55.36175885649466
1884	55.61120192366459	55.61120192366459
1885	55.907755015060566	55.907755015060566
1886	56.171573473828715	56.171573473828715
1887	56.472528387832305	56.472528387832305
1888	56.74394066252981	56.74394066252981
1889	57.046653771290885	57.046653771290885
1890	57.322874786815206	57.322874786815206
1891	57.60475925291993	57.60475925291993
1892	57.87006594505756	57.87006594505756
1893	58.14183168434312	58.14183168434312
1894	58.39518671785814	58.39518671785814
1895	58.68476977495923	58.68476977495923
1896	58.98931462802886	58.98931462802886
1897	59.30484855104305	59.30484855104305
1898	59.57735151094967	59.57735151094967
1899	59.849474040498656	59.849474040498656
1900	60.157088512391965	60.157088512391965
1901	60.47748759553371	60.47748759553371
1902	60.78147049755715	60.78147049755715
1903	61.04723090153357	61.04723090153357
1904	61.34721247821984	61.34721247821984
1905	61.60866089677606	61.60866089677606
1906	61.904642954413866	61.904642954413866
1907	62.16145571086698	62.16145571086698
1908	62.46166824494748	62.46166824494748
1909	62.74334560822569	62.74334560822569
1910	63.04194872218619	63.04194872218619
1911	63.286895473725586	63.286895473725586
1912	63.582512349621496	63.582512349621496
1913	63.86928149540545	63.86928149540545
1914	64.18037288337885	64.18037288337885
1915	64.44100939723322	64.44100939723322
1916	64.75275115813497	64.75275115813497
1917	65.02655932618582	65.02655932618582
1918	65.399673687996	65.399673687996
1919	65.72133633468125	65.72133633468125
1920	66.1126737154783	66.1126737154783
1921	66.43796399277153	66.43796399277153
1922	66.78847496395701	66.78847496395701
1923	67.08125326441298	67.08125326441298
1924	67.40046306675673	67.40046306675673
1925	67.69972989667488	67.69972989667488
1926	68.0732025416878	68.0732025416878
1927	68.41802160730346	68.41802160730346
1928	68.80964662153899	68.80964662153899
1929	69.20837565482691	69.20837565482691
1930	69.61091814998305	69.61091814998305
1931	69.96975620813369	69.96975620813369
1932	70.33117270293212	70.33117270293212
1933	70.65955687454665	70.65955687454665
1934	70.9864674197055	70.9864674197055
1935	71.29209198680614	71.29209198680614
1936	71.6317599262678	71.6317599262678
1937	71.95770683478965	71.95770683478965
1938	72.27771242169598	72.27771242169598
1939	72.5801825958662	72.5801825958662
1940	72.8768594009617	72.8768594009617
1941	73.17541904176888	73.17541904176888
1942	73.48457052823959	73.48457052823959
1943	73.84126774143708	73.84126774143708
1944	74.19040381773867	74.19040381773867
1945	74.55859596007579	74.55859596007579
1946	74.89030998285045	74.89030998285045
1947	75.24579764645709	75.24579764645709
1948	75.60393150924939	75.60393150924939
1949	75.98114860678268	75.98114860678268
1950	76.2938138546568	76.2938138546568
1951	76.64545863177072	76.64545863177072
1952	76.94557225497634	76.94557225497634
1953	77.27071230752287	77.27071230752287
1954	77.50870272198212	77.50870272198212
1955	77.78631719739785	77.78631719739785
1956	78.02860289728528	78.02860289728528
1957	78.30981497267616	78.30981497267616
1958	78.56428526553313	78.56428526553313
1959	78.88121909119593	78.88121909119593
1960	79.16800902261508	79.16800902261508
1961	79.53003269589469	79.53003269589469
1962	79.8469005692142	79.8469005692142
1963	80.14612413558918	80.14612413558918
1964	80.43134162616651	80.43134162616651
1965	80.77816400099638	80.77816400099638
1966	81.05051057307517	81.05051057307517
1967	81.36139511487808	81.36139511487808
1968	81.64693567302896	81.64693567302896
1969	82.02909492945844	82.02909492945844
1970	82.37755221136803	82.37755221136803
1971	82.76073565366328	82.76073565366328
1972	83.15606045100678	83.15606045100678
1973	83.61079362994327	83.61079362994327
1974	84.07382685907207	84.07382685907207
1975	84.56188276629358	84.56188276629358
1976	85.04430962164294	85.04430962164294
1977	85.55818894849165	85.55818894849165
1978	86.08402684942705	86.08402684942705
1979	86.60555380888518	86.60555380888518
1980	87.1196624481077	87.1196624481077
1981	87.618949342229	87.618949342229
1982	88.09268880859528	88.09268880859528
1983	88.5787040285789	88.5787040285789
1984	89.04649215537387	89.04649215537387
1985	89.47671591941375	89.47671591941375
1986	89.91752148358998	89.91752148358998
1987	90.32485577264401	90.32485577264401
1988	90.74292819293909	90.74292819293909
1989	91.10200382322634	91.10200382322634
1990	91.49880637739672	91.49880637739672
1991	91.88490373388609	91.88490373388609
1992	92.2688430416428	92.2688430416428
1993	92.64912839786913	92.64912839786913
1994	93.04308861793817	93.04308861793817
1995	93.35317807043249	93.35317807043249
1996	93.69349501136261	93.69349501136261
1997	93.9486014091872	93.9486014091872
1998	94.2242980629276	94.2242980629276
1999	94.48597333123124	94.48597333123124
2000	94.82892751977516	94.82892751977516
2001	95.14486202217584	95.14486202217584
2002	95.49370615219847	95.49370615219847
2003	95.71435440179448	95.71435440179448
2004	95.96174381305457	95.96174381305457
2005	96.14997831079943	96.14997831079943
2006	96.43565265192233	96.43565265192233
2007	96.76155892910738	96.76155892910738
2008	97.14344194815378	97.14344194815378
2009	97.43148974650695	97.43148974650695
2010	97.75604067505547	97.75604067505547
2011	98.046368967161	98.046368967161
2012	98.38340594470687	98.38340594470687
2013	98.69704738164688	98.69704738164688
2014	99.07553850744075	99.07553850744075
2015	99.43136710037359	99.43136710037359
2016	99.83292830454978	99.83292830454978
2017	100.26408872954744	100.26408872954744
2018	100.64840574492818	100.64840574492818
2019	101.02602910632966	101.02602910632966
2020	101.42438614481708	101.42438614481708
2021	101.82556118219341	101.82556118219341
2022	102.23867250528494	102.23867250528494
2023	102.65103065998103	102.65103065998103
2024	103.13079780714229	103.13079780714229
2025	103.62931699729432	103.62931699729432
2026	104.10080391957315	104.10080391957315
2027	104.56985423508391	104.56985423508391
2028	104.94616490516134	104.94616490516134
2029	105.41773376553309	105.41773376553309
2030	105.83718364057628	105.83718364057628
2031	106.27788997909175	106.27788997909175
2032	106.65415600747714	106.65415600747714
2033	107.0933397673852	107.0933397673852
2034	107.47673012830398	107.47673012830398
2035	107.89428418591046	107.89428418591046
2036	108.26005541433771	108.26005541433771
2037	108.67255134334147	108.67255134334147
2038	109.1048477627773	109.1048477627773
2039	109.63155188216665	109.63155188216665
2040	110.06925407651057	110.06925407651057
2041	110.57644216675084	110.57644216675084
2042	111.0242741150263	111.0242741150263
2043	111.452420978739	111.452420978739
2044	111.85184348776056	111.85184348776056
2045	112.32543158611065	112.32543158611065
2046	112.79921996021382	112.79921996021382
2047	113.27660881889862	113.27660881889862
2048	113.6475856947634	113.6475856947634
2049	114.04536481575006	114.04536481575006
2050	114.39387453800195	114.39387453800195
2051	114.750345884846	114.750345884846
2052	115.00907875101733	115.00907875101733
2053	115.32899093117923	115.32899093117923
2054	115.64781280507287	115.64781280507287
2055	116.05805797480542	116.05805797480542
2056	116.46723173174084	116.46723173174084
2057	116.92756253546473	116.92756253546473
2058	117.47725391558738	117.47725391558738
2059	117.93779981558342	117.93779981558342
2060	118.44141802544682	118.44141802544682
2061	118.95807826817946	118.95807826817946
2062	119.53845573371078	119.53845573371078
2063	120.182115605875	120.182115605875
2064	120.88154614537238	120.88154614537238
2065	121.54663125445512	121.54663125445512
2066	122.23541467927372	122.23541467927372
2067	122.84218419382015	122.84218419382015
2068	123.42679049312169	123.42679049312169
2069	124.06515713532687	124.06515713532687
2070	124.82097165372863	124.82097165372863
2071	125.52948985445518	125.52948985445518
2072	126.30884588604562	126.30884588604562
2073	127.10184527611122	127.10184527611122
2074	127.94833218928034	127.94833218928034
2075	128.77509346860575	128.77509346860575
2076	129.79640717587662	129.79640717587662
2077	130.74107403603597	130.74107403603597
2078	131.7659245328765	131.7659245328765
2079	132.73471236697333	132.73471236697333
2080	133.80918559516118	133.80918559516118
2081	134.83849625493443	134.83849625493443
2082	135.98304973477843	135.98304973477843
2083	137.10570590083753	137.10570590083753
2084	138.31381278376347	138.31381278376347
2085	139.40275873441163	139.40275873441163
2086	140.5618506173425	140.5618506173425
2087	141.63929203420437	141.63929203420437
2088	142.80095248370878	142.80095248370878
2089	143.976813704003	143.976813704003
2090	145.19501962632575	145.19501962632575
2091	146.3497872373909	146.3497872373909
2092	147.56395435451384	147.56395435451384
2093	148.8022778612734	148.8022778612734
2094	149.96557746560228	149.96557746560228
2095	151.02562629425447	151.02562629425447
2096	152.07897338448296	152.07897338448296
2097	153.1447910500237	153.1447910500237
2098	154.16442627588677	154.16442627588677
2099	155.18083476252022	155.18083476252022
2100	156.1068848582378	156.1068848582378
2101	157.04153745160966	157.04153745160966
2102	157.9914906563063	157.9914906563063
2103	159.00959077051735	159.00959077051735
2104	159.92521102571538	159.92521102571538
2105	160.87635700082006	160.87635700082006
2106	161.78862472840947	161.78862472840947
2107	162.76833022497854	162.76833022497854
2108	163.74074052188678	163.74074052188678
2109	164.78553743268955	164.78553743268955
2110	165.7848048061257	165.7848048061257
2111	166.91186907523974	166.91186907523974
2112	168.0236863782995	168.0236863782995
2113	169.1970169236801	169.1970169236801
2114	170.25070705790316	170.25070705790316
2115	171.4289191975318	171.4289191975318
2116	172.59323466723185	172.59323466723185
2117	173.94423215195476	173.94423215195476
2118	175.30998445778084	175.30998445778084
2119	176.83650546741634	176.83650546741634
2120	178.4119959517748	178.4119959517748
2121	179.96917774228723	179.96917774228723
2122	181.39535120963248	181.39535120963248
2123	182.8560230237085	182.8560230237085
2124	184.27354625395245	184.27354625395245
2125	185.7078487138162	185.7078487138162
2126	187.0674740990554	187.0674740990554
2127	188.48741637920912	188.48741637920912
2128	189.8802325977831	189.8802325977831
2129	191.36063641725022	191.36063641725022
2130	192.79185932323662	192.79185932323662
2131	194.07687064540696	194.07687064540696
2132	195.18254890686657	195.18254890686657
2133	196.20975319855543	196.20975319855543
2134	197.02974662549397	197.02974662549397
2135	197.8518122762194	197.8518122762194
2136	198.60380656559488	198.60380656559488
2137	199.26384391256875	199.26384391256875
2138	199.98116911377275	199.98116911377275
2139	200.63042558312293	200.63042558312293
2140	201.07021041611114	201.07021041611114
2141	201.53824523582742	201.53824523582742
2142	202.08314159153164	202.08314159153164
2143	202.73111922098062	202.73111922098062
2144	203.29658297425678	203.29658297425678
2145	203.71744281153136	203.71744281153136
2146	203.99611848135416	203.99611848135416
2147	203.9605981227131	203.9605981227131
2148	203.94309287423948	203.94309287423948
2149	203.85145815095478	203.85145815095478
2150	203.73108883561855	203.73108883561855
2151	203.76503476700327	203.76503476700327
2152	203.86970613718677	203.86970613718677
2153	203.9479456589172	203.9479456589172
2154	203.87073446630055	203.87073446630055
2155	203.64132460897406	203.64132460897406
2156	203.37397640339128	203.37397640339128
2157	203.0444992719566	203.0444992719566
2158	202.77586425688665	202.77586425688665
2159	202.45894154793666	202.45894154793666
2160	202.41865248662725	202.41865248662725
2161	202.4134949788664	202.4134949788664
2162	202.50712959668334	202.50712959668334
2163	202.66402671301444	202.66402671301444
2164	202.93893237851879	202.93893237851879
2165	203.16891777445304	203.16891777445304
2166	203.36268727979925	203.36268727979925
2167	203.4348342277502	203.4348342277502
2168	203.6039118874476	203.6039118874476
2169	203.7759051500855	203.7759051500855
2170	203.97291600420718	203.97291600420718
2171	204.2117049850879	204.2117049850879
2172	204.56727194167615	204.56727194167615
2173	205.0450439165728	205.0450439165728
2174	205.64519420850058	205.64519420850058
2175	206.21956298724763	206.21956298724763
2176	206.7517120885821	206.7517120885821
2177	207.14796397578493	207.14796397578493
2178	207.62549433569674	207.62549433569674
2179	208.17117593396915	208.17117593396915
2180	208.79055460917138	208.79055460917138
2181	209.43500710205194	209.43500710205194
2182	209.96336333746925	209.96336333746925
2183	210.49324259512423	210.49324259512423
2184	210.95371866610813	210.95371866610813
2185	211.66004260841385	211.66004260841385
2186	212.26432354976788	212.26432354976788
2187	212.92311755366975	212.92311755366975
2188	213.12493952032403	213.12493952032403
2189	213.3966514273724	213.3966514273724
2190	213.58544070799365	213.58544070799365
2191	213.4491490035867	213.4491490035867
2192	213.44276614691825	213.44276614691825
2193	213.16613279957625	213.16613279957625
2194	212.6430032742609	212.6430032742609
2195	212.51660254434097	212.51660254434097
2196	212.19925151275564	212.19925151275564
2197	212.2076826714623	212.2076826714623
2198	212.41598438308642	212.41598438308642
2199	212.7826222719707	212.7826222719707
2200	213.19536431340282	213.19536431340282
2201	213.90792161196578	213.90792161196578
2202	214.83028912111834	214.83028912111834
2203	215.91390843785985	215.91390843785985
2204	216.37884987040246	216.37884987040246
2205	217.345469503783	217.345469503783
2206	218.13491888241597	218.13491888241597
2207	219.03254154035412	219.03254154035412
2208	219.76881637542562	219.76881637542562
2209	220.4404415840181	220.4404415840181
2210	221.08572458227596	221.08572458227596
2211	221.588873589297	221.588873589297
2212	221.68893373956	221.68893373956
2213	221.35181584927207	221.35181584927207
2214	221.0182201235467	221.0182201235467
2215	220.95928955254678	220.95928955254678
2216	221.1404056146019	221.1404056146019
2217	221.18698834949768	221.18698834949768
2218	221.2742954660384	221.2742954660384
2219	221.36614539153987	221.36614539153987
2220	221.4630248172233	221.4630248172233
2221	222.06997920695449	222.06997920695449
2222	222.98042535929554	222.98042535929554
2223	224.13000413069736	224.13000413069736
2224	225.09000163220875	225.09000163220875
2225	226.23570032752227	226.23570032752227
2226	227.0939093940214	227.0939093940214
2227	228.84393847036904	228.84393847036904
2228	230.07734682383642	230.07734682383642
2229	231.08981040680453	231.08981040680453
2230	232.065105715014	232.065105715014
2231	233.42342188480356	233.42342188480356
2232	234.5251574634904	234.5251574634904
2233	235.49498682324563	235.49498682324563
2234	237.36235134123282	237.36235134123282
2235	238.22431209309477	238.22431209309477
2236	239.07739554372475	239.07739554372475
2237	239.73814952529435	239.73814952529435
2238	240.66359377591755	240.66359377591755
2239	241.42889714615984	241.42889714615984
2240	241.69793502724042	241.69793502724042
2241	242.2284203149448	242.2284203149448
2242	241.76935731591638	241.76935731591638
2243	239.12201843590614	239.12201843590614
2244	237.0270505081118	237.0270505081118
2245	235.4836757710256	235.4836757710256
2246	235.45940291828987	235.45940291828987
2247	234.02533613433982	234.02533613433982
2248	231.90299543054994	231.90299543054994
2249	233.6437209958533	233.6437209958533
2250	238.61866158062807	238.61866158062807
2251	242.19670062381562	242.19670062381562
2252	243.05839784051972	243.05839784051972
